0.161
0.152771
0.155
0.202899
0.111333
0.144855
0.154691
0.194403
0.011994
0.185222
0.151848
0.18041
0.1675
0.179
0.148
0.138362
0.00599401
0.174413
0.123377
0.176559
0.161919
0.128936
0.177911
0.130305
0.0105
0.129371
0.176912
0.130869
0.166417
0.170829
0.1125
0.15519
0.136296
0.16092
0.151848
0.143214
0.0215
0.120879
0.1565
0.131
0.1505
0.145355
0.0215
0.1865
0.187
0.16092
0.121939
0.137
0.17941
0.0125
0.147
0.175237
0.1525
0.166
0.01
0.197204
0.192404
0.0989505
0.142358
0.172827
0.192904
0.178821
0.005
0.195804
0.205897
0.128436
0.138931
0.1765
0.168663
0.164
0.1785
0.151349
0.172328
0.212394
0.16409
0.172414
0.1405
0.130935
0.158
0.176559
0.187219
0.164
0.161838
0.130935
0.106947
0.149351
0.211394
0.1605
0.1375
0.142287
0.194306
0.1355
0.182817
0.00899101
0.172
0.012
0.167333
0.153846
0.0174913
0.177411
0.0569431
0.178411
0.209186
0.125874
0.189216
0.155
0.137
0.154
0.174
0.137
0.150925
0.0705
0.149425
0.1005
0.160599
0.18041
0.1985
0.2005
0.175325
0.130869
0.163
0.1465
0.194903
0.17973
0.17
0.153846
0.175237
0.0509745
0.111944
0.21
0.189216
0.178911
0.16002
0.0125
0.164
0.198401
0.133799
0.0565
0.1525
0.163
0.1915
0.151848
0.207396
0.0434783
0.164418
0.014
0.2004
0.1915
0.1585
0.170829
0.158
0.187906
0.172914
0.1895
0.0129935
0.161419
0.148851
0.111832
0.149925
0.145927
0.008
0.154
0.188
0.1675
0.178322
0.1175
0.0089955
0.1765
0.0174913
0.181909
0.113
0.1185
0.134933
0.146427
0.119381
0.0595
0.138931
0.112388
0.127
0.17991
0.102
0.155
0.171243
0.1205
0.0955
0.1845
0.185
0.1995
0.147
0.074
0.15992
0.1615
0.168663
0.1695
0.181818
0.1815
0.164
0.1155
0.181
0.2004
0.194
0.159
0.186314
0.1315
0.141787
0.119381
0.186
0.142
0.1675
0.134933
0.196402
0.186407
0.1795
0.128678
0.178732
0.1955
0.00449775
0.157842
0.164918
0.173
0.043
0.035964
0.1865
0.150275
0.1675
0.166
0.0904548
0.005
0.199
0.1765
0.1705
0.170659
0.1105
0.186907
0.112388
0.01
0.177822
0.151697
0.033
0.163
0.1825
0.173826
0.011
0.0194805
0.1335
0.0069965
0.174413
0.035
0.1385
0.1335
0.118441
0.1685
0.152695
0.181
0.1195
0.186128
0.142857
0.191924
0.168831
0.17033
0.164336
0.188218
0.184316
0.1825
0.0949051
0.119
0.135
0.099
0.168
0.182409
0.155922
0.142857
0.1475
0.156422
0.152348
0.175912
0.007
0.175
0.1925
0.148426
0.164
0.019
0.178911
0.15942
0.0135
0.2245
0.039
0.127373
0.17941
0.1935
0.184723
0.1355
0.149775
0.1155
0.1999
0.174413
0.143428
0.146427
0.148851
0.182817
0.1695
0.174
0.167333
0.142
0.129935
0.0255
0.161419
0.1505
0.169415
0.132434
0.127
0.211788
0.1775
0.1675
0.189715
0.1255
0.151349
0.15992
0.183
0.149775
0.162419
0.167333
0.1415
0.157421
0.1615
0.1805
0.168332
0.0365
0.18041
0.0114943
0.103345
0.166833
0.1345
0.175325
0.119381
0.1885
0.211394
0.212182
0.1575
0.181
0.207
0.148
0.168248
0.137
0.156422
0.1695
0.203898
0.168416
0.151
0.014
0.01
0.0255
0.1815
0.153693
0.12987
0.143428
0.201899
0.1575
0.0314843
0.1805
0.181
0.143928
0.15942
0.0943114
0.173913
0.162675
0.133933
0.17941
0.182227
0.174
0.195
0.1335
0.167
0.11988
0.1675
0.147426
0.146927
0.009
0.154269
0.116825
0.13979
0.168332
0.170915
0.1605
0.0194903
0.103345
0.206793
0.135432
0.173
0.1375
0.156422
0.123814
0.011
0.128308
0.168416
0.153
0.186407
0.033
0.174413
0.182409
0.141787
0.0984508
0.103
0.153693
0.164
0.144
0.197901
0.162
0.158
0.170915
0.178411
0.033
0.155345
0.0799201
0.18091
0.150275
0.112388
0.0495
0.00599401
0.1765
0.138931
0.155422
0.178732
0.158921
0.176647
0.154845
0.1575
0.189216
0.142
0.194903
0.008
0.1005
0.0289421
0.131
0.0989505
0.1565
0.181138
0.1895
0.122378
0.155
0.170915
0.131868
0.161419
0.198401
0.1125
0.02997
0.1655
0.0703944
0.1875
0.128936
0.177411
0.129935
0.172741
0.173913
0.0145
0.154
0.133799
0.19
0.0585
0.197303
0.1575
0.142929
0.176559
0.0659011
0.004
0.167916
0.171414
0.037
0.188124
0.195305
0.1475
0.1285
0.146281
0.170915
0.143
0.00899101
0.197901
0.207
0.003998
0.1805
0.191
0.1885
0.164418
0.1725
0.179321
0.1795
0.0194903
0.178411
0.156422
0.1555
0.123
0.174413
0.205794
0.051
0.0269865
0.01
0.130935
0.1475
0.1935
0.154
0.048951
0.188
0.138
0.15327
0.134865
0.176412
0.1885
0.185222
0.1555
0.195902
0.194903
0.0125
0.186128
0.1445
0.135432
0.154
0.1915
0.124938
0.142358
0.215
0.1875
0.1925
0.1375
0.173327
0.1975
0.195305
0.176
0.188218
0.165834
0.131369
0.19
0.177911
0.130935
0.175237
0.136863
0.130935
0.134798
0.170659
0.183724
0.1285
0.157264
0.1825
0.046
0.164
0.2175
0.0089955
0.145
0.135432
0.126937
0.151349
0.137931
0.1505
0.136863
0.193709
0.179
0.120879
0.2009
0.1405
0.1845
0.206397
0.013993
0.164918
0.123253
0.170915
0.152348
0.186907
0.176912
0.171
0.1515
0.1695
0.164418
0.176912
0.146853
0.151
0.194403
0.011988
0.167249
0.18
0.0985
0.116825
0.1795
0.1805
0.193
0.147
0.176
0.1295
0.176823
0.165917
0.0134933
0.174913
0.1655
0.0114828
0.146853
0.182817
0.166833
0.105289
0.1875
0.158
0.178732
0.152424
0.188906
0.162
0.154
0.181909
0.164418
0.018
0.176324
0.148426
0.153
0.0839161
0.170915
0.013979
0.15
0.128936
0.151848
0.1645
0.0969515
0.1415
0.117882
0.168
0.185407
0.095357
0.194708
0.1685
0.1575
0.149276
0.186407
0.151924
0.0085
0.111
0.132434
0.202
0.158
0.165
0.1555
0.12038
0.11
0.162837
0.179231
0.1945
0.11944
0.00949525
0.118263
0.112388
0.174413
0.127
0.149425
0.188
0.165
0.150925
0.144855
0.004
0.151924
0.166667
0.0535
0.178
0.174413
0.1575
0.167916
0.1575
0.153923
0.1415
0.2245
0.150925
0.173
0.146
0.1005
0.168
0.117
0.181
0.1825
0.0184908
0.173
0.1395
0.16
0.17
0.181909
0.119
0.1635
0.01999
0.173913
0.182409
0.013979
0.171
0.177323
0.183
0.165
0.17941
0.166417
0.127309
0.1475
0.16
0.166584
0.124376
0.145927
0.15
0.182409
0.0149775
0.1985
0.0055
0.211394
0.1265
0.13943
0.147926
0.131868
0.148
0.1795
0.0235
0.134299
0.214893
0.207396
0.211
0.011988
0.1705
0.15942
0.179
0.175561
0.162919
0.177411
0.191
0.155844
0.0089955
0.125437
0.177
0.121439
0.131
0.142
0.113
0.192904
0.128936
0.007
0.1335
0.181637
0.121939
0.0693959
0.169
0.142
0.162338
0.1465
0.163918
0.17941
0.1655
0.1845
0.1455
0.1375
0.007
0.1325
0.138931
0.1955
0.1615
0.192
0.1385
0.1515
0.164336
0.048951
0.175912
0.00899101
0.150925
0.1795
0.167416
0.0269865
0.1745
0.119
0.149
0.187
0.1845
0.1485
0.17941
0.145355
0.189216
0.177911
0.189715
0.1525
0.178322
0.117
0.131238
0.185
0.1615
0.1925
0.194708
0.192
0.142
0.147926
0.153693
0.22
0.011988
0.143428
0.00649675
0.1765
0.15519
0.135864
0.186
0.192
0.1175
0.1595
0.191404
0.18041
0.1465
0.124938
0.185
0.099
0.00549451
0.174413
0.186
0.0735
0.196
0.041979
0.00449775
0.206793
0.211
0.108
0.143928
0.143
0.00999001
0.0194903
0.166417
0.0635
0.200399
0.018981
0.159
0.147926
0.207
0.177411
0.158263
0.176912
0.134798
0.203
0.178821
0.201899
0.11
0.1605
0.1625
0.135729
0.14414
0.178322
0.1785
0.0104895
0.0294853
0.157264
0.157842
0.142287
0.1545
0.19
0.172414
0.159601
0.151349
0.0065
0.150275
0.1505
0.155
0.16092
0.048951
0.168
0.0185
0.214
0.148
0.10989
0.167416
0.0065
0.191904
0.1945
0.0949051
0.143285
0.013979
0.161419
0.177323
0.013993
0.099
0.187531
0.1975
0.171414
0.155922
0.189905
0.124938
0.115385
0.155922
0.156687
0.170915
0.192904
0.136296
0.176
0.127373
0.141429
0.167916
0.051
0.1815
0.150425
0.207896
0.011988
0.163918
0.137
0.0924538
0.15327
0.157421
0.132434
0.129935
0.147926
0.172328
0.00649675
0.167
0.191404
0.191404
0.0269865
0.176324
0.137
0.163754
0.011994
0.142
0.0949051
0.177
0.174651
0.0535
0.144
0.11
0.142429
0.207
0.166833
0.166833
0.0284858
0.164336
0.124
0.143
0.1475
0.1495
0.158
0.0379431
0.167416
0.172827
0.185907
0.146927
0.043
0.0495
0.174825
0.131
0.168831
0.1515
0.0385
0.171243
0.18091
0.123876
0.173913
0.155
0.183
0.124438
0.149276
0.051
0.131868
0.0085
0.167416
0.185814
0.15327
0.183724
0.15035
0.166
0.178821
0.0104895
0.162
0.122378
0.181909
0.172414
0.147926
0.147206
0.151
0.097354
0.155345
0.197901
0.153693
0.116326
0.153693
0.137931
0.195305
0.00599401
0.166917
0.1565
0.1785
0.191904
0.0235
0.0355
0.144284
0.162419
0.155
0.166
0.17016
0.0049975
0.139
0.0703944
0.178322
0.183408
0.189715
0.017991
0.203694
0.165417
0.143713
0.161419
0.157
0.154269
0.171414
0.214
0.1365
0.0693959
0.130869
0.182817
0.127309
0.16092
0.197303
0.134
0.1675
0.164418
0.17033
0.209186
0.1425
0.00599401
0.1455
0.1455
0.2015
0.1575
0.1745
0.106
0.15984
0.211
0.175237
0.163673
0.143428
0.172914
0.1615
0.154423
0.163754
0.171243
0.14985
0.155
0.199301
0.182
0.1195
0.1155
0.018981
0.1705
0.178911
0.00799201
0.148926
0.130435
0.205192
0.157421
0.209
0.151
0.167832
0.1105
0.167748
0.167
0.1335
0.0104895
0.166667
0.00899101
0.150925
0.162257
0.162837
0.203
0.181909
0.142
0.154423
0.145927
0.051
0.174326
0.125437
0.166584
0.184
0.169415
0.00899101
0.158921
0.159261
0.173413
0.157
0.165834
0.131934
0.17941
0.1525
0.165
0.011
0.1125
0.0255
0.177411
0.178821
0.172741
0.0235
0.181637
0.173826
0.0955
0.1715
0.146427
0.155922
0.186407
0.193307
0.147279
0.135
0.1502
0.083958
0.148
0.200399
0.15
0.131238
0.072
0.165
0.153
0.197401
0.15942
0.148278
0.178144
0.1475
0.1495
0.183
0.165834
0.1695
0.153347
0.178411
0.1575
0.181
0.013979
0.165751
0.143428
0.198203
0.017
0.1555
0.1615
0.150925
0.163754
0.18091
0.1205
0.1795
0.2
0.153693
0.1925
0.153423
0.1395
0.146427
0.142287
0.195609
0.181228
0.0145
0.141787
0.15327
0.181727
0.0109945
0.0189905
0.106947
0.157343
0.149925
0.1725
0.114885
0.0535
0.167
0.0105
0.167
0.0635
0.1445
0.154346
0.1895
0.162919
0.197901
0.178
0.145
0.173413
0.1485
0.21
0.1075
0.147926
0.197901
0.1715
0.145355
0.183908
0.1925
0.189715
0.146427
0.142929
0.192904
0.1885
0.021989
0.121
0.167916
0.1315
0.142929
0.152771
0.206397
0.0905
0.126937
0.1925
0.102
0.179231
0.152924
0.143428
0.1785
0.1405
0.179
0.174
0.149
0.1755
0.22
0.0955
0.0134865
0.01998
0.1475
0.178
0.209685
0.023
0.186407
0.165834
0.134
0.197401
0.141929
0.184
0.0144566
0.161
0.166584
0.1205
0.174913
0.165917
0.109391
0.214678
0.162675
0.159261
0.159341
0.151
0.17941
0.143928
0.191404
0.181228
0.1675
0.0195
0.1735
0.131238
0.16517
0.1925
0.169415
0.116825
0.195305
0.165
0.175561
0.206897
0.144356
0.1675
0.026973
0.22
0.151
0.208
0.2003
0.157842
0.132
0.115
0.164418
0.148851
0.1715
0.143
0.152
0.194805
0.127745
0.176
0.185721
0.151349
0.156922
0.164
0.153923
0.155345
0.1655
0.095357
0.0509745
0.1735
0.194
0.119
0.153
0.143928
0.1575
0.173913
0.161
0.130305
0.171329
0.017991
0.14043
0.181909
0.1955
0.155922
0.169
0.193
0.020979
0.197901
0.137
0.173413
0.14
0.114
0.155922
0.131
0.00749625
0.146853
0.164336
0.192
0.176912
0.161419
0.1575
0.176
0.164418
0.173327
0.019
0.173
0.1905
0.165834
0.174
0.1925
0.142
0.169
0.186128
0.137
0.1955
0.155922
0.0949051
0.182
0.178911
0.154
0.1705
0.007
0.161919
0.155
0.149425
0.191712
0.1625
0.125937
0.153
0.115385
0.15
0.149925
0.198901
0.158342
0.187313
0.015
0.198401
0.168
0.1605
0.0379431
0.170915
0.108
0.135365
0.146
0.130935
0.1895
0.1585
0.164
0.1515
0.212182
0.218282
0.2245
0.176
0.151273
0.165
0.091
0.1125
0.148
0.129935
0.0089955
0.214393
0.224388
0.143
0.172414
0.1465
0.183
0.15
0.179231
0.1105
0.168416
0.158263
0.157264
0.157
0.1945
0.124
0.150925
0.131868
0.0085
0.184
0.182817
0.0049975
0.124376
0.169415
0.125437
0.00749625
0.186407
0.173327
0.146
0.151
0.172414
0.174413
0.148851
0.00748877
0.141858
0.0269865
0.148426
0.181909
0.15992
0.007
0.1705
0.144428
0.173913
0.174738
0.111832
0.035
0.168663
0.16983
0.169
0.160839
0.146853
0.153347
0.165417
0.1685
0.150925
0.1335
0.158
0.156
0.126747
0.147
0.179231
0.181
0.161
0.205897
0.102
0.0924538
0.181727
0.122317
0.1785
0.0129805
0.199301
0.164418
0.150425
0.161677
0.158
0.145927
0.137
0.142929
0.16026
0.143856
0.2175
0.1885
0.0135
0.00799201
0.182
0.126747
0.0114828
0.160839
0.210395
0.0469765
0.018
0.155844
0.00899101
0.2004
0.171914
0.051
0.1545
0.1955
0.138362
0.017991
0.1385
0.1855
0.02997
0.128436
0.1135
0.1865
0.151848
0.178
0.178411
0.167
0.1475
0.214893
0.013979
0.163255
0.1595
0.191808
0.129805
0.1895
0.153693
0.170415
0.178411
0.1475
0.1815
0.174
0.192
0.184316
0.151
0.144
0.0235
0.164918
0.114885
0.146427
0.1975
0.1865
0.169915
0.2155
0.0194903
0.172741
0.192904
0.183225
0.027
0.013
0.176823
0.169915
0.116825
0.0962594
0.150925
