0.0675
0.00649351
0.147
0.0914543
0.137363
0.097
0.1005
0.153
0.0055
0.105788
0.1085
0.114
0.1215
0.141429
0.1535
0.1495
0.0649675
0.0675
0.142
0.127436
0.0129935
0.107838
0.1665
0.128308
0.095
0.014
0.130435
0.00549725
0.1015
0.0723914
0.0075
0.125811
0.012987
0.115942
0.10095
0.1115
0.144428
0.14043
0.12044
0.126937
0.0693959
0.1
0.0274588
0.14029
0.155345
0.0434783
0.121
0.148426
0.104
0.0455
0.0955
0.0429785
0.0045
0.117941
0.141929
0.123938
0.116384
0.115884
0.0075
0.0675
0.1315
0.102449
0.131238
0.1165
0.11039
0.0049975
0.130869
0.148204
0.0174913
0.0414585
0.148851
0.118941
0.134232
0.00999001
0.047976
0.153
0.139
0.057971
0.151
0.119381
0.13037
0.116942
0.0275
0.131303
0.09995
0.0914543
0.0934533
0.1195
0.00849575
0.115442
0.141
0.067
0.0174825
0.117941
0.0748877
0.116442
0.134433
0.0729635
0.0145
0.147852
0.1305
0.125937
0.125312
0.112388
0.0723914
0.1445
0.141858
0.0949525
0.120259
0.123
0.10095
0.0035
0.023988
0.130435
0.182
0.00648703
0.0778443
0.114885
0.118441
0.142929
0.107892
0.1595
0.0664668
0.117441
0.107393
0.141858
0.110445
0.129435
0.061969
0.0839161
0.127936
0.148851
0.0924538
0.039
0.14093
0.155
0.0484758
0.00649351
0.150425
0.1435
0.116942
0.134366
0.10095
0.1395
0.130935
0.022
0.122317
0.142358
0.0949051
0.118323
0.0984508
0.122317
0.0789211
0.084
0.011477
0.013986
0.118382
0.1355
0.121379
0.0494753
0.1385
0.0725
0.115327
0.0144783
0.084
0.0939061
0.09995
0.127
0.0149925
0.008
0.137931
0.145927
0.0785
0.0314528
0.103448
0.115327
0.0924076
0.040959
0.009995
0.017991
0.0029985
0.0768847
0.0634049
0.0878244
0.116384
0.154423
0.011
0.114443
0.14029
0.144428
0.1065
0.15992
0.149425
0.0109945
0.1535
0.165417
0.126374
0.086
0.113943
0.1195
0.164
0.0225
0.1225
0.00449775
0.125375
0.0294705
0.1165
0.159182
0.017991
0.1195
0.107
0.0055
0.0134865
0.137793
0.0184723
0.0215
0.128436
0.018
0.016
0.122439
0.1115
0.0768847
0.127
0.0963555
0.0725
0.095952
0.126
0.022
0.008
0.1125
0.133
0.0723914
0.1545
0.116267
0.0164671
0.107946
0.103948
0.113886
0.125
0.136727
0.0075
0.1315
0.0774613
0.12681
0.0754623
0.136932
0.0184908
0.0184908
0.1215
0.121
0.0204898
0.124813
0.0104948
0.154923
0.129371
0.113886
0.095952
0.0235
0.0429785
0.136932
0.015976
0.13
0.122754
0.095
0.138792
0.0978044
0.13943
0.0184723
0.105947
0.0538922
0.167416
0.100899
0.048
0.0658683
0.015992
0.0673989
0.0314685
0.121318
0.136228
0.0075
0.00549725
0.024
0.143928
0.104
0.0335
0.1155
0.0674326
0.118941
0.0124813
0.0145
0.0114885
0.1255
0.144428
0.156
0.137
0.0429785
0.158
0.0324838
0.0524476
0.120819
0.151848
0.137931
0.109336
0.121439
0.13
0.105447
0.01999
0.1045
0.0154923
0.0699301
0.154423
0.108946
0.0834166
0.0635
0.148352
0.1015
0.138431
0.00948577
0.0204898
0.176236
0.141429
0.0465
0.0305
0.032967
0.112831
0.022977
0.14093
0.0955
0.0495
0.0565
0.1305
0.015984
0.0914543
0.1185
0.135
0.0834166
0.00698254
0.116942
0.11665
0.146
0.106947
0.10045
0.0409795
0.152424
0.138792
0.164418
0.114943
0.00599101
0.12
0.00749251
0.153923
0.00799201
0.1595
0.104948
0.131434
0.120819
0.1665
0.148204
0.0935
0.154923
0.1025
0.17
0.009
0.132867
0.014
0.139
0.1545
0.0989011
0.0829171
0.111333
0.1065
0.0658683
0.0795
0.134798
0.161419
0.00799201
0.0965
0.150849
0.0595
0.00698952
0.117941
0.0065
0.1665
0.155
0.105
0.017
0.114386
0.1165
0.1015
0.1025
0.148
0.0165
0.0434783
0.0255
0.0305
0.095952
0.126374
0.0485
0.122439
0.0185
0.105395
0.005
0.0569431
0.142429
0.056
0.124376
0.139
0.0978044
0.14093
0.1195
0.0249875
0.0224775
0.0729635
0.157921
0.130305
0.0314528
0.10045
0.143
0.1535
0.16409
0.0965
0.135432
0.172242
0.140789
0.111389
0.124938
0.124
0.105947
0.00449775
0.114443
0.1555
0.012
0.108446
0.0229885
0.0449775
0.117
0.1355
0.12044
0.184723
0.172414
0.1275
0.1025
0.048
0.0689311
0.0179641
0.0105
0.111389
0.135432
0.139
0.0149775
0.158421
0.0719281
0.124314
0.1065
0.121939
0.0165
0.142
0.1165
0.136932
0.152424
0.0494753
0.00449326
0.133433
0.104448
0.1065
0.133433
0.0818772
0.147852
0.1125
0.151924
0.121
0.086
0.164418
0.0755
0.008
0.0204898
0.00648703
0.142429
0.0109945
0.0165
0.0469765
0.156843
0.116326
0.0334833
0.127936
0.105
0.135
0.024975
0.0129676
0.00349825
0.005
0.094
0.156922
0.12
0.0255
0.0255
0.004
0.116442
0.122378
0.1685
0.0204898
0.0894106
0.1215
0.013993
0.00749625
0.095
0.14043
0.148777
0.1545
0.136932
0.0175
0.0149925
0.1055
0.111389
0.0414585
0.1435
0.0503992
0.136727
0.125811
0.0699301
0.0484758
0.0665
0.0115
0.1375
0.108446
0.156266
0.086
0.115442
0.142429
0.1415
0.015992
0.144638
0.064
0.00499251
0.161419
0.121878
0.13
0.136727
0.086
0.165917
0.172914
0.1315
0.0859141
0.149425
0.0919081
0.113
0.15992
0.115327
0.0444333
0.1405
0.125375
0.011
0.0174825
0.155
0.14093
0.121439
0.116442
0.151198
0.123192
0.123315
0.1325
0.029985
0.118941
0.00698603
0.0774613
0.141929
0.0315
0.128308
0.152196
0.153
0.124376
0.15992
0.1275
0.115442
0.1345
0.0469765
0.0285
0.141858
0.1115
0.0354823
0.011988
0.119381
0.0785
0.0815
0.0929535
0.1345
0.109945
0.073
0.138431
0.12044
0.1225
0.014985
0.0299551
0.093
0.146427
0.0644678
0.0565
0.14036
0.085
0.126873
0.0924538
0.0414793
0.0733899
0.121439
0.103948
0.057
0.127
0.1085
0.134433
0.108891
0.0944056
0.123
0.102
0.0785
0.015992
0.023
0.0045
0.086
0.123
0.011477
0.0924538
0.136296
0.121439
0.0444333
0.1165
0.014
0.122939
0.1535
0.119
0.09995
0.131238
0.131238
0.10095
0.133
0.15
0.0985
0.104448
0.137363
0.015984
0.083958
0.152618
0.17
0.154423
0.1355
0.115884
0.129935
0.1245
0.118881
0.003996
0.143357
0.137363
0.16675
0.10095
0.082
0.123938
0.017973
0.0984508
0.108946
0.0215
0.078
0.09995
0.147778
0.00949051
0.105447
0.00749625
0.127
0.027
0.1065
0.125811
0.108337
0.105947
0.005
0.10095
0.129805
0.154346
0.138
0.1025
0.0184908
0.1225
0.1105
0.1305
0.0249875
0.0845
0.0209895
0.0109835
0.159341
0.154423
0.0114828
0.132801
0.112388
0.141
0.1255
0.116267
0.011
0.150849
0.033
0.112831
0.022
0.148352
0.144212
0.125937
0.0174913
0.015984
0.0839161
0.0224775
0.0524476
0.151424
0.0449775
0.0335
0.134933
0.0174651
0.008
0.122754
0.097
0.00799201
0.0614386
0.14985
0.122317
0.0124938
0.144212
0.112388
0.0104948
0.00948104
0.146427
0.1285
0.165917
0.12044
0.10989
0.158421
0.12038
0.1605
0.120259
0.0255
0.0234648
0.0295
0.127
0.086
0.0694653
0.0165
0.0165
0.1045
0.022
0.095952
0.136228
0.11988
0.120259
0.0719281
0.0335
0.0174913
0.114885
0.029985
0.0989011
0.147852
0.149425
0.0195
0.136727
0.117441
0.116
0.0955
0.015984
0.158263
0.109281
0.086
0.0714286
0.161419
0.135
0.107393
0.137793
0.132434
0.0714286
0.109
0.114885
0.142
0.0575
0.131238
0.0948577
0.146
0.105447
0.01998
0.157
0.121
0.12
0.1285
0.0945
0.0109945
0.1325
0.00599101
0.0155
0.03
0.0195
0.162419
0.0454773
0.01
0.1205
0.0349825
0.024
0.011477
0.0374813
0.127936
0.087
0.0949525
0.011982
0.0109945
0.0929535
0.1345
0.0384423
0.008
0.0595
0.161258
0.137931
0.1045
0.115442
0.110889
0.12044
0.045977
0.014
0.12038
0.096
0.133
0.03
0.0104948
0.0984508
0.10989
0.110445
0.15
0.152618
0.121939
0.11039
0.1335
0.192
0.152847
0.0029985
0.097
0.0239641
0.0504496
0.103948
0.184723
0.095
0.163918
0.138
0.117
0.092
0.10045
0.0449775
0.118323
0.131303
0.1395
0.121439
0.00649351
0.0414585
0.0948577
0.088
0.00748877
0.00799201
0.14029
0.0734266
0.111389
0.1465
0.123315
0.0404595
0.112831
0.0075
0.135
0.045977
0.092
0.110945
0.134
0.121379
0.113
0.13037
0.126374
0.014
0.151924
0.1335
0.159261
0.115826
0.0225
0.161258
0.0988517
0.141429
0.017
0.004
0.0689311
0.183908
0.1145
0.021989
0.1065
0.100798
0.155
0.1045
0.123938
0.0635
0.1385
0.00749625
0.0229541
0.109281
0.0335
0.14043
0.1495
0.1405
0.00799201
0.1
0.0154691
0.12681
0.10045
0.1005
0.14
0.14093
0.0814593
0.008
0.029985
0.15992
0.067
0.144356
0.153347
0.00998502
0.132434
0.121
0.136
0.0184908
0.156
0.010479
0.015
0.110445
0.005
0.0299551
0.142429
0.082
0.1085
0.0104948
0.128807
0.143569
0.1495
0.150774
0.1085
0.116942
0.013
0.135932
0.032967
0.0978044
0.137363
0.0813779
0.014985
0.121878
0.11039
0.127936
0.115385
0.127872
0.0983525
0.0425
0.0824588
0.009
0.151198
0.136727
0.094
0.0304848
0.0749251
0.0314685
0.14043
0.131238
0.135
0.124438
0.0904548
0.1605
0.119321
0.0843734
0.104343
0.0149925
0.0444333
0.110889
0.15992
0.171914
0.0999001
0.134798
0.1605
0.135365
0.014
0.129
0.158342
0.103397
0.078803
0.152348
0.015984
0.021989
0.118441
0.00749251
0.0409795
0.0695
0.145
0.124251
0.113943
0.0145
0.153923
0.122754
0.152272
0.145854
0.136795
0.0755
0.0194903
0.0289421
0.1035
0.0109945
0.0424788
0.118441
0.135
0.121439
0.079
0.1035
0.133433
0.112831
0.113943
0.004
0.0948577
0.119381
0.064
0.125
0.0294853
0.142
0.105447
0.134933
0.117441
0.172914
0.1375
0.1695
0.0754623
0.00399401
0.14
0.139
0.007
0.115385
0.114943
0.044955
0.0755
0.1155
0.0823764
0.075
0.0274588
0.121878
0.127936
0.015
0.0114943
0.1515
0.108
0.1305
0.123938
0.10095
0.158
0.0899101
0.130435
0.0673989
0.0675
0.122816
0.1065
0.0179641
0.1385
0.086
0.095952
0.017
0.07
0.0794206
0.110889
0.0635
0.1
0.131303
0.134933
0.143285
0.057971
0.148
0.133
0.1515
0.1085
0.135432
0.1455
0.131434
0.108446
0.1535
0.136
0.172414
0.1085
0.122816
0.0109945
0.118323
0.0164835
0.131369
0.0914543
0.005
0.1395
0.125437
0.184408
0.1115
0.0174651
0.0854146
0.021989
0.108446
0.168
0.117941
0.0124938
0.135
0.1205
0.159
0.0644678
0.1165
0.11988
0.117324
0.0204898
0.0949051
0.1395
0.124314
0.123814
0.122877
0.0594406
0.101949
0.142
0.123
0.123
0.1245
0.0825
0.0134865
0.0475
0.1325
0.172914
0.057
0.0524476
0.12094
0.0695
0.111389
0.135365
0.0885
0.118441
0.00849575
0.0065
0.00848727
0.111444
0.0189905
0.12987
0.0145
0.12681
0.040959
0.1335
0.136863
0.084
0.104948
0.172414
0.131303
0.145
0.1035
0.0465
0.142
0.021
0.1665
0.00899101
0.0165
0.016
0.136932
0.0949051
0.116
0.154923
0.105
0.0155
0.0375
0.0129935
0.0124938
0.016
0.0575
0.12038
0.00949525
0.0215
0.1235
0.0409795
0.136364
0.1145
0.0114828
0.0109835
0.0589705
0.0274863
0.122317
0.1385
0.139
0.0529735
0.0174825
0.00649351
0.148352
0.0795
0.143569
0.00899101
0.1
0.144428
0.0983525
0.132434
0.115327
0.00749625
0.005997
0.137
0.0129935
0.1115
0.149
0.055972
0.0949525
0.124251
0.134366
0.110334
0.0634049
0.1215
0.1665
0.145927
0.0945
0.1225
0.0614693
0.00798802
0.0324675
0.114443
0.131369
0.1295
0.133866
0.147926
0.143928
0.128743
0.0738892
0.111944
0.0565
0.159
0.0974026
0.00549176
0.121439
0.00948104
0.0134933
0.109945
0.125375
0.014985
0.108891
0.118
0.0165
0.123
0.1475
0.073963
0.005
0.0295
0.0105
0.0324838
0.004995
0.0634683
0.016
0.143784
0.114443
0.1115
0.1115
0.174
0.0204795
0.159
0.0914086
0.00848727
0.012
0.0854146
0.139361
0.143928
0.00949051
0.158421
0.010479
0.073963
0.109281
0.13
0.0944528
0.121878
0.12094
0.0874563
0.0184908
0.1155
0.143357
0.1195
0.112944
0.09995
0.130435
0.021
0.0274588
0.00849575
0.121939
0.135432
0.122877
0.0204898
0.100798
0.132801
0.142429
0.137931
0.123315
0.00999001
0.129805
0.119
0.0065
0.098
0.0104843
0.075
0.015992
0.023976
0.105
0.0144928
0.0145
0.104843
0.0124938
0.116442
0.146427
0.0095
0.118441
0.008
0.134933
0.114
0.115942
0.0634683
0.0314685
0.18
0.147926
0.163918
0.148
0.0255
0.134933
0.0524476
0.128743
0.1285
0.1395
0.0895
0.0773839
0.102
0.0695
0.0795
0.109945
0.0179641
0.0414585
0.0954046
0.10095
0.135796
0.1025
0.0109945
0.091954
0.113886
0.0985
0.025
0.0429785
0.143784
0.172414
0.036963
0.0865
0.1595
0.141429
0.0924076
0.148
0.150425
0.151424
0.00599101
0.078
0.0985
0.026
0.139
0.170915
0.1785
0.137931
0.0959041
0.12681
0.0324838
0.127
0.127936
0.116942
0.156922
0.1333
0.0575
0.012
0.087
0.0845
0.161419
0.109281
0.015984
0.100899
0.0903645
0.184723
0.003996
0.0575
0.0834166
0.136932
0.110445
0.161
0.0504496
0.0104843
0.172414
0.129935
0.135796
0.0324838
0.133
0.0255
0.119381
0.135432
0.1375
0.113886
0.123
0.015984
0.113886
0.0784608
0.0883674
0.105
0.055972
0.133866
0.116942
0.115884
0.1465
0.10095
0.127936
0.135432
0.138792
0.1405
0.117941
0.145709
0.102449
0.0255
0.128372
0.120259
0.031
0.151
0.112444
0.123938
0.104948
0.104
0.118441
0.122439
0.0693959
0.0714286
0.0114828
0.1085
0.00648703
0.119381
0.107
0.0274725
0.0664668
0.031984
0.0114828
0.160759
0.0414378
0.12681
0.107838
0.131238
0.1555
0.151424
0.021989
0.138431
0.100798
0.067
0.126374
0.1465
0.031
0.116442
0.00749251
0.122439
0.130869
0.0429785
0.15992
0.1205
0.119
0.0114828
0.1595
0.116942
0.135297
0.1315
0.151273
0.135
0.0194708
0.0645
0.1
0.0449775
0.087
0.104843
0.121939
0.1115
0.121439
0.0484758
0.016
0.148278
0.1545
0.1165
0.0903645
0.0045
0.121318
0.0575
0.1005
0.012987
0.134366
0.138
0.114386
0.149
0.144855
0.155422
0.1085
0.1185
0.118441
0.0374813
0.126374
0.115884
0.017991
0.0065
0.111389
0.1465
0.118941
0.1455
0.160839
0.1095
0.123438
0.0104843
0.141
0.137
0.0324675
0.148352
0.121939
0.048
0.138792
0.0894106
0.123253
0.144855
0.130739
0.0089955
0.156
0.154768
0.00499251
0.014
0.0635
0.1255
0.1165
0.071
0.174
0.131369
0.0813779
0.029
0.0134865
0.122816
0.139
0.0304848
0.1615
0.136296
0.0874126
0.0895
0.054
0.0565
0.1095
0.1005
0.116942
0.11988
0.144783
0.163918
0.101949
0.1125
0.095952
0.017
0.144
0.0795
0.1225
0.141929
0.164
0.128807
0.0919081
0.038
0.0629056
0.021989
0.121439
0.0595
0.121318
0.105788
0.110945
0.108337
0.119
0.021989
0.011988
0.0965
0.0559441
0.165417
0.157
0.0738892
0.121439
0.1635
0.131238
0.023
0.1295
0.118941
0.055972
0.0894106
0.0149775
0.153423
0.122939
0.129
0.147426
0.137793
0.126374
0.01
0.123192
0.117
0.159102
0.155611
0.133866
0.0134865
0.116
0.027986
0.0195
0.0165
0.151
0.00948104
0.1355
0.0229656
0.0844156
0.007
0.122939
0.123876
0.139721
0.011
0.0895
0.0345
0.007
0.145709
0.1475
0.0144928
0.0829171
0.005
0.168332
0.124376
0.0909091
0.0733899
0.115884
0.062
0.136932
0.105894
0.0529206
0.0974026
0.017
0.0335
0.1195
0.114214
0.0748877
0.009995
0.124813
0.134933
0.1115
0.122816
0.012
0.1195
0.1035
0.0754623
0.033966
0.126937
0.143357
0.004
0.1345
0.0205
0.142929
0.0215
0.126937
0.151349
0.154423
0.096
0.0089955
0.142929
0.1435
0.128936
0.13
0.12
0.009995
0.137931
0.0709645
0.031
0.0529206
0.201
0.139
0.0995
0.0825
0.14
0.11988
0.0755
0.146427
0.0695
0.0109835
0.044955
0.167916
0.1035
0.0885
0.0644678
0.0619381
0.1125
0.143928
0.12044
0.0789211
0.112444
0.117324
0.0804196
0.063968
0.0868697
0.0635
0.1005
0.118323
0.111444
0.0204898
0.023988
0.1195
0.123876
0.114443
0.0085
0.0924538
0.073
0.0189905
0.0109945
0.105788
0.142857
0.022
0.016
0.136
0.0469765
0.0785
0.0929535
0.124938
0.0658683
0.148352
0.00949051
0.0325
0.104448
0.0145
0.155
0.157
0.0665
0.00748877
0.0495
0.158
0.0948577
0.0104843
0.142
0.110445
0.0634683
0.0414172
0.082
0.0814593
0.007
0.0844156
0.124376
0.1395
0.142429
0.00849575
0.100798
0.113943
0.141858
0.13993
0.1695
0.031
0.126937
0.0595
0.0538922
0.120819
0.0773839
0.0165
0.1415
0.0165
0.0429785
0.00848727
0.0715
0.069965
0.121439
0.122439
0.111277
0.113387
0.120819
0.1345
0.0089955
0.1605
0.1485
0.171914
0.201
0.017973
0.144
0.122816
0.0754623
0.113772
0.123814
0.1155
0.067
0.135932
0.066
0.1305
0.165834
0.0289421
0.130305
0.0335
0.094
0.0589705
0.00748877
0.016
0.0149925
0.1355
0.049
0.012
0.168
0.143
0.0465
0.125312
0.0429785
0.1305
0.016
0.11
0.130804
0.1305
0.120259
0.128678
0.133367
0.118941
0.092
0.105894
0.122439
0.086
0.149276
0.0965
0.130435
0.141929
0.0714286
0.11994
0.0575
0.0125
0.0985
0.14
0.1105
0.0114943
0.1045
0.159
0.0939061
0.0204795
0.075
0.113943
0.1205
0.00599101
0.0324675
0.0774613
0.0784608
0.11
0.00948104
0.1025
0.113
0.0988517
0.121939
0.148851
0.0978044
0.1085
0.1605
0.0169915
0.008
0.121939
0.144638
0.006
0.009995
0.122754
0.136863
0.00849575
0.11988
0.1555
0.152695
0.1115
0.104448
0.0289421
0.118323
0.0154691
0.105447
0.122378
0.1005
0.118441
0.0314528
0.0965
0.147426
0.108837
0.116942
0.14093
0.134798
0.008
0.017973
0.168248
0.00599401
0.136432
0.011976
0.012
0.0815
0.1165
0.125937
0.0635
0.116442
0.152424
0.118941
0.112
0.150925
0.017
0.0824588
0.126374
0.0695
0.005997
0.1195
0.022
0.0124938
0.12038
0.0095
0.104448
0.1025
0.0205
0.0559441
0.138792
0.1355
0.149
0.126
0.1415
0.154845
0.0709645
0.16675
0.0129935
0.0394212
0.1115
0.00349825
0.122
0.0124813
0.121439
0.002997
0.15992
0.133
0.1185
0.141858
0.142929
0.115942
0.0624688
0.152
0.0924538
0.145854
0.106893
0.1395
0.12044
0.0049975
0.0934533
0.147852
0.147852
0.121439
0.125937
0.137793
0.09
0.100299
0.0704648
0.121379
0.115385
0.09336
0.101949
0.107393
0.0275
0.131868
0.127436
0.027986
0.0185
0.174913
0.094
0.1285
0.156266
0.0749625
0.1165
0.0255
0.1225
0.127373
0.063968
0.0235
0.1665
0.0714286
0.158421
0.137931
0.0939061
0.076
0.133433
0.0305
0.132934
0.105
0.174239
0.00947159
0.0914543
0.128936
0.103948
0.111944
0.116
0.136932
0.0814593
0.113
0.127936
0.005
0.0955
0.147778
0.138362
0.0575
0.027986
0.112444
0.133433
0.136795
0.152618
0.094
0.150925
0.14
0.128807
0.00849575
0.154845
0.092
0.0169915
0.00599101
0.00849575
0.086
0.044955
0.14678
