0.01
0.271
0.277084
0.264236
0.268866
0.2875
0.28008
0.267
0.2525
0.25974
0.233383
0.2815
0.289855
0.28493
0.243
0.2175
0.267233
0.24
0.256372
0.216783
0.27936
0.278582
0.2525
0.287356
0.25987
0.250875
0.194903
0.244878
0.215392
0.271864
0.207
0.2465
0.2935
0.248252
0.206191
0.274451
0.296
0.255872
0.2285
0.2445
0.276224
0.295852
0.290065
0.235382
0.259
0.2505
0.282859
0.248
0.266234
0.233383
0.258242
0.249875
0.25937
0.265
0.2375
0.2685
0.250875
0.282
0.285572
0.247
0.246377
0.284216
0.255744
0.257243
0.246254
0.273863
0.24002
0.2385
0.276862
0.27359
0.287356
0.252874
0.2745
0.270365
0.275
0.209
0.245132
0.251
0.189405
0.243
0.270095
0.2585
0.301849
0.243378
0.245255
0.252374
0.278361
0.2275
0.233883
0.263868
0.281078
0.266367
0.262606
0.2575
0.271728
0.265
0.2605
0.276946
0.276362
0.2695
0.254873
0.21029
0.265867
0.254873
0.2405
0.2805
0.236882
0.0105
0.2575
0.253
0.263868
0.204092
0.252374
0.229
0.2685
0.2515
0.2385
0.25987
0.303348
0.272727
0.2445
0.0034965
0.2375
0.00649675
0.232884
0.292561
0.247
0.239
0.2365
0.23938
0.244378
0.253373
0.243378
0.245877
0.223277
0.281359
0.271593
0.270865
0.248376
0.261
0.284858
0.306194
0.192116
0.270095
0.299201
0.267233
0.193403
0.2605
0.2805
0.241638
0.2575
0.283716
0.284216
0.247752
0.254
0.253
0.252374
0.2445
0.284358
0.219171
0.3035
0.261
0.272
0.278361
0.2965
0.309
0.236
0.2245
0.21029
0.295
0.277722
0.245877
0.238262
0.248751
0.2625
0.247752
0.2325
0.252874
0.266867
0.22089
0.257371
0.290355
0.253373
0.28971
0.2645
0.294705
0.234883
0.255744
0.237762
0.256
0.295704
0.262869
0.271728
0.27986
0.2835
0.247876
0.275862
0.262369
0.209
0.253373
0.270365
0.261
0.00549451
0.247876
0.276224
0.238881
0.2545
0.276
0.2455
0.223665
0.3175
0.254
0.248
0.244511
0.2335
0.287
0.269231
0.222389
0.251748
0.284358
0.2865
0.25937
0.2655
0.234
0.227386
0.236763
0.2585
0.256372
0.262869
0.235
0.282154
0.267465
0.2565
0.249375
0.24038
0.2545
0.219
0.2485
0.254745
0.303848
0.235
0.275225
0.2485
0.2385
0.218891
0.231653
0.264
0.271593
0.0105
0.2395
0.207
0.290355
0.2315
0.2825
0.266367
0.245754
0.2655
0.307884
0.229885
0.306194
0.2165
0.251748
0.264735
0.2615
0.205397
0.279081
0.24975
0.205
0.222389
0.284858
0.2835
0.261608
0.2445
0.00549451
0.2335
0.227886
0.281359
0.2835
0.249875
0.287856
0.0055
0.2605
0.234
0.312874
0.2525
0.309
0.00998502
0.233883
0.27986
0.231537
0.281578
0.252
0.297702
0.24038
0.26024
0.279581
0.2595
0.267366
0.215392
0.2675
0.248876
0.296
0.2485
0.246877
0.212394
0.2195
0.282
0.24975
0.2435
0.227046
0.2835
0.277
0.285357
0.295852
0.256116
0.248876
0.314343
0.247876
0.2475
0.2475
0.222889
0.3175
0.1975
0.2775
0.228886
0.244
0.311344
0.29935
0.2885
0.251
0.25987
0.241
0.247876
0.229656
0.246
0.257
0.266234
0.240399
0.256244
0.261608
0.242636
0.262107
0.231
0.257371
0.262475
0.28992
0.279
0.285
0.2545
0.0205
0.233883
0.2595
0.252747
0.243878
0.243878
0.297
0.278
0.315342
0.247
0.295
0.257
0.2175
0.2465
0.2785
0.240759
0.192116
0.248
0.253
0.246008
0.269365
0.251874
0.314343
0.244012
0.294853
0.2665
0.208188
0.250499
0.2725
0.266367
0.307884
0.284
0.254618
0.2575
0.25998
0.3025
0.265469
0.2155
0.283716
0.252874
0.251874
0.223888
0.237
0.23938
0.258242
0.238262
0.267732
0.252
0.239641
0.257742
0.269865
0.266101
0.293353
0.300699
0.271593
0.247
0.254618
0.257742
0.249
0.267366
0.2165
0.237881
0.242636
0.2575
0.24002
0.290355
0.2335
0.2315
0.290355
0.244012
0.252
0.2685
0.279
0.25
0.208
0.250125
0.2845
0.255
0.27359
0.255744
0.2165
0.3045
0.2835
0.25987
0.244755
0.2695
0.2555
0.2715
0.298
0.26
0.2515
0.2465
0.253
0.32651
0.3205
0.273363
0.293
0.2575
0.257114
0.234883
0.303545
0.255872
0.25937
0.297203
0.274363
0.28086
0.254873
0.244878
0.239261
0.3175
0.2665
0.256743
0.249252
0.235882
0.217891
0.244012
0.311
0.234
0.263868
0.205
0.257
0.305
0.312531
0.306347
0.233383
0.2425
0.265
0.273317
0.254873
0.280719
0.272228
0.2675
0.26037
0.2865
0.240759
0.2745
0.281578
0.3025
0.2405
0.284431
0.247
0.271364
0.009
0.234383
0.2855
0.248751
0.257
0.1755
0.24026
0.253746
0.241
0.255372
0.256
0.285
0.266
0.254873
0.2445
0.226274
0.205
0.289
0.2045
0.218454
0.251374
0.265
0.274
0.26087
0.281859
0.338831
0.242
0.2275
0.241
0.257
0.271364
0.252874
0.260609
0.275862
0.286857
0.267866
0.2805
0.282859
0.266733
0.238381
0.24088
0.276862
0.258242
0.2635
0.257114
0.282077
0.272864
0.2195
0.282
0.2485
0.317524
0.2185
0.228272
0.270729
0.2905
0.267732
0.277
0.256116
0.2865
0.2535
0.312874
0.2325
0.272
0.2635
0.2385
0.30035
0.2615
0.238881
0.272727
0.250125
0.252
0.257114
0.2495
0.238381
0.252
0.02
0.2535
0.283
0.271864
0.257
0.243
0.247876
0.2605
0.292561
0.226887
0.303696
0.3045
0.265867
0.265367
0.285072
0.264368
0.288856
0.259
0.174913
0.221279
0.254
0.272
0.3115
0.293
0.268
0.226274
0.262107
0.278083
0.249875
0.260739
0.298701
0.2575
0.275225
0.281078
0.261738
0.26037
0.222889
0.29985
0.265867
0.298552
0.0104843
0.221
0.209
0.2965
0.269365
0.293
0.209
0.286857
0.261869
0.263868
0.1745
0.2505
0.270729
0.2515
0.225
0.285
0.197703
0.282859
0.277
0.311
0.221
0.303348
0.2565
0.2705
0.277168
0.24
0.257371
0.238262
0.293
0.2635
0.25362
0.232651
0.245877
0.287569
0.231
0.24088
0.305542
0.270459
0.0144711
0.212
0.265
0.278361
0.285714
0.254873
0.2775
0.276862
0.247752
0.283716
0.245877
0.260739
0.308846
0.229385
0.2195
0.303696
0.285357
0.257371
0.261
0.204296
0.256372
0.254873
0.269365
0.258371
0.317524
0.269231
0.25362
0.234913
0.284
0.311344
0.288068
0.2295
0.297
0.283791
0.264236
0.25937
0.2815
0.234
0.232
0.281718
0.2035
0.276224
0.251123
0.2615
0.279
0.23938
0.241
0.240519
0.252374
0.2335
0.288567
0.265867
0.257742
0.295205
0.282859
0.283217
0.232
0.275
0.231
0.257742
0.257871
0.233883
0.204398
0.267465
0.2495
0.26996
0.273363
0.253373
0.2885
0.262107
0.0069965
0.270729
0.27359
0.245877
0.283575
0.2865
0.26
0.2735
0.248751
0.26024
0.205
0.271364
0.263736
0.2045
0.256116
0.259611
0.253367
0.286214
0.256372
0.27936
0.248
0.0134933
0.245877
0.294059
0.272864
0.288068
0.2666
0.0144711
0.2315
0.275449
0.27023
0.258371
0.2525
0.271093
0.266867
0.2575
0.2685
0.269
0.2095
0.2375
0.242
0.247376
0.283575
0.250998
0.26
0.237881
0.2375
0.262475
0.240759
0.288711
0.251
0.276447
0.278083
0.273
0.261869
0.223
0.234383
0.226387
0.2435
0.223277
0.247876
0.264104
0.295
0.00349825
0.2835
0.247752
0.229
0.2585
0.284216
0.255372
0.2655
0.2485
0.2305
0.220669
0.2215
0.288856
0.241879
0.272228
0.2705
0.32651
0.274
0.269
0.2595
0.212394
0.301849
0.279
0.284715
0.263473
0.268866
0.268
0.251249
0.247376
0.302546
0.243635
0.2975
0.257742
0.2455
0.2625
0.285215
0.259
0.3205
0.3195
0.300699
0.267233
0.22089
0.261738
0.186627
0.282
0.269
0.268232
0.00549451
0.2275
0.257855
0.236
0.269365
0.23365
0.309
0.234765
0.266367
0.2555
0.271
0.301698
0.291
0.264868
0.225
0.251748
0.282
0.247
0.245377
0.254
0.0045
0.294
0.289
0.278721
0.271229
0.25312
0.288423
0.2515
0.269865
0.2705
0.262369
0.2195
0.2685
0.251249
0.249375
0.272864
0.25937
0.232651
0.0134933
0.297756
0.300699
0.2005
0.271956
0.284216
0.2745
0.292354
0.225387
0.285215
0.253373
0.250875
0.262
0.205897
0.283858
0.258371
0.264
0.267099
0.236
0.252248
0.304
0.305042
0.248
0.2525
0.250875
0.30035
0.274
0.2745
0.261
0.227386
0.230885
0.234
0.209895
0.269
0.2535
0.240399
0.26011
0.242
0.271593
0.252248
0.238881
0.287356
0.2325
0.258871
0.298
0.2385
0.21939
0.217
0.2715
0.2515
0.274363
0.232
0.205397
0.290918
0.26037
0.277168
0.271956
0.26497
0.245387
0.257742
0.2435
0.2935
0.260479
0.265867
0.284216
0.281078
0.249252
0.2265
0.2585
0.28
0.241259
0.2805
0.270365
0.266367
0.231153
0.2365
0.287356
0.233883
0.25
0.266234
0.2685
0.258371
0.287856
0.311344
0.257243
0.303696
0.281078
0.323177
0.254
0.262
0.275362
0.272092
0.261108
0.2675
0.257371
0.2685
0.274363
0.232651
0.25312
0.294853
0.259
0.244256
0.23938
0.2525
0.2805
0.261
0.246377
0.2425
0.2915
0.25998
0.252248
0.290355
0.262238
0.2725
0.193903
0.227046
0.291708
0.275862
0.2355
0.271956
0.257114
0.189905
0.255744
0.254618
0.282
0.224164
0.256116
0.309
0.267366
0.262369
0.258982
0.0045
0.248878
0.25
0.2685
0.239521
0.283575
0.302697
0.252495
0.261108
0.287856
0.229
0.256116
0.292854
0.26973
0.287
0.284858
0.287712
0.262475
0.254873
0.252747
0.261
0.288856
0.274089
0.245
0.00549725
0.263
0.274363
0.00549725
0.0044955
0.303393
0.293853
0.271728
0.301349
0.229
0.2395
0.25362
0.261608
0.277
0.2675
0.245877
0.2785
0.25362
0.299201
0.26
0.2615
0.2725
0.297702
0.259
0.262606
0.250125
0.247629
0.2645
0.26996
0.255372
0.250375
0.243
0.2935
0.303696
0.2235
0.267
0.282859
0.288356
0.245
0.243
0.247752
0.2425
0.2915
0.303045
0.193403
0.275862
0.205
0.264236
0.273863
0.2715
0.252
0.25
0.309
0.235882
0.2595
0.227386
0.217891
0.282154
0.174913
0.2685
0.282
0.245877
0.221889
0.296352
0.285357
0.297
0.005
0.234531
0.2815
0.255372
0.207
0.231537
0.269
0.2765
0.2885
0.29935
0.2485
0.297554
0.274863
0.232
0.2035
0.252374
0.2785
0.262
0.274588
0.249875
0.262
0.245877
0.0144711
0.312344
0.272364
0.248876
0.257742
0.265
0.258741
0.268366
0.2865
0.268098
0.2165
0.264368
0.0104843
0.2666
0.203398
0.276862
0.275862
0.234
0.206191
0.2225
0.259611
0.237881
0.261738
0.238381
0.2815
0.317841
0.270365
0.3155
0.257371
0.244134
0.261869
0.26037
0.222389
0.2745
0.282934
0.270365
0.266
0.251374
0.247129
0.2665
0.26497
0.282
0.267866
0.261738
0.295205
0.216
0.264868
0.242636
0.2855
0.2505
0.231537
0.248128
0.249375
0.235382
0.2825
0.240639
0.258242
0.251748
0.2785
0.259
0.317524
0.242636
0.252248
0.2725
0.293853
0.234883
0.336164
0.2525
0.279221
0.244012
0.00998502
0.265867
0.254
0.25499
0.284
0.235882
0.3002
0.259
0.267732
0.220779
0.261608
0.235
0.285357
0.220779
0.267366
0.265867
0.301849
0.285215
0.262869
0.263868
0.2385
0.278721
0.263105
0.274
0.2785
0.225387
0.265734
0.2505
0.289355
0.265469
0.255744
0.258
0.288356
0.285357
0.239521
0.197901
0.292
0.26973
0.274363
0.268098
0.301349
0.211394
0.2575
0.263868
0.237
0.253
0.318522
0.2685
0.233883
0.28992
0.257371
0.276362
0.309
0.2685
0.217
0.285
0.273863
0.2475
0.258853
0.264603
0.2355
0.243
0.261
0.296852
0.302546
0.282
0.250375
0.246131
0.2665
0.231153
0.2865
0.294353
0.252747
0.271728
0.290355
0.249375
0.266867
0.254
0.289355
0.261869
0.254873
0.2305
0.3205
0.281219
0.291
0.245387
0.224888
0.2525
0.258
0.0034965
0.223888
0.256
0.271593
0.255
0.260978
0.293853
0.3085
0.259
0.2645
0.2535
0.269865
0.239641
0.0214893
0.238
0.28086
0.267366
0.244378
0.302546
0.0134933
0.2195
0.255372
0.02
0.2615
0.275587
0.272228
0.236264
0.249375
0.272364
0.248751
0.239641
0.246254
0.2735
0.233383
0.284431
0.3115
0.279081
0.226161
0.2635
0.259
0.277722
0.285357
0.255
0.309
0.3095
0.238262
0.274363
0.219
0.284715
0.2975
0.305847
0.1755
0.242636
0.213287
0.288423
0.299
0.289066
0.2685
0.283791
0.303
0.300699
0.250875
0.258853
0.276862
0.243635
0.230885
0.267366
0.241
0.2365
0.277
0.260609
0.0144711
0.288
0.2535
0.229385
0.255117
0.204092
0.247
0.2365
0.318522
0.281718
0.274363
0.311344
0.242879
0.245877
0.278083
0.286857
0.261738
0.275
0.301849
0.2215
0.2685
0.253746
0.279221
0.2685
0.268
0.28086
0.223
0.264
0.278361
0.243
0.302697
0.273
0.00449326
0.275587
0.248
0.2675
0.262107
0.259
0.2535
0.307
0.254
0.2615
0.294353
0.276
0.246254
0.298552
0.287924
0.249626
0.211394
0.2925
0.2715
0.237
0.255872
0.270095
0.253373
0.273952
0.235882
0.2575
0.300399
0.268
0.243378
0.287356
0.257371
0.229271
0.246877
0.0104843
0.283575
0.237762
0.285357
0.284074
0.28657
0.2595
0.258612
0.257742
0.190714
0.290709
0.2505
0.233766
0.284074
0.26
0.258
0.2725
0.323676
0.2595
0.23988
0.242258
0.245877
0.26
0.224164
0.247876
0.00349825
0.2485
0.2765
0.250125
0.2795
0.237881
0.255744
0.295704
0.284216
0.268866
0.286214
0.1975
0.252
0.2345
0.242636
0.244134
0.261369
0.227386
0.233267
0.205
0.203297
0.22039
0.247376
0.237762
0.2935
0.28086
0.255
0.248751
0.2595
0.266867
0.242379
0.2425
0.287856
0.208
0.2765
0.252874
0.251623
0.2755
0.292854
0.264236
0.223888
0.284216
0.297
0.281359
0.2835
0.2685
0.2425
0.262606
0.2425
0.218
0.258
0.3175
0.2575
0.28
0.224
0.263868
0.216
0.247129
0.225387
0.235
0.2705
0.268098
0.261738
0.283858
0.2485
0.333833
0.272319
0.2835
0.234648
0.2425
0.240639
0.301349
0.226274
0.255
0.280439
0.311189
