0.13993
0.021
0.1245
0.128436
0.0979021
0.148
0.133866
0.160759
0.1235
0.0924538
0.164
0.0155
0.1425
0.123438
0.1245
0.0104895
0.125437
0.1245
0.101949
0.045
0.121939
0.03996
0.0134731
0.152924
0.146427
0.144428
0.128871
0.108
0.134433
0.163591
0.101449
0.0603792
0.124376
0.0664668
0.00599101
0.183317
0.154346
0.147631
0.0974026
0.169
0.123938
0.105289
0.0114943
0.128871
0.0104948
0.144428
0.112887
0.0154613
0.0194903
0.0424788
0.172914
0.02
0.1585
0.144356
0.0974026
0.0834166
0.1035
0.183816
0.1345
0.0694306
0.163836
0.1275
0.128743
0.142
0.126
0.110445
0.009995
0.154423
0.135432
0.1305
0.127936
0.123438
0.145
0.0125
0.023988
0.14093
0.112887
0.118881
0.134
0.021
0.137431
0.0069965
0.118323
0.067966
0.0765
0.0985
0.188312
0.0985
0.147
0.141858
0.172914
0.024975
0.108782
0.1255
0.121
0.152924
0.0873253
0.152
0.1425
0.183724
0.128436
0.09
0.107393
0.107946
0.143
0.0934533
0.131
0.097951
0.1675
0.1565
0.045
0.14093
0.123938
0.0105
0.012987
0.0055
0.130935
0.121878
0.003998
0.123
0.126311
0.130305
0.142929
0.00999001
0.103
0.1005
0.141858
0.133433
0.00648703
0.136
0.0114943
0.123438
0.122439
0.131934
0.095952
0.135365
0.111333
0.009995
0.0235
0.119381
0.0835
0.0514743
0.118382
0.023988
0.11039
0.146853
0.011988
0.0783824
0.1475
0.00898204
0.0875
0.156922
0.112444
0.0224663
0.008
0.151349
0.1265
0.1155
0.153423
0.017
0.009995
0.1565
0.145355
0.0529471
0.017973
0.1285
0.008
0.005997
0.015992
0.0204898
0.013
0.122939
0.1325
0.021
0.115
0.165917
0.136863
0.148
0.011988
0.170245
0.015992
0.0105
0.0594406
0.0805
0.156
0.00649351
0.144928
0.1345
0.155422
0.053973
0.11994
0.015992
0.02
0.166917
0.11988
0.133367
0.1235
0.1275
0.1475
0.123
0.1815
0.104448
0.106
0.1065
0.145
0.1105
0.1205
0.0968547
0.133933
0.104448
0.0155
0.1575
0.1295
0.00649675
0.0545
0.019
0.00949051
0.111444
0.0593812
0.165252
0.0894106
0.1585
0.088
0.113943
0.0214893
0.095
0.130305
0.121
0.144284
0.009
0.158921
0.112887
0.151424
0.172914
0.007996
0.1475
0.008
0.0855
0.1455
0.145927
0.0075
0.1815
0.0135
0.0978532
0.118822
0.104448
0.099
0.144
0.0749251
0.178411
0.1295
0.10989
0.023988
0.113387
0.1525
0.1215
0.130435
0.162338
0.1245
0.0869565
0.15
0.0695
0.10095
0.0793809
0.12044
0.0235
0.0275
0.148352
0.017
0.186407
0.101
0.101449
0.0085
0.171414
0.107892
0.148
0.166833
0.107339
0.134
0.0549725
0.141
0.00848727
0.00947631
0.11994
0.145854
0.149425
0.108891
0.144428
0.121
0.134433
0.122378
0.1425
0.143713
0.133866
0.148628
0.1475
0.1085
0.142429
0.144
0.178732
0.1705
0.196206
0.076
0.0909545
0.112
0.152924
0.0359461
0.1755
0.1765
0.133367
0.0824588
0.149
0.156843
0.1225
0.1325
0.146853
0.117324
0.0229885
0.134731
0.148352
0.132
0.023988
0.137431
0.130673
0.0404393
0.0369815
0.169415
0.132302
0.143
0.010978
0.117823
0.1705
0.156765
0.1275
0.132302
0.149
0.0945
0.0529471
0.133799
0.124
0.00599101
0.0364635
0.126937
0.107946
0.131369
0.1185
0.0129741
0.152424
0.0929535
0.1235
0.142
0.120879
0.102794
0.149351
0.154845
0.143
0.0963555
0.149425
0.100849
0.0144928
0.181138
0.0985
0.101449
0.0085
0.0035
0.143428
0.116
0.015992
0.00949525
0.130935
0.0615
0.0289421
0.149
0.0075
0.031984
0.03998
0.1185
0.027
0.162837
0.0274863
0.0174913
0.151349
0.112944
0.1305
0.019
0.0985
0.16092
0.118881
0.1115
0.11994
0.131303
0.144928
0.0165
0.0144928
0.103948
0.01
0.0514743
0.1165
0.0169576
0.17
0.0069965
0.116
0.0335
0.155844
0.011988
0.0104895
0.14036
0.152924
0.116883
0.128936
0.131369
0.152
0.053
0.173913
0.145
0.158921
0.0184908
0.13
0.1695
0.148926
0.157343
0.00849575
0.011982
0.1575
0.146427
0.121878
0.0035
0.148926
0.0969515
0.0404393
0.0593812
0.0865
0.1665
0.151848
0.169415
0.156922
0.128871
0.143357
0.1575
0.202
0.109
0.101
0.119
0.134
0.146927
0.0209581
0.026
0.175237
0.118323
0.0945
0.007
0.1515
0.1085
0.156922
0.144783
0.136296
0.152424
0.18981
0.167082
0.0095
0.138792
0.151198
0.17982
0.0514229
0.146853
0.1185
0.0029985
0.0545
0.172741
0.156
0.112388
0.144356
0.09
0.0165
0.155844
0.1005
0.099
0.121878
0.165252
0.123438
0.104448
0.10989
0.13
0.128436
0.019
0.1815
0.1655
0.1255
0.1155
0.1455
0.1305
0.069
0.0029985
0.0089955
0.0885
0.031984
0.00999001
0.1295
0.097951
0.133866
0.017991
0.141787
0.150425
0.125312
0.121878
0.136
0.164172
0.1755
0.10989
0.132434
0.149425
0.142929
0.121318
0.1065
0.142857
0.00948577
0.1045
0.1315
0.176236
0.131934
0.119381
0.0165
0.110945
0.0125
0.11994
0.0673989
0.121
0.0095
0.124938
0.14093
0.147778
0.00599101
0.164
0.125312
0.126
0.1275
0.185
0.116942
0.1515
0.168495
0.0954523
0.0594406
0.0629685
0.0089955
0.0285
0.112444
0.146427
0.0585
0.0164835
0.027
0.103448
0.1225
0.136
0.133866
0.172741
0.111444
0.127309
0.01999
0.148926
0.195
0.132
0.166917
0.157186
0.0215
0.0739261
0.162837
0.1465
0.0774226
0.145282
0.143428
0.1235
0.1235
0.104948
0.167916
0.0119641
0.113943
0.0664668
0.1185
0.1455
0.148926
0.1575
0.0309381
0.134865
0.151349
0.118263
0.121318
0.123377
0.157921
0.102
0.129435
0.164172
0.125375
0.0069965
0.00948577
0.146427
0.128871
0.155422
0.119261
0.1245
0.1555
0.069
0.006
0.162919
0.069965
0.1165
0.1345
0.122939
0.107339
0.0844156
0.126
0.146853
0.136
0.152924
0.143428
0.165
0.0784216
0.012987
0.164172
0.1005
0.0793809
0.15942
0.10989
0.1575
0.108891
0.0055
0.149425
0.1325
0.1255
0.181138
0.112887
0.013
0.133367
0.116942
0.188
0.0994006
0.16092
0.130935
0.097951
0.112887
0.1
0.015
0.175
0.097
0.0104843
0.1215
0.0459311
0.045
0.0824588
0.053
0.154
0.1675
0.081959
0.0095
0.144284
0.09
0.111944
0.146
0.1065
0.118382
0.109945
0.00898652
0.0034965
0.154423
0.006
0.146853
0.153423
0.158
0.099
0.157421
0.145
0.0924538
0.093
0.127872
0.027
0.0164835
0.149425
0.160759
0.02
0.118323
0.1335
0.0934533
0.125312
0.147
0.149425
0.0959041
0.0299252
0.133933
0.133866
0.134
0.12032
0.1455
0.106
0.130935
0.0545
0.0765
0.0169915
0.148426
0.116
0.154691
0.0655
0.141787
0.00848727
0.1575
0.139361
0.1525
0.00849151
0.011988
0.147852
0.151
0.1685
0.1355
0.1115
0.13986
0.161919
0.121939
0.1515
0.014
0.1355
0.142929
0.118382
0.1135
0.143856
0.143428
0.033
0.142
0.13037
0.101949
0.0924538
0.0914086
0.0189715
0.104448
0.177911
0.10989
0.123438
0.0943585
0.147353
0.148851
0.142
0.121939
0.107393
0.112444
0.0234648
0.026
0.1385
0.0894106
0.1265
0.175412
0.0805
0.0574426
0.0215
0.0164835
0.155267
0.0149775
0.0524738
0.122877
0.128871
0.112388
0.163337
0.148
0.0854573
0.1715
0.00799201
0.0749251
0.155422
0.13
0.1275
0.0169576
0.137431
0.00748503
0.019
0.114
0.017991
0.12038
0.112
0.0988024
0.0104843
0.166833
0.0904548
0.0174913
0.0959041
0.0869565
0.121
0.1115
0.112
0.115884
0.157
0.1235
0.158921
0.1645
0.112388
0.0305
0.155922
0.027
0.152924
0.101949
0.1675
0.0129805
0.117
0.178
0.181909
0.115884
0.184408
0.161
0.085957
0.12038
0.162176
0.007
0.011982
0.1215
0.1375
0.093
0.125937
0.0174913
0.142429
0.128436
0.005997
0.0215
0.124376
0.101949
0.164418
0.015992
0.157842
0.116442
0.155922
0.101
0.0125
0.125375
0.172914
0.131434
0.148352
0.145427
0.149
0.11039
0.0045
0.150925
0.0964518
0.16092
0.202
0.143357
0.0964036
0.167916
0.124938
0.141929
0.12044
0.154845
0.151848
0.0822943
0.117
0.141288
0.125312
0.133933
0.126311
0.132867
0.145282
0.1345
0.053
0.0979021
0.0815
0.113
0.111444
0.147852
0.0515
0.138362
0.102949
0.181
0.0784216
0.226387
0.141288
0.1265
0.0069965
0.121878
0.139
0.037
0.0229885
0.165917
0.162919
0.105
0.127872
0.158
0.156266
0.128
0.123377
0.0993014
0.1295
0.101
0.0209685
0.119261
0.11988
0.1245
0.017
0.07
0.118382
0.16092
0.145
0.168
0.01999
0.015
0.0729635
0.11988
0.0269865
0.0895
0.1605
0.157921
0.1365
0.0745
0.132368
0.134366
0.140719
0.155844
0.122378
0.0169915
0.1135
0.0835
0.111333
0.165252
0.0504244
0.102
0.148851
0.121878
0.123438
0.00649351
0.162419
0.158762
0.119
0.0084788
0.148851
0.105841
0.110445
0.131934
0.0425
0.119321
0.116442
0.134933
0.1115
0.0114885
0.117
0.144
0.115
0.107946
0.124
0.176412
0.162
0.067966
0.1295
0.149202
0.1265
0.152
0.108891
0.0164835
0.143428
0.0329835
0.123377
0.181909
0.132
0.165834
0.0805
0.11
0.176412
0.1365
0.101
0.0739261
0.0224888
0.0134731
0.151349
0.01
0.097
0.0985
0.132867
0.122939
0.0765
0.0214893
0.1115
0.161
0.137
0.156765
0.11944
0.130305
0.110445
0.119381
0.133
0.1115
0.152272
0.117
0.116942
0.142929
0.0144855
0.130935
0.169
0.128
0.00648703
0.101
0.117324
0.115385
0.098
0.0355
0.0785
0.166417
0.113387
0.1505
0.155267
0.0869565
0.0095
0.132
0.0235
0.131934
0.0144711
0.134
0.103448
0.134731
0.1475
0.147852
0.1225
0.111333
0.1165
0.14093
0.152424
0.0069965
0.151848
0.1495
0.135365
0.107946
0.112
0.014985
0.157
0.146853
0.154269
0.00748503
0.021
0.176236
0.15984
0.1405
0.111333
0.126937
0.0709645
0.1625
0.1665
0.085957
0.1075
0.086
0.0609695
0.173913
0.152924
0.129435
0.0435
0.128372
0.174
0.1035
0.106947
0.0745
0.1485
0.007996
0.0169915
0.128936
0.134933
0.174
0.0778832
0.145282
0.19
0.167832
0.0169915
0.0504244
0.0144783
0.164
0.0822943
0.121
0.116384
0.156
0.0174913
0.128372
0.151349
0.1665
0.0049975
0.136
0.0705
0.12044
0.183317
0.128
0.162919
0.013
0.1395
0.10989
0.165917
0.00999001
0.1295
0.1235
0.0639041
0.107946
0.1335
0.125437
0.135
0.154269
0.1515
0.00799201
0.00549725
0.0664668
0.1255
0.147926
0.0888667
0.1235
0.117441
0.003
0.124938
0.106
0.0114713
0.088
0.165834
0.072
0.124938
0.110334
0.00848727
0.150774
0.1455
0.12044
0.118382
0.012
0.017991
0.13993
0.0964518
0.1295
0.160839
0.0938592
0.016
0.183816
0.117
0.174239
0.115
0.0109945
0.11994
0.102949
0.144428
0.115327
0.1645
0.104448
0.145427
0.116442
0.146427
0.147
0.133367
0.1405
0.0104895
0.0629685
0.101449
0.127
0.148851
0.1515
0.17
0.19
0.165
0.0944056
0.00749251
0.161838
0.012987
0.183908
0.10479
0.181909
0.166917
0.089366
0.0105
0.0135
0.119261
0.157842
0.151424
0.132368
0.129935
0.0564718
0.156922
0.126937
0.026
0.07
0.134366
0.163836
0.138931
0.10989
0.149775
0.124376
0.0822943
0.17
0.119321
0.154845
0.154346
0.1145
0.0084788
0.031984
0.128
0.135365
0.1695
0.133433
0.122439
0.01
0.1095
0.127936
0.1175
0.114443
0.17991
0.0334665
0.122439
0.123377
0.115442
0.165
0.104
0.0169915
0.162419
0.172914
0.148
0.0369446
0.185
0.1265
0.129935
0.0404595
0.1365
0.111444
0.175
0.125375
0.119381
0.164
0.1625
0.115884
0.126873
0.00649351
0.175912
0.101399
0.0104895
0.153923
0.144928
0.089
0.110334
0.0085
0.124938
0.01
0.142429
0.156687
0.015984
0.128871
0.165335
0.131934
0.0855
0.149925
0.150925
0.0479281
0.012
0.141
0.1515
0.132735
0.0924538
0.124376
0.0089955
0.1345
0.151424
0.095952
0.0144855
0.134
0.154845
0.0894553
0.0844578
0.145427
0.164
0.0109945
0.029985
0.130435
0.128436
0.104948
0.0745
0.007996
0.0584124
0.1295
0.0359461
0.0189715
0.141787
0.133367
0.0474525
0.154269
0.011982
0.142929
0.137
0.143
0.0125
0.0104843
0.105
0.0269865
0.0694306
0.095
0.183408
0.155844
0.165335
0.0813779
0.1115
0.1715
0.178911
0.152424
0.1255
0.114443
0.014
0.129435
0.037
0.1605
0.124
0.1685
0.188811
0.035964
0.0865
0.0425
0.1015
0.207
0.0085
0.0279581
0.142
0.00749251
0.125437
0.1235
0.1255
0.134933
0.150925
0.1615
0.0515
0.146927
0.0104948
0.0785
0.117
0.122877
0.1235
0.135432
0.086
0.102398
0.122939
0.1285
0.133433
0.126311
0.138861
0.144928
0.00748503
0.161757
0.149351
0.115385
0.113387
0.0965
0.166917
0.1185
0.0144855
0.115327
0.144928
0.012
0.013993
0.136
0.132368
0.121
0.151848
0.133
0.0185
0.115884
0.1475
0.1455
0.127309
0.0835
0.169915
0.105947
0.117441
0.172
0.114
0.0824588
0.169
0.1115
0.0585
0.0873253
0.1575
0.132302
0.146927
0.0305
0.102398
0.1435
0.0904548
0.114
0.148352
0.135864
0.170744
0.137294
0.106
0.121878
0.157921
0.158921
0.155844
0.0144783
0.069
0.157421
0.132
0.127436
0.149351
0.168916
0.017973
0.137793
0.122877
0.111
0.144783
0.133433
0.1635
0.0294853
0.1825
0.0224888
0.123438
0.009995
0.122378
0.0415
0.152424
0.12032
0.141929
0.1675
0.118323
0.143428
0.106394
0.118382
0.027
0.134366
0.136
0.1565
0.0149701
0.165
0.1475
0.086
0.129935
0.181
0.138293
0.113
0.00799201
0.037
0.137431
0.0545
0.123377
0.141
0.00598802
0.1215
0.14093
0.0154845
0.0875
0.150425
0.134433
0.013
0.161919
0.164172
0.1385
0.137431
0.107446
0.169915
0.003996
0.142
0.147631
0.170915
0.0743884
0.158
0.111444
0.141288
0.125375
0.0315
0.00898652
0.0904548
0.13037
0.163918
0.1135
0.1165
0.0174913
0.158263
0.130869
0.009
0.136
0.109336
0.028
0.084
0.0144855
0.128
0.131434
0.12032
0.107946
0.1665
0.067966
0.150425
0.0793413
0.130305
0.1175
0.005997
0.121
0.0154923
0.015
0.135796
0.162338
0.00699301
0.014
0.129435
0.124
0.1325
0.188312
0.0955
0.0174651
0.0229885
0.133
0.0549725
0.165335
0.072
0.0174651
0.009995
0.116
0.018
0.0524738
0.12044
0.0935
0.130935
0.144428
0.0633733
0.124376
0.1515
0.1475
0.118941
0.0124938
0.0545
0.136364
0.1265
0.1655
0.133367
0.014985
0.156
0.1235
0.07
0.0214893
0.121
0.127808
0.0204591
0.1895
0.196206
0.129935
0.138293
0.033
0.122877
0.12681
0.116326
0.1665
0.0114943
0.154346
0.149925
0.151424
0.1375
0.132867
0.163591
0.112
0.155844
0.129
0.0865
0.134
0.132368
0.143428
0.1275
0.150425
0.0885
0.125312
0.0105
0.183408
0.1475
0.165834
0.158263
0.134
0.157
0.161838
0.173826
0.111444
0.1345
0.132302
0.0204898
0.12
0.008
0.121817
0.1345
0.164418
0.0319361
0.1645
0.103448
0.1
0.112332
0.1005
0.009
0.1345
0.0134731
0.015992
0.175912
0.19
0.136
0.161
0.0324675
0.0279581
0.0085
0.130435
0.023988
0.104948
0.108891
0.1585
0.154845
0.0164835
0.1625
0.008
0.145427
0.0404393
0.146
0.175824
0.116942
0.167082
0.108446
0.158683
0.167082
0.181
0.142857
0.135365
0.1465
0.172
0.117324
0.0974026
0.0894106
0.01
0.1455
0.13943
0.168332
0.161419
0.00999001
0.1415
0.098
0.16092
0.111888
0.0299252
0.017973
0.135365
0.101949
0.110445
0.1325
0.137931
0.1455
0.178
0.1335
0.101
0.165917
0.116
0.0514743
0.1205
0.149925
0.148926
0.178732
0.144428
0.029985
0.117
0.144
0.1245
0.125437
0.141929
0.152924
0.0404393
0.0394803
0.161419
0.144783
0.175912
0.153423
0.122939
0.0664668
0.132801
0.016
0.1385
0.136364
0.0164835
0.011988
0.0594406
0.154423
0.0144855
0.1425
0.15653
0.178732
0.01
0.141858
0.0114713
0.1345
0.00749625
0.174
0.00848303
0.1405
0.167082
0.1395
0.016
0.134
0.127
0.0743884
0.1035
0.105841
0.1655
0.143784
0.174913
0.142
0.0289421
0.0774226
0.053
0.1235
0.114
0.128
0.1185
0.0785
0.00849575
0.0834166
0.1505
0.191808
0.1425
0.0994503
0.142929
0.0055
0.1295
0.145
0.163918
0.134
0.068
0.104448
0.0875
0.107946
0.133933
0.1515
0.148
0.1345
0.028
0.149925
0.163591
0.178411
0.009
0.100849
0.1815
0.007996
0.073
0.12044
0.016
0.0943585
0.0225
0.151848
0.165834
0.0594406
0.121
0.144783
0.069965
0.015
0.165917
0.118941
0.146853
0.0784216
0.1305
0.1455
0.0274863
0.0355
0.1235
0.185
0.126873
0.175237
0.148851
0.0985
0.173913
0.145355
0.162419
0.118323
0.107446
0.0909545
0.133433
0.128871
0.017991
0.1175
0.14678
0.136
0.154845
0.0529471
0.165917
0.15942
0.155844
0.1505
0.128871
0.135297
0.008
0.0149925
0.081959
0.151
0.095
0.113387
0.154
0.169
0.147
0.0775
0.188312
0.0095
0.146
0.10989
0.0154923
0.116442
0.114443
0.123
0.17991
0.108891
0.117882
0.112887
0.101
0.1105
0.1655
0.150849
0.0029985
0.131434
0.0174651
0.116326
0.012
0.125437
0.154346
0.136364
0.0784216
0.163
0.00949051
0.115884
0.116326
0.144356
0.104948
0.133433
0.162338
0.0474525
0.027
0.009
0.0069965
0.0935
0.119
0.106394
0.130435
0.0109945
0.156
0.134933
0.098
0.155844
0.0479281
0.009995
0.176735
0.144356
0.0194903
0.147426
0.142929
0.026
0.127309
0.0325
0.118881
0.0945
0.0745
0.174
0.115884
0.007
0.1625
0.164172
0.009
0.146
0.1295
0.149351
0.150849
0.153423
0.175912
0.158263
0.105841
0.00898204
0.1605
0.1785
0.148056
0.129935
0.17991
0.00849575
0.0065
0.121
0.100849
0.1845
0.1065
0.1425
0.0934533
0.173
0.128871
0.1295
0.150425
0.136932
0.089366
0.175
0.122877
0.12032
0.074
0.150425
0.130869
0.14029
0.0319521
0.0629685
0.118941
0.142929
0.0129805
0.01
0.176
0.157
0.164
0.124938
0.168831
0.166
0.133433
0.1275
0.1235
0.116
0.0855
0.006
0.142929
0.156922
0.1625
0.1595
0.007996
0.142929
0.005997
0.1695
0.1595
0.172914
0.107446
0.0085
0.15976
0.10479
0.145854
0.114828
0.111888
0.0815
0.012987
0.176735
0.0164753
0.00849151
0.160839
0.106
0.149775
0.151273
0.074
0.0415
0.0154845
0.165
0.124938
0.171742
0.1125
0.0344828
0.015976
0.1135
0.0504244
0.145854
0.0169915
0.091
0.148
0.139291
0.129
0.158921
0.076
0.119
0.1815
0.00648703
0.148851
0.1165
0.0104895
0.165917
0.168332
0.133367
0.098
0.119381
0.0749251
0.169246
0.148851
0.0165
0.0139721
0.1585
0.118323
0.0075
0.1325
0.112332
0.161838
0.0529471
0.146427
0.121817
0.169246
0.1345
0.0109945
0.145854
0.1185
0.126311
0.138931
0.122877
0.133367
0.12
0.104
0.1345
0.1265
0.135796
0.09
0.105
0.117324
0.104948
0.1585
0.0459311
0.174738
0.089366
0.179231
0.0194903
0.011988
0.00799201
0.112444
0.121939
0.157421
0.0269865
0.145355
0.0149775
0.1245
