0.16983
0.0889555
0.0125
0.131
0.1365
0.133433
0.164918
0.117265
0.00349825
0.135
0.00599401
0.131868
0.0229885
0.0979021
0.153
0.153
0.114943
0.0644678
0.112944
0.153
0.0165
0.1145
0.0275
0.114214
0.1305
0.15942
0.00399202
0.156422
0.118941
0.073
0.134933
0.0194805
0.134933
0.131737
0.186907
0.007996
0.1615
0.005997
0.138362
0.1385
0.143928
0.137793
0.176
0.162419
0.112887
0.14043
0.101949
0.136795
0.1075
0.1375
0.0134798
0.0529471
0.129935
0.111444
0.134299
0.1595
0.177822
0.1635
0.00598802
0.011
0.134933
0.011988
0.077
0.0129805
0.123377
0.142287
0.139
0.121439
0.1135
0.0895
0.125874
0.149
0.118382
0.037
0.0829585
0.145355
0.187313
0.16034
0.007
0.125
0.0334498
0.0255
0.146427
0.16
0.176412
0.117941
0.13943
0.01
0.1115
0.00848727
0.0744256
0.129
0.1405
0.0164671
0.057
0.126937
0.161919
0.146853
0.152424
0.125874
0.1815
0.0249875
0.121939
0.0129935
0.0109945
0.142
0.128308
0.166334
0.129
0.162837
0.156608
0.0989505
0.1635
0.0944528
0.0309845
0.131434
0.1275
0.122877
0.057
0.055
0.17
0.0944056
0.144
0.149
0.0364453
0.151
0.164254
0.1435
0.0285
0.015
0.163
0.124251
0.1725
0.102949
0.128372
0.14
0.145854
0.097
0.110445
0.17324
0.1385
0.173739
0.155267
0.134
0.132867
0.127436
0.048951
0.14093
0.14036
0.155
0.1535
0.0145
0.0559441
0.004995
0.138931
0.107946
0.121
0.128
0.1235
0.1275
0.144928
0.0399202
0.184316
0.1065
0.126374
0.0174738
0.108891
0.15942
0.0435
0.156
0.179
0.137363
0.1335
0.0294853
0.146927
0.113886
0.169
0.1265
0.16034
0.164254
0.147279
0.079
0.133933
0.135095
0.142216
0.162
0.073
0.174
0.1535
0.172
0.0129805
0.137
0.01
0.1
0.0129935
0.1105
0.0829171
0.12094
0.1275
0.152
0.161919
0.138
0.177234
0.122877
0.00698254
0.137862
0.0089955
0.192615
0.14985
0.11988
0.1715
0.0254618
0.0989505
0.0974513
0.1405
0.1405
0.1445
0.117324
0.0954523
0.022
0.146927
0.0683633
0.135432
0.122877
0.109391
0.0149925
0.115442
0.163
0.112944
0.007996
0.121756
0.123
0.101
0.17
0.017
0.102193
0.151772
0.1455
0.054
0.156422
0.0089955
0.124314
0.14
0.09336
0.181546
0.0184908
0.164
0.112887
0.0864136
0.1435
0.153
0.114386
0.1195
0.130804
0.155
0.0209895
0.1625
0.127436
0.1505
0.128436
0.183908
0.13986
0.108
0.0569715
0.1535
0.158421
0.0244633
0.1295
0.107
0.156843
0.013986
0.122439
0.1495
0.186221
0.0989505
0.0234765
0.0105
0.1025
0.014
0.0559441
0.0129935
0.1455
0.0435
0.140789
0.163
0.00698952
0.1105
0.034
0.109
0.135
0.1445
0.130435
0.141
0.170659
0.10479
0.123438
0.0204795
0.058
0.123814
0.143928
0.125
0.136
0.153
0.130435
0.135
0.0144928
0.1375
0.131369
0.103896
0.108891
0.1685
0.1065
0.00699301
0.1605
0.0705
0.194708
0.102193
0.12681
0.131
0.163
0.163
0.0075
0.0883234
0.0449775
0.131369
0.117441
0.10989
0.0224888
0.15327
0.117441
0.0154768
0.136
0.109391
0.015
0.1495
0.0544728
0.128936
0.163
0.0874126
0.0925
0.144284
0.1575
0.122939
0.143285
0.118941
0.145
0.0145
0.08
0.015
0.132867
0.131369
0.05
0.171414
0.131369
0.0114885
0.1245
0.103948
0.121318
0.155
0.0959041
0.1295
0.122
0.1495
0.149
0.138431
0.0125
0.089955
0.005997
0.0145
0.106394
0.124438
0.104
0.164753
0.1455
0.155422
0.1295
0.0778832
0.013993
0.00548902
0.058
0.1195
0.174
0.009995
0.118323
0.118382
0.0089955
0.021978
0.118263
0.189621
0.0759241
0.099
0.0334498
0.166833
0.15
0.0255
0.1445
0.122877
0.108946
0.189621
0.141429
0.112
0.1065
0.016
0.131434
0.1735
0.147
0.1255
0.0543912
0.009995
0.18
0.148
0.129935
0.1185
0.0204693
0.076
0.166584
0.125437
0.164918
0.162837
0.111
0.162837
0.0944528
0.124376
0.14678
0.126311
0.136
0.127373
0.169162
0.0889111
0.147926
0.129
0.029
0.156422
0.1245
0.101
0.0144783
0.179
0.1245
0.118822
0.1435
0.128436
0.117
0.0344828
0.197303
0.115
0.0747757
0.008
0.0114885
0.1495
0.0255
0.0294853
0.169415
0.124376
0.187
0.0424788
0.123377
0.152
0.051
0.150774
0.0625
0.176912
0.0929535
0.0204795
0.00749625
0.016
0.114885
0.0935
0.0049975
0.157763
0.182726
0.0829171
0.1625
0.144928
0.1185
0.1435
0.131868
0.128
0.163
0.172914
0.1685
0.171828
0.115442
0.159341
0.1555
0.0144928
0.1625
0.131434
0.0805
0.148
0.136432
0.107
0.153846
0.187
0.097
0.09336
0.166
0.129371
0.129
0.156344
0.1365
0.00549176
0.0635
0.1365
0.122317
0.0115
0.0169915
0.167
0.0543912
0.0129805
0.054
0.108837
0.166917
0.0982544
0.12
0.118441
0.1425
0.187313
0.0435
0.151772
0.158
0.0655
0.128308
0.0149701
0.127309
0.128871
0.162837
0.109
0.0194805
0.158841
0.136432
0.166833
0.131737
0.156422
0.0789211
0.155
0.153423
0.151273
0.0559441
0.156344
0.1565
0.0534199
0.118441
0.1045
0.1145
0.12044
0.1245
0.00998502
0.041
0.112944
0.16
0.155422
0.1455
0.0739261
0.150425
0.1265
0.135432
0.14036
0.187313
0.206897
0.0884116
0.0889111
0.125375
0.011
0.105947
0.135432
0.115385
0.136
0.1475
0.147926
0.0285
0.0319521
0.136932
0.0234765
0.115942
0.15942
0.117265
0.131369
0.023988
0.142216
0.1275
0.146853
0.00698952
0.128871
0.134
0.0944056
0.123876
0.1045
0.1505
0.003998
0.163754
0.1333
0.1495
0.010978
0.146927
0.0129935
0.155422
0.1365
0.012
0.149425
0.009
0.1515
0.124376
0.139
0.00749625
0.013993
0.1255
0.1325
0.1295
0.125437
0.151
0.148
0.091954
0.0874563
0.0249875
0.145
0.148
0.166334
0.151424
0.15992
0.1615
0.0832502
0.144928
0.005997
0.1635
0.0234765
0.171
0.0989505
0.136432
0.10095
0.129371
0.155422
0.0249875
0.0644678
0.1475
0.008
0.188906
0.0095
0.0965
0.123438
0.127872
0.0404393
0.171
0.0195
0.0115
0.11333
0.1715
0.1565
0.158
0.1165
0.138431
0.1
0.127309
0.0049975
0.00649351
0.128871
0.0404393
0.156344
0.147426
0.13037
0.137294
0.100899
0.1305
0.162419
0.110723
0.194708
0.156843
0.131434
0.151924
0.1485
0.021
0.167
0.091
0.121
0.00999001
0.0983034
0.14985
0.187313
0.0543912
0.0089955
0.1355
0.1375
0.167
0.124
0.0739261
0.122
0.0945
0.145355
0.1655
0.0982544
0.1365
0.146853
0.0234765
0.1335
0.0983034
0.137
0.008
0.012
0.1655
0.0615
0.123
0.123814
0.150925
0.111944
0.00698952
0.0475
0.132867
0.0775
0.0985
0.149425
0.149425
0.009995
0.167916
0.144855
0.137931
0.1175
0.145927
0.149425
0.134865
0.15992
0.14093
0.156344
0.009
0.15
0.155
0.162
0.144
0.012
0.153769
0.129371
0.164918
0.0804598
0.0495
0.142929
0.0149925
0.0935
0.155844
0.122439
0.139
0.0884116
0.1105
0.047
0.133
0.106
0.176412
0.194403
0.123938
0.1485
0.0429356
0.145355
0.0155
0.145427
0.0464768
0.0129935
0.129242
0.192904
0.1415
0.126311
0.130305
0.15942
0.0129805
0.1295
0.170915
0.1425
0.00649351
0.0134798
0.00998502
0.149925
0.009995
0.125437
0.1295
0.168
0.181
0.129
0.0265
0.1285
0.017991
0.145
0.0314843
0.145
0.121439
0.15992
0.122255
0.074
0.041
0.0655
0.103896
0.166
0.115442
0.131
0.155
0.125
0.057
0.103
0.131934
0.0729271
0.0424788
0.045
0.138
0.144855
0.1635
0.1945
0.149626
0.142429
0.00349825
0.104448
0.1045
0.159
0.170829
0.1545
0.0594703
0.131
0.009995
0.016
0.0189905
0.10095
0.0344655
0.127
0.0065
0.0545
0.141359
0.0744256
0.009995
0.176
0.017991
0.1245
0.11039
0.1595
0.0135
0.14043
0.106447
0.022
0.147926
0.124314
0.1115
0.136795
0.00749625
0.0778832
0.111944
0.166334
0.154
0.103948
0.0275
0.113273
0.124438
0.135432
0.0355
0.0319521
0.1435
0.102193
0.148426
0.0884116
0.166
0.101348
0.1265
0.104
0.123814
0.12
0.1
0.105395
0.190405
0.122439
0.1365
0.0504496
0.177822
0.129371
0.127436
0.165
0.09
0.166417
0.0735
0.0969031
0.0294853
0.131369
0.1055
0.16
0.171
0.154923
0.074
0.117441
0.094
0.115442
0.0105
0.0365
0.017991
0.097
0.0799201
0.1315
0.107
0.138362
0.172914
0.125
0.16092
0.123
0.131434
0.1355
0.009
0.117324
0.0105
0.112944
0.163
0.013
0.1625
0.142786
0.015
0.151424
0.122877
0.0884116
0.117441
0.14
0.0154691
0.149425
0.152
0.011477
0.142786
0.0414172
0.111277
0.163
0.141359
0.0225
0.128372
0.153194
0.129
0.132
0.125937
0.067966
0.129306
0.155422
0.136
0.1145
0.11
0.117
0.1235
0.0375
0.01
0.1655
0.0684658
0.00749625
0.0209895
0.111
0.146633
0.0625
0.146927
0.046953
0.061
0.00749625
0.108
0.0365
0.137
0.2055
0.138
0.1365
0.142857
0.129371
0.0545
0.1295
0.0255
0.037
0.118441
0.121
0.136863
0.114943
0.110279
0.143713
0.147
0.132934
0.124376
0.146281
0.118441
0.137363
0.111
0.108
0.127246
0.115385
0.171158
0.166833
0.00998502
0.139
0.142358
0.0215
0.17324
0.15942
0.166917
0.117383
0.1425
0.127436
0.145854
0.1185
0.1695
0.174
0.1295
0.0155
0.0529471
0.0129935
0.1405
0.0224888
0.15035
0.0995
0.008
0.142429
0.0104948
0.149775
0.1515
0.123814
0.151
0.15992
0.124
0.133
0.0125
0.0989505
0.0255
0.127936
0.152
0.0889111
0.129371
0.00949051
0.130305
0.123
0.144
0.122
0.176236
0.176912
0.0895
0.142429
0.123377
0.123
0.1475
0.155844
0.1525
0.166334
0.1515
0.009
0.15976
0.137294
0.137
0.171243
0.126873
0.190405
0.138431
0.009
0.15976
0.0114885
0.134933
0.0964036
0.0169915
0.155
0.0454545
0.011994
0.131369
0.0764618
0.173413
0.136795
0.131
0.15
0.08
0.009
0.1935
0.1365
0.1435
0.0045
0.143357
0.030969
0.1425
0.0104948
0.0944056
0.1475
0.164254
0.0625
0.122439
0.0909091
0.114943
0.0454545
0.118263
0.0085
0.0614386
0.054
0.138362
0.149551
0.187
0.1333
0.127436
0.165
0.148
0.0829171
0.13037
0.108
0.1155
0.0089955
0.122439
0.1485
0.112
0.1195
0.00649026
0.154192
0.15992
0.009995
0.163
0.01
0.015
0.0114885
0.0035
0.170415
0.0955
0.194805
0.1505
0.013993
0.00698952
0.014
0.109445
0.00548902
0.123814
0.181546
0.0948104
0.109945
0.157421
0.162419
0.011
0.087956
0.159341
0.137862
0.1375
0.0895
0.127936
0.0035
0.171
0.0654346
0.17
0.125375
0.117383
0.146927
0.10479
0.167916
0.153347
0.155422
0.156422
0.121
0.115942
0.142929
0.170829
0.16026
0.144
0.1735
0.047
0.0994503
0.0664336
0.105947
0.121756
0.156422
0.136296
0.185
0.117441
0.00749625
0.14093
0.1525
0.133
0.0174738
0.0559441
0.00649026
0.011988
0.126937
0.176912
0.182726
0.157421
0.171
0.02
0.1615
0.165751
0.154691
0.143928
0.137793
0.107
0.163
0.153846
0.104396
0.024975
0.0225
0.15942
0.111222
0.0134865
0.013
0.146
0.0424788
0.0264868
0.151
0.0135
0.123
0.008
0.109391
0.158184
0.0184908
0.0968064
0.16034
0.014
0.158184
0.035
0.057
0.0775
0.1705
0.008
0.147
0.045
0.099
0.157029
0.133
0.0209895
0.0464768
0.110445
0.0454545
0.0964036
0.0174825
0.13986
0.134
0.107946
0.173
0.156422
0.110279
0.116
0.0995
0.131434
0.147926
0.145427
0.131934
0.112887
0.122939
0.1075
0.147926
0.15992
0.00598802
0.17
0.1515
0.167
0.0895
0.103397
0.143428
0.0414172
0.00898652
0.127936
0.15942
0.154923
0.15942
0.14
0.14
0.144928
0.1005
0.150925
0.1135
0.14
0.0035
0.120259
0.0494259
0.1205
0.182
0.01
0.114443
0.165
0.161919
0.14985
0.0864136
0.008
0.10634
0.023976
0.1515
0.0089955
0.171
0.147926
0.137
0.158
0.117441
0.161919
0.010989
0.174
0.0115
0.0105
0.0144783
0.151848
0.141929
0.136
0.00449102
0.122255
0.0644678
0.1505
0.0275
0.029985
0.130935
0.0065
0.117941
0.00998502
0.151424
0.0944528
0.123876
0.1635
0.151
0.182817
0.00998502
0.163
0.183
0.0294853
0.148352
0.183
0.146633
0.0044955
0.011
0.009
0.0424788
0.130435
0.0895
0.057
0.123377
0.158841
0.163
0.123
0.137431
0.0975
0.159261
0.141929
0.0135
0.1535
0.1485
0.0309845
0.1695
0.134
0.122877
0.139
0.135
0.0164918
0.101348
0.1333
0.0154923
0.115942
0.1635
0.0049975
0.0938124
0.156843
0.166334
0.176912
0.118441
0.1375
0.151924
0.00549176
0.171828
0.09995
0.116267
0.097
0.012
0.138362
0.131434
0.107
0.1045
0.117441
0.0738892
0.138931
0.0154923
0.166334
0.0775
0.1735
0.0175
0.0385
0.134933
0.135
0.155422
0.115385
0.1445
0.156422
0.0344655
0.1545
0.088
0.1145
0.176236
0.151349
0.2055
0.177234
0.1505
0.069
0.146927
0.149425
0.1365
0.113387
0.1385
0.143428
0.0883234
0.148
0.131934
0.019
0.1735
0.006
0.1255
0.142
0.113886
0.158184
0.0898204
0.0729271
0.0875
0.115942
0.155
0.134865
0.122877
0.0828343
0.1045
0.0614079
0.162419
0.015
0.15992
0.008
0.169
0.013993
0.089955
0.0184908
0.11982
0.0134933
0.158421
0.0135
0.164254
0.1145
0.122439
0.156344
0.159
0.127436
0.144
0.117324
0.0864136
0.0684658
0.0124938
0.1025
0.127
0.110445
0.186907
0.145781
0.15
0.013
0.131369
0.109
0.00948577
0.095357
0.106786
0.138
0.1455
0.1275
0.0959041
0.131369
0.1425
0.135
0.0989505
0.079
0.135365
0.1535
0.0385
0.164753
0.182
0.00549176
0.0614386
0.0129935
0.137931
0.158184
0.0404595
0.154923
0.012
0.189621
0.148
0.110445
0.172914
0.09336
0.0405
0.157421
0.047
0.123377
0.138431
0.1115
0.135
0.0925
0.139
0.0874126
0.128372
0.15327
0.092
0.16092
0.0114885
0.14093
0.1415
0.113943
0.168416
0.009995
0.117
0.142929
0.136
0.146
0.174
0.0135
0.187
0.142929
0.128871
0.0793413
0.156922
0.134366
0.0224888
0.00748877
0.165
0.0125
0.124
0.1165
0.0035
0.1245
0.12475
0.0305
0.14036
0.0169915
0.108
0.137431
0.0569715
0.0129805
0.126937
0.113387
0.161
0.093
0.0235
0.108837
0.00948104
0.103844
0.012
0.123
0.009
0.0754623
0.05
0.0544728
0.0235
0.109
0.0154768
0.1555
0.104
0.0385
0.166
0.0125
0.183408
0.139
0.0709645
0.097
0.160679
0.166417
0.0955
0.145355
0.095952
0.007
0.145
0.127
0.153923
0.1495
0.01
0.162419
0.1395
0.151848
0.0189905
0.143928
0.143784
0.1595
0.128
0.0404595
0.0124938
0.136863
0.166833
0.110945
0.117383
0.146927
0.0744256
0.117
0.1155
0.134865
0.17
0.15327
0.0154691
0.111944
0.0114885
0.1445
0.142
0.0614386
0.131802
0.183908
0.011
0.106
0.158841
0.1445
0.1395
0.1055
0.00599101
0.0044955
0.12044
0.0765
0.023988
0.021
0.176412
0.048951
0.130305
0.129371
0.0705
0.12
0.1475
0.166417
0.0944056
0.00748877
0.006
0.1625
0.008
0.1565
0.0895
0.164918
0.077961
0.146853
0.166417
0.146927
0.152
0.111444
0.1945
0.1505
0.0105
0.0829585
0.0155
0.00698254
0.0075
0.117
0.128936
0.1275
0.00998502
0.014
0.14093
0.009
0.12044
0.112944
0.12987
0.15942
0.012
0.147852
0.145355
0.027
0.183908
0.125
0.1435
0.116442
0.0254745
0.0109945
0.117
0.00499002
0.11477
0.012
0.12094
0.0955
0.093953
0.107
0.041
0.164
0.14036
0.130435
0.130435
0.0705
0.0705
0.103
0.145854
0.174913
0.0655
0.102398
0.1065
0.132368
0.158184
0.151349
0.118441
0.170915
0.1455
0.107
0.182318
0.168332
0.145355
0.184316
0.125437
0.122877
0.187313
0.123438
0.1295
0.0874126
0.158184
0.1555
0.1685
0.155
0.182726
0.1815
0.158
0.1545
0.153
0.0234765
0.151
0.131369
0.149425
0.172914
0.14093
0.143928
0.116326
0.0729271
0.0529471
0.153423
0.0134798
0.00949051
0.1315
0.155
0.110945
0.127
0.0804598
0.1345
0.18
0.1145
0.148
0.15
0.127436
0.1185
0.118263
0.143428
0.154845
0.176
0.115442
0.0075
0.165335
0.110445
0.012
0.013993
0.0105
0.091954
0.170075
0.025
0.1175
0.172914
0.124438
0.0115
0.1135
0.145
0.0375
0.14093
0.113943
0.0565
0.154691
0.1265
0.0764618
0.153846
0.00499002
0.141429
0.00649026
0.1115
0.0854573
0.0215
0.1395
0.057
0.0529471
0.0982544
0.108
0.00849575
0.124688
0.12
0.136432
0.161919
0.154346
0.1405
0.149626
0.0864568
0.103896
0.1435
0.133
0.00599101
0.192615
0.131369
0.1695
0.0968064
0.115942
0.006
0.151424
0.151924
0.0955
0.124688
0.142929
0.103
0.144783
0.0793413
0.171
0.143784
0.113943
0.0729635
0.016
0.131369
0.146354
0.0655
0.1595
0.01
0.122939
0.12681
0.166251
0.128936
0.02
0.187
0.109445
0.116883
0.0105
0.015984
0.155422
0.111333
0.137931
0.144428
0.0325
0.151424
0.0739261
0.013
0.164254
0.166
0.0494259
0.137
0.1275
0.116
0.148
0.127436
0.144
0.108891
0.00649026
0.170915
0.0065
0.00449775
0.0374438
0.1465
0.121878
0.103
0.143357
0.0154768
0.018981
0.0954523
0.164418
0.11944
0.1345
0.182
0.1225
0.0114885
0.107393
0.124
0.1275
0.127808
0.144428
0.057
0.1595
0.120879
0.16026
0.00349476
0.1135
0.135095
0.021989
0.147353
0.00499002
0.0935
0.077961
0.113943
0.1305
0.045
0.176912
0.0829585
0.1455
0.145
0.138
0.0105
0.182
0.0085
0.0075
0.111333
0.091954
0.0034965
0.0935
0.1465
0.1695
0.154192
0.0109945
0.0913174
0.1355
0.091954
0.105894
0.112
0.0484032
0.1055
0.122255
0.107
0.0965
0.115442
0.137294
0.131303
0.103
0.058
0.1255
0.0124938
0.142857
0.0995
0.113387
0.13986
0.131868
0.119
0.159601
0.0625
0.014
0.159601
0.029985
0.138362
0.108
0.144928
0.1375
0.0194805
0.116942
0.0889555
0.144928
0.153846
0.125375
0.162
0.041979
0.119
0.0135
0.0955
0.155844
0.133
0.153
0.165335
0.126374
0.15
0.173
0.17324
0.0982544
0.128871
0.166
0.0615
0.1495
0.167249
0.118323
0.144
0.0214893
0.174913
0.0908637
0.0244633
0.0955
0.128308
0.1295
0.138362
0.141429
0.149925
0.012
0.0954523
0.0114885
0.0559441
0.138931
0.009995
0.1415
0.186221
0.05
0.15327
0.0134865
0.09
0.097
0.00899101
0.1005
0.147852
0.0174825
0.145355
0.133
0.149351
0.1395
0.0305
0.030969
0.125437
0.11944
0.117
0.124438
0.16026
0.168332
0.110445
0.0668329
0.021
0.183
0.145
0.027986
0.1445
0.0085
0.103948
0.142
0.133
0.1475
0.187313
0.00499002
0.1465
0.159261
0.105
0.103
0.14
0.104396
0.147279
0.084
0.1485
0.10095
0.114943
0.1105
0.00399202
0.147852
0.130869
0.131238
0.1355
0.0385
0.153347
0.0355
0.1295
