0.17
0.165417
0.0384808
0.163174
0.019
0.153923
0.192212
0.176912
0.184316
0.207293
0.196902
0.172156
0.149
0.157
0.196705
0.168248
0.177
0.17982
0.176
0.1715
0.159261
0.201198
0.1735
0.0215
0.171742
0.176912
0.14093
0.172156
0.0105
0.1835
0.004
0.1994
0.177733
0.123
0.128
0.2255
0.0124938
0.197
0.179641
0.197303
0.18672
0.160839
0.24088
0.146
0.191213
0.1835
0.187718
0.1845
0.178821
0.137294
0.206
0.146853
0.155267
0.168416
0.164
0.203297
0.188406
0.185407
0.154691
0.010989
0.234913
0.18
0.004
0.165917
0.129805
0.172328
0.170245
0.154
0.194805
0.162
0.00349825
0.155922
0.158841
0.121
0.135932
0.175
0.17991
0.00949051
0.2255
0.00949051
0.210395
0.147279
0.142
0.124
0.17
0.169
0.171914
0.190215
0.155
0.162338
0.114943
0.203195
0.1795
0.152924
0.162675
0.112
0.0184815
0.157921
0.182227
0.164
0.177822
0.1915
0.134
0.168916
0.0069965
0.158
0.151924
0.207293
0.171742
0.207293
0.227386
0.1695
0.16
0.172156
0.189311
0.146853
0.154423
0.148851
0.011994
0.1695
0.154845
0.1985
0.181
0.2095
0.163836
0.131303
0.1825
0.183816
0.166833
0.155766
0.178
0.0209895
0.200699
0.134433
0.161419
0.176
0.195207
0.1385
0.1765
0.077961
0.169
0.182726
0.184408
0.160839
0.194903
0.183908
0.212394
0.191309
0.184723
0.188933
0.2105
0.01
0.194805
0.142
0.236382
0.195
0.1995
0.154423
0.01
0.157421
0.1295
0.01
0.0095
0.166334
0.175325
0.164589
0.183
0.205397
0.166917
0.178233
0.187906
0.162176
0.146208
0.146
0.162919
0.184408
0.1825
0.175
0.208
0.21
0.253
0.187
0.203094
0.101898
0.192212
0.137793
0.175
0.191404
0.2065
0.028
0.202197
0.1405
0.156922
0.219
0.2145
0.194
0.191
0.194805
0.1465
0.00449775
0.108446
0.154923
0.1755
0.0195
0.1945
0.207
0.1675
0.149701
0.211682
0.18091
0.185407
0.112388
0.19
0.167
0.186813
0.166334
0.157
0.202399
0.17
0.175325
0.168831
0.157421
0.0144638
0.135932
0.1325
0.1865
0.00949525
0.168
0.126374
0.218391
0.185407
0.145927
0.1485
0.185721
0.164336
0.119701
0.214393
0.1665
0.154192
0.214893
0.1985
0.220779
0.174
0.2055
0.190405
0.178233
0.189715
0.1445
0.0234765
0.108337
0.017991
0.223388
0.0284858
0.181
0.194903
0.153423
0.174
0.195207
0.167
0.18
0.009995
0.142
0.134
0.182
0.161919
0.1745
0.194403
0.0319361
0.154
0.1275
0.0154923
0.194403
0.13993
0.1635
0.211
0.0174825
0.183
0.011994
0.011
0.138
0.163
0.2045
0.154423
0.1395
0.202899
0.00848727
0.190405
0.1998
0.212
0.162176
0.146853
0.162419
0.162
0.183908
0.174
0.144284
0.172
0.110445
0.177
0.192212
0.1625
0.1065
0.174
0.1955
0.018
0.152
0.194209
0.187
0.1885
0.1805
0.216675
0.205
0.1495
0.0104843
0.184408
0.157921
0.169492
0.0249875
0.174
0.1875
0.13993
0.1425
0.15976
0.009995
0.117882
0.189715
0.1695
0.150925
0.201899
0.164418
0.190809
0.11982
0.174
0.1755
0.173
0.190405
0.127
0.18
0.1535
0.143428
0.189405
0.1965
0.1715
0.123377
0.18041
0.18041
0.167
0.154269
0.1855
0.153846
0.1845
0.069
0.197401
0.194
0.1905
0.174413
0.2105
0.155
0.109
0.01
0.219
0.190905
0.215285
0.131434
0.114828
0.163418
0.135365
0.16042
0.0104843
0.184908
0.011994
0.217391
0.0929071
0.191404
0.150925
0.216
0.187406
0.149925
0.112444
0.178233
0.1245
0.196304
0.190809
0.2005
0.0185
0.182227
0.142857
0.151924
0.2035
0.117441
0.112944
0.1865
0.203398
0.1405
0.168993
0.1835
0.171329
0.161
0.123876
0.2195
0.1875
0.216675
0.0334665
0.182726
0.1875
0.183724
0.157921
0.1745
0.015992
0.174326
0.153423
0.0155
0.18
0.144928
0.176912
0.145636
0.1455
0.164418
0.210395
0.1635
0.163418
0.197401
0.101449
0.1865
0.156922
0.0635
0.2045
0.23315
0.167166
0.1115
0.158841
0.159681
0.14093
0.181
0.0615
0.162
0.156
0.208
0.133
0.169
0.149425
0.125
0.195305
0.102
0.012987
0.143856
0.114329
0.218454
0.17941
0.171828
0.169492
0.203297
0.207396
0.177822
0.1705
0.129
0.182
0.189405
0.181818
0.163
0.142429
0.163418
0.235764
0.181409
0.0204795
0.18091
0.198
0.118941
0.154691
0.188406
0.197401
0.0069965
0.18091
0.133433
0.174
0.130305
0.011
0.178411
0.196402
0.13979
0.164
0.176236
0.009995
0.176912
0.163
0.012
0.157264
0.0865
0.178233
0.2145
0.023988
0.126937
0.2015
0.127436
0.2275
0.0305
0.163836
0.203491
0.18091
0.191213
0.175649
0.165
0.1995
0.148352
0.05997
0.182726
0.16092
0.1425
0.167
0.212
0.1
0.155267
0.156
0.165
0.15942
0.1455
0.176912
0.115826
0.216
0.185
0.169162
0.153423
0.1675
0.1225
0.127
0.134
0.165335
0.0709291
0.187126
0.1825
0.10684
0.1065
0.184316
0.1445
0.18
0.202
0.178732
0.00349825
0.185907
0.0155
0.137
0.173
0.134433
0.1745
0.159
0.141
0.176912
0.176324
0.208896
0.172156
0.143641
0.135
0.028
0.1645
0.190809
0.0065
0.1565
0.163
0.184908
0.197303
0.200699
0.128436
0.1999
0.151
0.204693
0.18
0.135932
0.18091
0.194
0.18672
0.15942
0.0075
0.211894
0.141929
0.174413
0.13037
0.185721
0.157921
0.188406
0.0184723
0.204296
0.2115
0.171914
0.205295
0.172242
0.183908
0.1915
0.190809
0.157
0.217782
0.15942
0.145
0.192404
0.178732
0.17033
0.188811
0.1695
0.167
0.00949525
0.136
0.197303
0.0195
0.188906
0.183908
0.143
0.1885
0.146427
0.161919
0.16
0.149351
0.164835
0.184908
0.169246
0.169
0.181138
0.131303
0.009995
0.174152
0.164
0.2285
0.2105
0.1565
0.151697
0.164418
0.187718
0.15992
0.154192
0.203898
0.155689
0.172
0.023988
0.152424
0.161339
0.134
0.1665
0.170415
0.1785
0.137931
0.170829
0.176
0.139361
0.1455
0.179321
0.1985
0.149775
0.16092
0.229885
0.195804
0.0625
0.0069965
0.141429
0.1815
0.182409
0.20669
0.1585
0.192404
0.0075
0.17
0.178233
0.183317
0.1785
0.1535
0.0174825
0.196304
0.153423
0.157
0.197901
0.206897
0.069
0.0454545
0.0065
0.210895
0.135932
0.215676
0.1865
0.227659
0.183724
0.169
0.00998502
0.191617
0.129805
0.1415
0.158
0.208
0.190905
0.173
0.184815
0.138
0.163
0.136432
0.130608
0.188906
0.1285
0.179321
0.165917
0.131434
0.2045
0.1115
0.0634049
0.253
0.247752
0.135432
0.126374
0.185
0.176412
0.163418
0.137431
0.0115
0.201
0.015
0.192116
0.2065
0.218391
0.176823
0.0255
0.18
0.103948
0.217391
0.123377
0.170829
0.228771
0.1135
0.15942
0.1955
0.0045
0.205397
0.2045
0.137931
0.155
0.2045
0.137862
0.112388
0.165417
0.196705
0.151
0.12
0.16675
0.187906
0.1395
0.1385
0.155922
0.189
0.195804
0.1455
0.1695
0.157921
0.103844
0.166
0.2105
0.0204795
0.143856
0.1994
0.1595
0.184224
0.194915
0.1625
0.168916
0.161919
0.177
0.167416
0.20669
0.219
0.21967
0.197901
0.127
0.129
0.207396
0.178911
0.1745
0.171
0.176823
0.103896
0.0274451
0.220779
0.1565
0.1925
0.223388
0.194903
0.194805
0.158921
0.208
0.2035
0.153846
0.187406
0.1625
0.2145
0.211894
0.195
0.17016
0.217
0.133866
0.1625
0.166
0.158263
0.135864
0.149276
0.1825
0.216675
0.1915
0.205397
0.037981
0.224888
0.197204
0.163418
0.218891
0.1595
0.149276
0.187406
0.1775
0.202696
0.212394
0.1565
0.172
0.184408
0.1645
0.121
0.138723
0.0264735
0.188406
0.19
0.009995
0.174152
0.152
0.211289
0.0124813
0.0125
0.154269
0.181818
0.17991
0.17991
0.2345
0.218891
0.158921
0.1915
0.155844
0.172242
0.16042
0.15976
0.103896
0.144
0.17324
0.13037
0.212394
0.00849151
0.17982
0.010989
0.131303
0.159261
0.144855
0.1815
0.201
0.162919
0.1335
0.17
0.0589705
0.220669
0.18091
0.1815
0.2275
0.181
0.209895
0.159
0.152348
0.1505
0.191904
0.007996
0.2275
0.1645
0.170415
0.194903
0.138861
0.125375
0.152
0.166833
0.187406
0.1675
0.177822
0.156
0.144711
0.054
0.188623
0.185407
0.195804
0.1745
0.211183
0.132368
0.191
0.236382
0.187718
0.0189905
0.154923
0.188906
0.169415
0.0104843
0.0154923
0.185
0.14093
0.14
0.151349
0.0124938
0.166
0.212787
0.194903
0.144855
0.234913
0.126437
0.13
0.15519
0.1455
0.146208
0.0319361
0.155766
0.0829585
0.163418
0.177822
0.206897
0.219
0.211894
0.191309
0.0949525
0.18014
0.015
0.20979
0.0264868
0.178233
0.188811
0.0255
0.01999
0.164835
0.173739
0.122317
0.1455
0.13037
0.183816
0.194209
0.18041
0.2045
0.152348
0.1625
0.163337
0.178233
0.1775
0.1605
0.203297
0.129
0.158342
0.183816
0.185
0.174413
0.168416
0.143641
0.195
0.169162
0.116883
0.203297
0.18
0.144356
0.00649351
0.217782
0.0255
0.17033
0.178
0.189311
0.1965
0.0065
0.203094
0.203094
0.187906
0.224052
0.135932
0.16
0.155267
0.216675
0.175412
0.209291
0.182635
0.0175
0.180729
0.215285
0.1295
0.202
0.192404
0.2055
0.199301
0.0215
0.125811
0.167
0.203195
0.164753
0.196705
0.01
0.134433
0.174
0.212394
0.208
0.217391
0.176
0.203297
0.1815
0.193903
0.174326
0.009995
0.212182
0.1625
0.168
0.1985
0.192
0.0264868
0.1835
0.168831
0.192212
0.166833
0.148926
0.182
0.0155
0.208
0.0524476
0.108
0.165834
0.1405
0.178
0.1115
0.169915
0.184224
0.1885
0.185
0.1505
0.186407
0.169745
0.1505
0.1665
0.0234765
0.187406
0.18041
0.0085
0.0905
0.181319
0.102
0.181409
0.191617
0.0129935
0.160759
0.17941
0.101898
0.161919
0.17
0.202197
0.1765
0.2005
0.1555
0.174913
0.185407
0.0184815
0.119701
0.175412
0.108
0.171414
0.1795
0.1765
0.186407
0.185814
0.157921
0.158421
0.00698952
0.162338
0.191
0.1335
0.176912
0.142857
0.1765
0.17982
0.158342
0.164
0.142
0.162837
0.209685
0.166833
0.190405
0.206897
0.187219
0.1595
0.167333
0.149
0.155922
0.1785
0.202399
0.135729
0.182817
0.185
0.218391
0.0204795
0.209291
0.01999
0.1515
0.17324
0.171329
0.211788
0.1705
0.205397
0.174
0.154923
0.0904096
0.01997
0.189405
0.1765
0.1485
0.196304
0.205295
0.156422
0.154423
0.162
0.154845
0.00949051
0.125
0.1805
0.170415
0.180639
0.0949525
0.177411
0.1375
0.195902
0.1745
0.186407
0.210185
0.178
0.185
0.198
0.1515
0.177
0.168916
0.011994
0.194403
0.187718
0.229885
0.189
0.00949051
0.1999
0.1645
0.173
0.0958562
0.023
0.155766
0.189405
0.125
0.00699301
0.159261
0.174
0.162338
0.0334665
0.185
0.1835
0.1815
0.007996
0.184908
0.147
0.108446
0.178233
0.194
0.164753
0.177911
0.0744628
0.1515
0.1765
0.196705
0.00349825
0.1485
0.1255
0.0264735
0.167665
0.1535
0.17606
0.1595
0.0564718
0.1995
0.196402
0.158263
0.12
0.147426
0.199
0.135
0.157921
0.188906
0.172827
0.2215
0.192116
0.1705
0.077961
0.196304
0.181409
0.207396
0.141
0.1635
0.155922
0.154423
0.121439
0.1485
0.164172
0.172242
0.169745
0.126
0.114943
0.1795
0.040959
0.192212
0.169415
0.152771
0.169745
0.138362
0.236382
0.1215
0.0109835
0.1495
0.011
0.004
0.1905
0.165335
0.1805
0.177323
0.175649
0.188811
0.186314
0.0264735
0.220669
0.168993
0.040959
0.193903
0.144356
0.167249
0.175824
0.0259611
0.0224888
0.1745
0.178
0.192
0.168416
0.181818
0.209895
0.1765
0.147
0.013979
0.157
0.188623
0.173
0.154423
0.181409
0.164506
0.189311
0.186314
0.156922
0.176324
0.194
0.1845
0.1755
0.1865
0.186627
0.1605
0.134433
0.00998502
0.167
0.18672
0.159
0.1845
0.141429
0.216675
0.163255
0.194403
0.2225
0.1435
0.209895
0.181818
0.00998502
0.110445
0.231
0.0259611
0.0069965
0.166917
0.18672
0.221
0.155922
0.155
0.131303
0.186314
0.17515
0.194
0.0334665
0.012
0.1115
0.2155
0.1465
0.0125
0.143641
0.185
0.175
0.155267
0.122939
0.1725
0.164918
0.170829
0.207
0.157921
0.144855
0.1125
0.162176
0.147926
0.203491
0.176912
0.007996
0.134232
0.166917
0.0925
0.182726
0.0104843
0.152348
0.142429
0.17991
0.150774
0.138362
0.150425
0.00849151
0.193
0.159
0.195902
0.189311
0.2285
0.154923
0.079
0.1655
0.187219
0.183
0.175912
0.164835
0.153923
0.178
0.1105
0.174
0.1495
0.029
0.1495
0.013
0.191404
0.0385
0.169415
0.186627
0.190405
0.184723
0.194
0.174913
0.173
0.205
0.164336
0.172827
0.133866
0.173413
0.1915
0.183908
0.165417
0.194
0.221
0.144284
0.162919
0.1895
0.166833
0.0709291
0.177323
0.187
0.151924
0.165417
0.17
0.155267
0.194805
0.195305
0.211682
0.192212
0.0085
0.0189905
0.142
0.212182
0.21
0.1435
0.029
0.2115
0.1565
0.1865
0.1405
0.120819
0.1625
0.189
0.173
0.18041
0.1935
0.077
0.147926
0.128
0.189
0.187406
0.176324
0.157921
0.192807
0.1935
0.164589
0.209395
0.218391
0.195
0.221667
0.171828
0.1999
0.103844
0.183
0.158263
0.103896
0.015
0.161258
0.147
0.1285
0.153923
0.126374
0.1745
0.160759
0.1605
0.177
0.0154768
0.17982
0.1675
0.007996
0.22089
0.190405
0.1215
0.2145
0.123
0.227386
0.174913
0.029
0.128436
0.20669
0.153769
0.182635
0.127936
0.1335
0.0195
0.191904
0.167
0.147926
0.13993
0.186407
0.197901
0.123377
0.137931
0.195
0.108446
0.168
0.187906
0.1745
0.187219
0.194805
0.186407
0.226387
0.170829
0.0615
0.176912
0.218391
0.1815
0.169745
0.168831
0.148926
0.198702
0.164
0.131434
0.159
0.194403
0.126374
0.175
0.163918
0.208
0.199
0.149202
0.22666
0.191404
0.1505
0.147852
0.1375
0.136432
0.1515
0.163836
0.1395
0.149425
0.176
0.146
0.170915
0.206897
0.183724
0.176
0.157
0.174
0.195902
0.199301
0.195305
0.017973
0.184316
0.172242
0.1795
0.0709291
0.112944
0.211394
0.2025
0.1565
0.187
0.0364453
0.192212
0.156422
0.196304
0.1115
0.135864
0.1815
0.149276
0.077961
0.1725
0.155
0.169
0.163418
0.165335
0.19
0.148
0.135365
0.197303
0.1925
0.1995
0.1415
0.1505
0.194903
0.077
0.12987
0.1655
0.012
0.170744
0.159341
0.191213
0.157685
0.1465
0.138861
0.188906
0.1505
0.212787
0.1675
0.1575
0.162176
0.22666
0.156922
0.161
0.153423
0.1855
0.1385
0.143357
0.154192
0.2025
0.191404
0.141929
0.1675
0.197901
0.174413
0.177411
0.175
0.183408
0.1535
0.168248
0.152348
0.1665
0.195804
0.129
0.1815
0.202399
0.1995
0.148
0.135864
0.1115
0.0115
0.195
0.0095
0.197401
0.186627
0.137931
0.171828
0.188312
0.1985
0.0125
0.109
0.171828
0.0124813
0.176
0.131434
0.229426
0.1505
0.197
0.141
0.183908
0.147279
0.170245
0.168416
0.155766
0.1745
0.181138
0.192
0.194403
0.1665
0.1915
0.188406
0.0164835
0.1785
0.172156
0.13986
0.195902
0.180639
0.163
0.14985
0.1994
0.2175
0.156922
0.118441
0.163337
0.229271
0.145
0.207
0.194903
0.207396
0.191904
0.195
0.2175
0.1805
0.134
0.2025
0.157921
0.198702
0.1855
0.1675
0.229885
0.135932
0.152348
0.201
0.123876
0.17033
0.146208
0.103948
0.1805
0.109
0.142857
0.011
0.205295
0.146853
0.129
0.145427
0.0209895
0.151
0.202696
0.017982
0.194209
0.198302
0.0249875
0.2045
0.188
0.155766
0.164
0.176912
0.1565
0.1865
0.196304
0.197901
0.166334
0.194805
0.181
0.179
0.16042
0.005
0.196304
0.009995
0.1735
0.1575
0.174413
0.0564718
0.1915
0.150774
0.2025
0.137862
0.00998502
0.1565
0.1955
0.138
0.166833
0.208687
0.18091
0.0958562
0.24088
0.128
0.182726
0.174913
0.112444
0.206294
0.171742
0.154
0.1995
0.159681
0.174
0.178
0.157921
0.181
0.1465
0.1935
0.17991
0.171742
0.187
0.2105
0.186813
0.206897
0.1255
0.1635
0.18014
0.1895
0.195
0.181
0.228771
0.201
0.184224
0.2009
0.210185
0.170415
0.2115
0.176912
0.0604396
0.101449
0.174413
0.165335
0.0255
0.216675
0.186407
0.1335
0.1475
0.1995
0.1555
0.0109835
0.206793
0.103844
0.169415
0.159681
0.142715
0.1275
0.184
0.1725
0.1645
0.183908
0.1955
0.017991
0.1915
0.20509
0.183908
0.18
0.1825
0.154423
0.177822
0.131434
0.193
0.0125
0.211682
0.1465
0.192
0.138
0.203
0.026
0.1495
0.153423
0.0134731
0.207189
0.149775
0.203
0.121439
0.04
0.01
0.163
0.195902
0.161339
0.21967
0.15942
0.137931
0.216
0.164
0.159681
0.2004
0.186813
0.022
0.166
0.203297
0.155
0.143285
0.2055
0.185814
0.181409
0.143428
0.155
0.00399401
0.16092
0.188406
0.0548902
0.147
0.211
0.196705
0.0364453
0.0255
0.144855
0.1705
0.171828
0.118
0.198104
0.1465
0.187219
0.1575
0.00849151
0.137793
0.184
0.173413
0.1385
0.079
0.154423
0.0385
0.161419
0.194903
0.1595
0.1999
0.11944
0.112887
0.148851
0.1535
0.2195
0.171914
0.1525
0.189311
0.169
0.1395
0.112388
0.205897
0.01
0.17016
0.1665
0.178
0.203297
0.15035
0.0124938
0.130608
0.170245
0.0195
0.134433
0.176
0.1815
0.124
0.153423
0.169745
0.167
0.1465
0.16042
0.0184723
0.1555
0.141429
0.16042
0.189405
0.188312
0.0385
0.186907
0.1815
0.163
0.185407
0.1475
0.164418
0.154192
0.124438
0.1845
0.161919
0.162837
0.181
0.187718
0.216675
0.129805
0.0865
0.202197
0.211
0.1825
0.0244511
0.207396
0.0155
0.191309
0.205295
0.173413
0.1805
0.133433
0.1725
0.167
0.179
0.009995
0.209895
0.0124938
0.164
0.229271
0.117882
0.16042
0.127
0.196705
0.171914
0.2055
0.2065
0.167
0.1895
0.207396
0.1515
0.192212
0.193
0.037981
0.184
0.1735
0.148926
0.143856
0.1965
0.19
0.0144638
0.143856
0.159681
0.157921
0.234913
0.162919
0.215177
0.132368
0.1595
0.135365
0.1345
0.161919
0.18
0.112887
0.0364453
0.1745
0.151924
0.16983
0.108
0.184
0.11944
0.1635
0.155766
0.1365
0.1775
0.1455
0.0364453
0.156922
0.180639
0.142429
0.01997
0.144428
0.195305
0.191309
0.092
0.0154923
0.184815
0.158841
0.181319
0.204
0.069
0.135432
0.156266
0.191309
0.169
0.1725
0.186221
0.178911
0.1995
0.171329
0.182635
0.162919
0.2075
0.154923
0.135365
0.182227
0.169331
0.16042
0.18091
0.186128
0.172156
0.0154923
0.177323
0.173739
0.1445
0.169
0.1745
0.006
0.1595
0.216675
0.149775
0.235764
0.214393
0.170744
0.176
0.131434
0.1835
0.126437
0.1965
0.0604094
0.203094
0.188
0.177822
