0.255
0.22
0.269365
0.26
0.1935
0.2415
0.246377
0.232884
0.2115
0.173913
0.210395
0.288856
0.21967
0.234266
0.2235
0.225774
0.22017
0.20669
0.173
0.0045
0.26024
0.253373
0.1905
0.2305
0.2235
0.2515
0.2025
0.231884
0.2595
0.2
0.239
0.278861
0.274363
0.210895
0.253367
0.2395
0.2455
0.283217
0.250375
0.1885
0.192212
0.215392
0.185407
0.22
0.2055
0.224775
0.244134
0.274863
0.2335
0.244378
0.231884
0.251249
0.23988
0.217391
0.171
0.238381
0.242879
0.227273
0.278361
0.247876
0.236645
0.178465
0.0129935
0.159261
0.242
0.23938
0.2415
0.0244633
0.2
0.2815
0.213893
0.0229885
0.2425
0.236763
0.210895
0.205691
0.259611
0.014
0.254618
0.229385
0.245132
0.173739
0.252374
0.238381
0.262
0.212787
0.219281
0.00549451
0.241
0.235529
0.265968
0.221
0.2345
0.224775
0.217174
0.203898
0.2195
0.2775
0.255372
0.247505
0.22
0.2225
0.212787
0.184408
0.2265
0.2295
0.27359
0.253
0.23
0.259111
0.264236
0.2115
0.293706
0.248876
0.2175
0.243
0.189405
0.2515
0.234
0.230385
0.212787
0.245255
0.211
0.206897
0.287213
0.235764
0.195902
0.219
0.244878
0.265602
0.251249
0.25
0.2585
0.210895
0.2185
0.250875
0.2395
0.252
0.252747
0.223776
0.302349
0.24663
0.267866
0.223
0.285857
0.187406
0.2225
0.2315
0.249251
0.261
0.224888
0.23
0.2275
0.2375
0.233
0.248004
0.2065
0.2225
0.247
0.187625
0.185407
0.211
0.2295
0.18032
0.22505
0.2435
0.241138
0.215892
0.231884
0.237
0.28008
0.0215
0.21978
0.255872
0.183134
0.246
0.2285
0.237381
0.252248
0.257
0.263368
0.01
0.2455
0.267866
0.273363
0.232
0.0209895
0.253373
0.25362
0.212894
0.241259
0.235
0.269365
0.208
0.204296
0.183134
0.21939
0.209395
0.213393
0.262107
0.208896
0.2435
0.2035
0.2705
0.208188
0.25362
0.231884
0.2565
0.227386
0.225162
0.251374
0.26011
0.242258
0.244256
0.214393
0.135432
0.264
0.227046
0.222666
0.218282
0.248376
0.2455
0.005
0.2315
0.234266
0.246377
0.2375
0.007
0.242515
0.2455
0.248128
0.252747
0.205691
0.2075
0.262
0.234383
0.2135
0.2475
0.246
0.245877
0.225387
0.251
0.2605
0.282077
0.1965
0.2605
0.255872
0.189905
0.244888
0.222666
0.244378
0.246
0.242
0.226387
0.277722
0.266101
0.217673
0.233766
0.23027
0.223388
0.242
0.2145
0.2605
0.2595
0.256
0.225275
0.2165
0.219281
0.250875
0.232884
0.252747
0.255988
0.225387
0.238143
0.00849151
0.22505
0.2285
0.255872
0.185315
0.224888
0.248751
0.258371
0.228158
0.2195
0.2195
0.2585
0.195
0.228771
0.214393
0.2055
0.2195
0.1095
0.221
0.273363
0.207896
0.271322
0.135432
0.2435
0.212787
0.250749
0.251748
0.235
0.2315
0.25499
0.1925
0.231884
0.302349
0.1885
0.228
0.236
0.1965
0.248751
0.214393
0.2315
0.0104895
0.2575
0.21
0.24
0.235882
0.274
0.242379
0.2385
0.2545
0.235265
0.228
0.225275
0.279
0.233
0.2735
0.22028
0.277722
0.266867
0.246877
0.223776
0.225
0.247253
0.208791
0.208
0.26
0.231269
0.194
0.26037
0.24038
0.222389
0.2545
0.251249
0.221
0.203694
0.3
0.24026
0.015
0.269
0.255372
0.0229885
0.197802
0.2565
0.185536
0.215
0.247376
0.216284
0.209895
0.2395
0.1965
0.197901
0.217891
0.2445
0.211394
0.2705
0.217891
0.223888
0.246377
0.2245
0.270958
0.2315
0.262475
0.006
0.266367
0.189311
0.223388
0.206
0.192904
0.281219
0.2135
0.2535
0.2575
0.264
0.243878
0.268731
0.275724
0.2485
0.2005
0.208292
0.261239
0.229
0.1845
0.2235
0.1905
0.247253
0.242
0.234765
0.163918
0.190429
0.251748
0.274
0.218282
0.187406
0.231153
0.271322
0.2445
0.242
0.2105
0.190405
0.282077
0.2155
0.00449775
0.250125
0.236882
0.222889
0.241638
0.2285
0.204296
0.229
0.261369
0.251374
0.2105
0.18032
0.247253
0.271322
0.175912
0.243878
0.211394
0.203898
0.2175
0.26011
0.246377
0.254873
0.192904
0.213
0.2195
0.252374
0.164589
0.24663
0.2375
0.259111
0.0189715
0.228429
0.247752
0.2415
0.2415
0.266966
0.0194708
0.2195
0.234
0.247
0.232
0.261
0.2565
0.211
0.245877
0.234383
0.184908
0.1785
0.237762
0.226387
0.2615
0.197802
0.213
0.207688
0.231884
0.265602
0.185536
0.252747
0.27
0.269865
0.22666
0.2425
0.2185
0.262107
0.272727
0.2225
0.1795
0.211
0.243257
0.221778
0.163918
0.270365
0.2415
0.195
0.2655
0.265
0.225662
0.208396
0.004995
0.211289
0.235882
0.24
0.2525
0.2085
0.168831
0.272727
0.207
0.212
0.253247
0.2245
0.256
0.279
0.2225
0.301698
0.253247
0.263972
0.235882
0.233383
0.209395
0.212288
0.228
0.183816
0.207896
0.005
0.2065
0.26087
0.1975
0.257
0.2715
0.229385
0.2385
0.148851
0.23938
0.236146
0.206793
0.261369
0.253873
0.254
0.209895
0.0075
0.270365
0.242757
0.213287
0.242879
0.256
0.173
0.237
0.254873
0.192212
0.238523
0.181727
0.258354
0.218891
0.215392
0.263105
0.264
0.247752
0.206793
0.197802
0.233766
0.26024
0.247752
0.190405
0.228771
0.243878
0.226887
0.25
0.264603
0.22017
0.214179
0.2
0.275
0.1955
0.234883
0.205691
0.203898
0.2545
0.22977
0.225
0.266733
0.2025
0.2325
0.217565
0.227
0.2685
0.01999
0.2735
0.258113
0.253
0.2375
0.2285
0.22
0.277722
0.23
0.2575
0.201399
0.243
0.182
0.2595
0.258741
0.235382
0.281078
0.242
0.277722
0.209895
0.247752
0.271864
0.203898
0.250125
0.163918
0.282218
0.245377
0.2025
0.2545
0.277
0.1955
0.223888
0.254873
0.244755
0.232036
0.205691
0.2535
0.2305
0.242
0.189405
0.228
0.211
0.252747
0.248
0.2265
0.22
0.213
0.223776
0.232884
0.2445
0.221389
0.222389
0.223388
0.2385
0.242636
0.265367
0.241879
0.190429
0.25
0.2235
0.235
0.262
0.2685
0.00449775
0.2615
0.2535
0.241259
0.0075
0.216392
0.22089
0.2325
0.008
0.213393
0.218
0.191404
0.1865
0.253373
0.227886
0.243878
0.2165
0.302349
0.208188
0.2375
0.2185
0.2365
0.268098
0.165252
0.255
0.237762
0.213393
0.255872
0.2235
0.261869
0.225662
0.249126
0.217
0.24038
0.252874
0.2265
0.196902
0.159261
0.234266
0.215354
0.255372
0.246377
0.297851
0.2085
0.256
0.238
0.261869
0.2395
0.277
0.229885
0.2635
0.238381
0.247752
0.227273
0.187625
0.233766
0.248876
0.269365
0.233
0.230885
0.235265
0.21
0.2455
0.271364
0.233383
0.238881
0.184
0.2415
0.271364
0.282077
0.1995
0.215354
0.2365
0.254745
0.253746
0.248
0.235882
0.266966
0.259611
0.2325
0.262
0.258242
0.2335
0.241259
0.2165
0.2695
0.246
0.223277
0.205691
0.231884
0.243513
0.239
0.258
0.218
0.183134
0.231653
0.256
0.213
0.233383
0.242
0.21989
0.00599401
0.211
0.264
0.222389
0.222
0.245255
0.197802
0.246
0.264236
0.2545
0.213
0.211183
0.241379
0.238523
0.185
0.2375
0.2565
0.207896
0.2545
0.2455
0.258871
0.00649675
0.227046
0.235
0.21989
0.254373
0.215392
0.236763
0.214393
0.225
0.2565
0.2875
0.224
0.235647
0.256
0.242
0.207
0.248128
0.211394
0.250749
0.247
0.214893
0.216
0.171
0.2666
0.225162
0.223888
0.262
0.252
0.21
0.258242
0.217673
0.22017
0.225275
0.254745
0.219281
0.210684
0.217565
0.209395
0.199
0.2395
0.223054
0.236146
0.271956
0.23988
0.141
0.229
0.233267
0.262869
0.253
0.231153
0.2385
0.213893
0.1815
0.21
0.242137
0.240639
0.267332
0.2385
0.252747
0.281219
0.249875
0.24975
0.276585
0.225387
0.214393
0.2425
0.282
0.251748
0.265
0.2705
0.238143
0.2745
0.2355
0.225
0.256
0.251374
0.201798
0.212894
0.141
0.278
0.2305
0.225387
0.256
0.266966
0.232384
0.238
0.2545
0.218891
0.190405
0.21029
0.2485
0.2165
0.207396
0.171657
0.276585
0.223
0.222
0.230385
0.233034
0.00898652
0.246
0.255872
0.234383
0.2335
0.249251
0.267866
0.234383
0.238381
0.232384
0.00449775
0.261976
0.2375
0.2435
0.218672
0.253247
0.192
0.291708
0.211394
0.2365
0.2115
0.254
0.257614
0.247752
0.2365
0.2965
0.224663
0.2025
0.201299
0.2045
0.222889
0.244878
0.254745
0.247752
0.23
0.2505
0.254246
0.252374
0.189216
0.249875
0.221279
0.223
0.2595
0.00549451
0.2555
0.2025
0.241879
0.236264
0.237881
0.191
0.2275
0.2075
0.23503
0.236
0.22089
0.248627
0.21507
0.2105
0.239
0.23503
0.268731
0.265602
0.267866
0.228928
0.251497
0.198702
0.236763
0.242
0.188312
0.272
0.2265
0.214893
0.234883
0.223
0.252747
0.215
0.241138
0.22
0.2745
0.261976
0.2565
0.227386
0.190809
0.2395
0.25
0.252122
0.287213
0.19
0.228158
0.261369
0.246753
0.238881
0.24
0.224
0.004995
0.0244878
0.237381
0.2625
0.164418
0.241879
0.231884
0.234383
0.2455
0.124376
0.208188
0.2005
0.23503
0.233383
0.1815
0.207396
0.240639
0.224888
0.23938
0.235265
0.2135
0.204398
0.243513
0.222
0.251748
0.171
0.1955
0.258483
0.271956
0.236146
0.248
0.246
0.210789
0.262107
0.2225
0.258242
0.205295
0.231
0.178821
0.225162
0.0114885
0.267
0.262869
0.255872
0.261608
