0.0538922
0.036
0.144928
0.1395
0.0344828
0.1645
0.016983
0.121756
0.101449
0.137431
0.151349
0.0419371
0.111944
0.130869
0.116
0.112944
0.136727
0.175912
0.143
0.116442
0.0848727
0.145854
0.173826
0.1265
0.1425
0.0114943
0.122439
0.1455
0.112388
0.148
0.1125
0.0414585
0.125749
0.0949525
0.0889111
0.158762
0.171742
0.118822
0.0469765
0.114943
0.097
0.14093
0.127246
0.128
0.0279581
0.1165
0.1185
0.15035
0.125
0.1455
0.13
0.171414
0.0069965
0.1315
0.170744
0.11988
0.089
0.0413965
0.013986
0.0719281
0.113943
0.106234
0.0525
0.105
0.1135
0.168916
0.0174913
0.0125
0.128
0.108
0.126
0.017991
0.0384615
0.138
0.056
0.134433
0.012987
0.0704648
0.1325
0.064
0.135864
0.031968
0.077961
0.16092
0.158
0.126248
0.1085
0.117882
0.107232
0.0625
0.0049975
0.11994
0.158421
0.170915
0.151424
0.141288
0.125
0.146281
0.16092
0.142
0.0264868
0.14029
0.10095
0.111444
0.1225
0.143428
0.0994503
0.187406
0.105
0.023976
0.018
0.153769
0.0255
0.113443
0.133866
0.00899101
0.147
0.0194903
0.1475
0.129741
0.150925
0.145137
0.0085
0.117
0.1565
0.0769615
0.0214893
0.1435
0.0664668
0.031
0.118263
0.0875
0.0964518
0.144855
0.055
0.044
0.177
0.1615
0.1335
0.174413
0.0405
0.19031
0.00649675
0.1165
0.164835
0.0245
0.1565
0.1525
0.00598504
0.137431
0.0589705
0.0085
0.156843
0.138
0.146427
0.1045
0.125
0.143928
0.150925
0.171914
0.151349
0.186314
0.0194903
0.0495
0.149925
0.1425
0.05
0.0215
0.143357
0.119
0.125937
0.023976
0.123438
0.106786
0.151198
0.135932
0.0285
0.0474525
0.153423
0.095952
0.0868697
0.0085
0.1785
0.106
0.0065
0.1895
0.122439
0.0828757
0.189405
0.1615
0.02
0.162257
0.0184815
0.168332
0.134433
0.173826
0.1455
0.0964518
0.0249626
0.16517
0.177911
0.172
0.028
0.01
0.00998502
0.0294853
0.135
0.143428
0.110889
0.086
0.166417
0.135932
0.0204693
0.12475
0.164753
0.1755
0.005997
0.0299401
0.172242
0.117941
0.116825
0.159341
0.00849575
0.167
0.137363
0.154423
0.185907
0.010989
0.1855
0.119
0.0349476
0.119
0.147
0.147
0.1725
0.147
0.109
0.148204
0.0894553
0.134
0.135432
0.115327
0.116883
0.114943
0.023988
0.118881
0.1835
0.113943
0.129371
0.136432
0.0735
0.015
0.194805
0.048
0.118
0.1265
0.0189526
0.023
0.014985
0.128936
0.13024
0.1545
0.16042
0.015992
0.0374813
0.159341
0.0065
0.169415
0.128
0.132867
0.152
0.142929
0.148426
0.153
0.163337
0.133866
0.0989505
0.1405
0.160679
0.1465
0.0384615
0.137
0.168332
0.003996
0.143428
0.168248
0.1125
0.134865
0.0495
0.0155
0.129435
0.1075
0.167333
0.0124875
0.125375
0.101949
0.115
0.144284
0.0229885
0.154
0.1455
0.0489266
0.165917
0.157264
0.1355
0.128
0.15
0.154923
0.102
0.113943
0.161
0.152424
0.134
0.0399202
0.171
0.1425
0.157
0.00949051
0.111944
0.1655
0.0409182
0.109945
0.157
0.142429
0.118382
0.144928
0.007
0.193903
0.00849151
0.1355
0.152196
0.0965
0.1445
0.0195
0.199201
0.176412
0.15976
0.0619071
0.143428
0.0404798
0.009995
0.0355
0.122378
0.176412
0.123
0.144928
0.151772
0.149351
0.213786
0.0114885
0.0789605
0.0539461
0.2003
0.140859
0.036963
0.1555
0.1195
0.181
0.1175
0.12987
0.17
0.0294558
0.112944
0.161258
0.0904096
0.110445
0.148426
0.112944
0.15976
0.187313
0.1425
0.0115
0.136795
0.023988
0.0184723
0.095952
0.157
0.0569431
0.1355
0.127872
0.0764236
0.1145
0.012475
0.0145
0.159341
0.0334833
0.107446
0.171414
0.161258
0.13
0.1145
0.176912
0.02
0.003996
0.0914086
0.02
0.023988
0.069965
0.1225
0.2003
0.145927
0.17
0.0515
0.01
0.156344
0.00748877
0.12987
0.069
0.0145
0.108446
0.068
0.0184815
0.136863
0.155422
0.153923
0.112
0.145854
0.185814
0.031
0.133866
0.131802
0.161
0.154
0.00699301
0.110334
0.118204
0.126437
0.159
0.099
0.0655
0.1175
0.1325
0.177911
0.120259
0.114443
0.0314843
0.142857
0.0434348
0.178055
0.0374813
0.017982
0.056
0.143428
0.105894
0.154423
0.1525
0.0269596
0.009
0.163337
0.0069965
0.015992
0.0749625
0.0344828
0.019
0.0234883
0.15976
0.0124875
0.0535
0.149425
0.168
0.009
0.171
0.131434
0.178732
0.132867
0.194805
0.023988
0.1565
0.105894
0.0234648
0.018
0.107946
0.137
0.1185
0.103792
0.130869
0.085957
0.0815
0.104895
0.07996
0.141929
0.1333
0.113943
0.07996
0.1315
0.0569431
0.087956
0.134433
0.0954046
0.008
0.1105
0.14
0.1275
0.122
0.149925
0.154
0.113943
0.142429
0.012475
0.0085
0.011994
0.147
0.0144928
0.1585
0.1998
0.169
0.131369
0.056
0.127872
0.0184815
0.178911
0.206897
0.170744
0.122439
0.1085
0.129935
0.0619071
0.135796
0.024
0.154
0.043
0.153347
0.1295
0.174
0.112444
0.143856
0.1275
0.1315
0.16042
0.116442
0.1295
0.133
0.177
0.0409386
0.191213
0.103844
0.15976
0.181409
0.1075
0.189
0.147
0.069
0.1505
0.112
0.00849575
0.168
0.149351
0.104
0.144928
0.185907
0.1695
0.0729635
0.0485
0.0749251
0.137363
0.0075
0.198
0.018
0.178911
0.1525
0.012
0.1325
0.136
0.137862
0.0204898
0.111444
0.16
0.0214893
0.117
0.00649675
0.132934
0.142857
0.147
0.0904548
0.115
0.163255
0.0754623
0.033
0.00649026
0.1935
0.0355
0.146281
0.162
0.0815
0.174413
0.0234883
0.0145
0.133433
0.086
0.153923
0.1235
0.110945
0.093
0.013
0.0728907
0.147
0.1285
0.157
0.0895
0.111444
0.112
0.140859
0.0105
0.0885
0.1135
0.184
0.115385
0.1205
0.110889
0.139
0.152424
0.156
0.118941
0.0504748
0.139
0.1375
0.0404393
0.142857
0.147279
0.055
0.157
0.158421
0.136
0.1935
0.131434
0.148204
0.1595
0.149202
0.1905
0.186907
0.148278
0.096
0.1175
0.01
0.12987
0.016983
0.13993
0.129935
0.176412
0.1325
0.124938
0.156344
0.107446
0.127309
0.1725
0.165
0.1465
0.1755
0.14985
0.132236
0.00549725
0.0964518
0.144928
0.10095
0.176912
0.119321
0.0184723
0.1405
0.027
0.1205
0.0828757
0.112
0.1765
0.130869
0.197204
0.145
0.148
0.021989
0.0215
0.118941
0.1475
0.127936
0.0205
0.129741
0.168
0.129435
0.131369
0.0844578
0.16
0.128436
0.124376
0.117941
0.13986
0.158921
0.133
0.093953
0.109945
0.1365
0.124376
0.0464768
0.105841
0.145
0.122439
0.124314
0.170744
0.165917
0.0184723
0.110445
0.112444
0.177
0.1545
0.0205
0.0419371
0.0245
0.176412
0.167333
0.151772
0.18672
0.176823
0.126
0.13993
0.15
0.153
0.0185
0.007
0.00849575
0.127
0.177
0.142857
0.1265
0.153923
0.1635
0.146281
0.1475
0.108
0.118263
0.0194903
0.0174825
0.14521
0.0249875
0.031984
0.129
0.0174738
0.008
0.123377
0.047952
0.13024
0.166
0.118204
0.0743884
0.110945
0.1105
0.1685
0.0655
0.1445
0.111444
0.121939
0.122378
0.0959041
0.1055
0.1525
0.0504748
0.0765
0.0894553
0.0314685
0.13
0.0414585
0.1565
0.176912
0.153347
0.181
0.021978
0.149
0.115
0.1135
0.00748877
0.0419371
0.023976
0.1705
0.133
0.0815
0.132434
0.187438
0.0155
0.145427
0.104448
0.166917
0.157264
0.160679
0.177
0.075
0.0714643
0.018
0.0275
0.1225
0.14029
0.136364
0.116384
0.0105
0.0885
0.05997
0.18672
0.154768
0.0899101
0.1555
0.02
0.153347
0.0095
0.0774226
0.0515
0.166417
0.0129935
0.168747
0.047952
0.065
0.113
0.07
0.0589705
0.1755
0.133
0.0204591
0.0945
0.141359
0.153923
0.123814
0.111444
0.0429785
0.14
0.0525
0.1185
0.0149925
0.1645
0.122
0.0195
0.0654346
0.132934
0.1765
0.14093
0.170415
0.107946
0.0434348
0.112
0.0275
0.010989
0.136364
0.119
0.137
0.118323
0.0993014
0.0404798
0.14029
0.105447
0.167916
0.130935
0.1265
0.148
0.113943
0.017991
0.176823
0.149925
0.1375
0.131434
0.0584708
0.148426
0.10095
0.0475
0.1105
0.0589705
0.133933
0.172328
0.0729635
0.003996
0.0115
0.16042
0.115
0.0065
0.0285
0.139291
0.154423
0.08
0.1755
0.137431
0.175824
0.0873689
0.1765
0.118881
0.0284715
0.12987
0.0744256
0.0209685
0.0215
0.176236
0.1495
0.1555
0.017
0.154423
0.1505
0.128936
0.133933
0.155611
0.177822
0.044
0.148
0.125937
0.07
0.111444
0.00998502
0.1115
0.093
0.0493519
0.0708937
0.0299401
0.176236
0.00449775
0.019
0.0515
0.0089955
0.015992
0.17941
0.133866
0.137294
0.125937
0.161258
0.044
0.1465
0.0938592
0.0848727
0.0175
0.1355
0.0705
0.127745
0.0614693
0.1755
0.01999
0.15976
0.11944
0.0069965
0.143856
0.147
0.14093
0.128
0.1555
0.1365
0.0564154
0.115
0.120259
0.00898652
0.164835
0.11944
0.156
0.11994
0.145
0.103
0.14093
0.1575
0.0954523
0.0339321
0.16042
0.1485
0.134
0.012
0.103896
0.152348
0.186907
0.197901
0.154423
0.127309
0.162
0.0184908
0.1655
0.19031
0.0195
0.130435
0.115
0.13993
0.172
0.131434
0.122
0.177911
0.122439
0.155422
0.0304848
0.0815
0.0645
0.111444
0.0593516
0.072
0.0413965
0.021978
0.179
0.137931
0.0765
0.110445
0.106
0.188
0.122439
0.143928
0.139291
0.141359
0.0234765
0.0754623
0.02
0.185814
0.133367
0.155922
0.005
0.177
0.120879
0.147279
0.0245
0.0984508
0.168416
0.145427
0.0355
0.0535
0.020979
0.025987
0.193
0.141359
0.00849151
0.161
0.136364
0.0865
0.00599401
0.14029
0.086
0.158421
0.0725
0.144783
0.145854
0.169915
0.132236
0.0299401
0.13
0.131434
0.168332
0.136863
0.121439
0.1765
0.0584708
0.126437
0.0884116
0.154
0.136364
0.025
0.147
0.0184815
0.148703
0.0413965
0.0249501
0.132934
0.137363
0.109391
0.197204
0.112944
0.115826
0.0279581
0.16
0.1585
0.128372
0.118
0.166417
0.156
0.134
0.1375
0.0735
0.161
0.113886
0.0848727
0.089
0.14521
0.1225
0.174
0.103
0.132867
0.133367
0.17941
0.0925
0.143928
0.156843
0.152924
0.136795
0.00849151
0.0109835
0.165751
0.0244633
0.00598504
0.168332
0.150925
0.015
0.0845
0.155267
0.01
0.1333
0.109445
0.15992
0.167333
0.112887
0.11944
0.144855
0.0404798
0.112
0.151349
0.125937
0.122439
0.048
0.1245
0.154
0.1175
0.171828
0.0124938
0.158
0.040959
0.161596
0.126437
0.127936
0.167333
0.1255
0.0124938
0.157921
0.1315
0.149202
0.0789605
0.112944
0.128936
0.012
0.145
0.1025
0.168916
0.0124875
0.036963
0.0749251
0.00949525
0.0409182
0.1335
0.129741
0.133
0.00849575
0.194
0.1085
0.0975
0.147279
0.0708937
0.033966
0.106786
0.0884116
0.104448
0.00498753
0.0869131
0.0115
0.137862
0.165417
0.136
0.1085
0.0978532
0.0464768
0.13
0.158421
0.154
0.036963
0.165917
0.0195
0.136863
0.125937
0.095952
0.0195
0.114943
0.127436
0.1315
0.152924
0.13993
0.107446
0.147279
0.1135
0.0095
0.0125
0.142857
0.040959
0.15
0.105
0.0104948
0.129435
0.135864
0.136
0.122
0.197901
0.021
0.0664668
0.167333
0.169915
0.0429785
0.134
0.0175
0.150548
0.173413
0.067966
0.0894553
0.17941
0.159261
0.13217
0.131434
0.111
0.056
0.1905
0.121
0.0429785
0.143856
0.109391
0.150925
0.149425
0.154768
0.144855
0.15976
0.1565
0.0274177
0.00498753
0.1255
0.1305
0.0618762
0.108392
0.112444
0.149351
0.157186
0.00899101
0.147
0.0744628
0.1755
0.01999
0.162419
0.1415
0.0489266
0.136932
0.111
0.0844156
0.0625
0.0095
0.125937
0.0194708
0.0115
0.143428
0.138
0.118
0.177911
0.1095
0.158
0.0124938
0.114943
0.0749251
0.1595
0.1625
0.11988
0.1495
0.1545
0.105894
0.0783824
0.128
0.161258
0.184815
0.134366
0.148
0.149351
0.0784608
0.13
0.1725
0.0705
0.1835
0.176912
0.130435
0.137431
0.012987
0.116883
0.0895
0.158421
0.0495
0.142429
0.175912
0.152771
0.0109945
0.154
0.139
0.0894553
0.0419371
0.005997
0.0049975
0.188
0.144356
0.125937
0.0115
0.1998
0.133866
0.136863
0.0904096
0.142
0.143428
0.145427
0.12475
0.142929
0.151198
0.118941
0.135297
0.0845
0.133433
0.0665
0.023988
0.096
0.192
0.027
0.165
0.152695
0.127309
0.149775
0.0954046
0.115
0.152924
0.0195
0.0124938
0.155922
0.175824
0.133234
0.1595
0.15976
0.1205
0.0815
0.128807
0.005997
0.119
0.101449
0.12681
0.1305
0.1285
0.0434348
0.0955
0.0875
0.171414
0.0124875
0.012
0.142857
0.142857
0.0184908
0.141
0.0825
0.096
0.130935
0.1355
0.128936
0.148
0.158421
0.0904096
0.136863
0.124
0.177733
0.127872
0.157264
0.0879121
0.0344828
0.137
0.199201
0.015
0.169246
0.165917
0.0129935
0.152272
0.1765
0.0688623
0.0129935
0.145854
0.012
0.177
0.01
0.034
0.164
0.0539461
0.0205
0.143856
0.112444
0.023976
0.171
0.020979
0.1405
0.135365
0.141359
0.0205
0.118822
0.171414
0.147279
0.135
0.10095
0.1285
0.1265
0.161
0.034
0.115884
0.122
0.101449
0.011
0.1125
0.154
0.00997506
0.167416
0.1125
0.00649351
0.05
0.137862
0.1125
0.125
0.135365
0.115
0.094
0.023988
0.1695
0.144928
0.021
0.0884116
0.010989
0.154423
0.136795
0.1415
0.12044
0.009995
0.0209581
0.0655
0.101449
0.150275
0.0134933
0.0575
0.12094
0.11994
0.145927
0.189
0.0404798
0.119
0.1565
0.0045
0.0833333
0.177911
0.1495
0.1105
0.131
0.13
0.027
0.147
0.015
0.182318
0.1555
0.0194708
0.116209
0.056
0.209895
0.109
0.1135
0.153
0.121878
0.188
0.133
0.123438
0.157264
0.148703
0.0294853
0.11994
0.130435
0.105447
0.088
0.172242
0.117882
0.115385
0.1675
0.118382
0.0249626
0.1775
0.144284
0.152771
0.16
0.0464768
0.132934
0.0965
0.0785
0.163836
0.143856
0.0409182
0.083
0.036963
0.0918622
0.117
0.113943
0.08
0.0429785
0.171
0.122939
0.123377
0.0175
0.143
0.0174913
0.00748877
0.193903
0.106947
0.131
0.156
0.106
0.142857
0.153423
0.141359
0.01
0.150925
0.089
0.0569431
0.0414793
0.0569431
0.08
0.120259
0.143428
