0.234883
0.211682
0.211682
0.245377
0.2105
0.2265
0.170415
0.1915
0.21939
0.1915
0.18091
0.1815
0.24088
0.2315
0.2575
0.2205
0.0155
0.2115
0.1995
0.235382
0.170415
0.205691
0.243878
0.229156
0.192711
0.193307
0.2435
0.240759
0.221
0.190905
0.014
0.215392
0.231884
0.203094
0.244
0.234149
0.251374
0.208396
0.232384
0.266966
0.247876
0.253
0.238
0.1685
0.204
0.236882
0.203796
0.2545
0.235764
0.241
0.289211
0.243878
0.264735
0.2004
0.202
0.212894
0.247
0.2245
0.2095
0.2175
0.238881
0.252374
0.2355
0.229885
0.216
0.011994
0.228386
0.223
0.257243
0.232036
0.234648
0.216176
0.213287
0.249126
0.198
0.2105
0.214893
0.254119
0.226773
0.226887
0.0164918
0.236382
0.199
0.221389
0.2515
0.222
0.22039
0.198401
0.268
0.253746
0.260739
0.255
0.215392
0.215892
0.258
0.1915
0.240639
0.227
0.254873
0.226
0.204296
0.014
0.23976
0.16983
0.2055
0.261869
0.25025
0.218781
0.2245
0.192212
0.237644
0.193307
0.237525
0.215392
0.268
0.22028
0.21939
0.247505
0.2105
0.206897
0.285572
0.2105
0.206397
0.211289
0.290773
0.195902
0.232384
0.2515
0.2385
0.24975
0.261108
0.2045
0.271093
0.194
0.0085
0.1815
0.245377
0.232884
0.214678
0.227
0.255
0.254
0.18091
0.242879
0.245377
0.207
0.2
0.0195
0.21939
0.274
0.218781
0.2285
0.267099
0.221
0.168916
0.277084
0.2455
0.183134
0.0804196
0.274089
0.172914
0.232
0.007996
0.182409
0.242258
0.2335
0.237
0.204296
0.2345
0.2265
0.242258
0.274
0.229156
0.263605
0.192
0.219
0.2305
0.266
0.215892
0.254
0.205397
0.2435
0.213
0.205397
0.277584
0.244878
0.211682
0.2135
0.2335
0.1525
0.167
0.187718
0.243635
0.2105
0.2015
0.229
0.187718
0.197
0.204898
0.2555
0.242379
0.2175
0.251123
0.2455
0.268866
0.235382
0.24975
0.2555
0.179231
0.224164
0.2005
0.14043
0.232152
0.209895
0.205295
0.218891
0.249875
0.2009
0.189
0.194805
0.239261
0.188
0.221667
0.2535
0.270729
0.246131
0.0114943
0.155
0.2715
0.216
0.24663
0.2305
0.24088
0.17
0.269231
0.2105
0.203796
0.2455
0.253
0.2195
0.210684
0.1825
0.215892
0.210895
0.166417
0.2355
0.212
0.166
0.213
0.227159
0.244878
0.178322
0.23
0.1965
0.26384
0.21978
0.181909
0.21978
0.211394
0.221557
0.213893
0.1735
0.243257
0.2235
0.243257
0.2465
0.2095
0.257
0.2305
0.170415
0.2335
0.25
0.00649675
0.218391
0.254373
0.182909
0.221
0.170415
0.244878
0.261369
0.257243
0.188
0.181
0.021
0.00799201
0.266867
0.008
0.266867
0.205794
0.247253
0.249251
0.2845
0.266966
0.2555
0.205397
0.24
0.275362
0.255245
0.255
0.227
0.18091
0.171414
0.235882
0.267732
0.1985
0.254119
0.225
0.195
0.233766
0.205897
0.218563
0.226887
0.194903
0.2025
0.0105
0.217391
0.211183
0.21967
0.231153
0.2455
0.23027
0.24088
0.228
0.254745
0.246877
0.2085
0.217673
0.23365
0.217891
0.015
0.2155
0.288856
0.256244
0.0104895
0.254873
0.2065
0.241
0.2085
0.21967
0.171914
0.2635
0.236882
0.235265
0.244
0.216892
0.221
0.2495
0.249875
0.232384
0.249875
0.204898
0.244134
0.2345
0.202197
0.166417
0.253746
0.2845
0.213786
0.185907
0.222
0.2505
0.209
0.215392
0.210895
0.241895
0.221389
0.0154845
0.2415
0.214893
0.227386
0.238024
0.244134
0.274588
0.174413
0.2235
0.00949525
0.0145
0.2285
0.259111
0.191904
0.237144
0.186627
0.194903
0.237381
0.223665
0.21978
0.2235
0.223388
0.191404
0.0085
0.207
0.259
0.1775
0.158421
0.226387
0.209186
0.216
0.217782
0.2065
0.194805
0.212
0.225387
0.194708
0.1905
0.209895
0.199301
0.231
0.1915
0.244755
0.21939
0.2055
0.2555
0.213
0.224888
0.1765
0.231
0.283858
0.2215
0.237
0.2145
0.221889
0.215392
0.203297
0.241895
0.2395
0.231153
0.224888
0.2005
0.241
0.205397
0.229271
0.215392
0.256
0.269231
0.2535
0.21939
0.227545
0.2085
0.215892
0.234648
0.25
0.243878
0.207
0.218891
0.00849151
0.248
0.2615
0.2275
0.2765
0.235382
0.215676
0.240759
0.1735
0.00649026
0.24975
0.224164
0.0055
0.246877
0.238881
0.1985
0.218
0.171414
0.2055
0.242
0.255245
0.215892
0.223
0.284573
0.2195
0.2265
0.2615
0.172
0.192308
0.231884
0.19511
0.248876
0.231537
0.195402
0.236
0.00699301
0.213287
0.2395
0.248
0.177556
0.235411
0.2065
0.2625
0.248128
0.2025
0.231269
0.249875
0.214
0.236146
0.223665
0.173826
0.245
0.1975
0.233267
0.255372
0.232384
0.2475
0.192308
0.252248
0.262
0.019
0.2495
0.1935
0.18
0.1735
0.0264603
0.237644
0.2305
0.234383
0.245255
0.228886
0.2335
0.278942
0.236645
0.22
0.257
0.222056
0.227273
0.231884
0.00649026
0.249126
0.2095
0.230885
0.212288
0.2085
0.234648
0.222
0.1915
0.00749625
0.2545
0.246377
0.239
0.217891
0.19511
0.247876
0.249875
0.201399
0.2305
0.224276
0.181909
0.201697
0.194708
0.0455
0.205897
0.27
0.256372
0.230885
0.230885
0.021
0.017982
0.23
0.2105
0.24038
0.226773
0.247876
0.225662
0.268366
0.256743
0.245377
0.246877
0.174738
0.2545
0.215784
0.261976
0.211
0.232767
0.230385
0.2325
0.2515
0.216
0.246877
0.2265
0.198401
0.211894
0.2355
0.269231
0.236382
0.238
0.2225
0.226773
0.013993
0.205897
0.205
0.232384
0.215392
0.246
0.255245
0.219062
0.224888
0.241758
0.0115
0.183724
0.235382
0.244511
0.236527
0.1994
0.234414
0.1685
0.235529
0.24088
0.223277
0.236763
0.1999
0.2065
0.243
0.209895
0.239
0.2075
0.0195
0.207396
0.00949525
0.288856
0.234383
0.224663
0.252
0.272864
0.205397
0.269865
0.2555
0.198801
0.221279
0.222889
0.238
0.2495
0.207
0.172414
0.256872
0.1965
0.227046
0.2425
0.2015
0.217391
0.224775
0.232036
0.172414
0.201098
0.268866
0.177
0.207396
0.2535
0.228044
0.229156
0.230885
0.2435
0.00349825
0.237263
0.2605
0.249251
0.22977
0.179231
0.017
0.218
0.243878
0.24088
0.0085
0.221889
0.209291
0.208396
0.2
0.2075
0.215392
0.210684
0.20509
0.2365
0.249
0.153693
0.218
0.222389
0.21029
0.217782
0.225
0.2685
0.214
0.285429
0.214678
0.2185
0.2315
0.221
0.227
0.219
0.184224
0.272864
0.0114828
0.22
0.223388
0.00549725
0.227273
0.195902
0.2045
0.254
0.204296
0.242757
0.227886
0.214
0.192807
0.1685
0.0045
0.222666
0.244134
0.184316
0.2315
0.225
0.239
0.219
0.155422
0.212894
0.189
0.2004
0.291127
0.230769
0.255245
0.207
0.252
0.23988
0.253
0.244389
0.243
0.240759
0.172414
0.214785
0.239261
0.223
0.217391
0.2265
0.0055
0.179641
0.186627
0.2665
0.2625
0.2435
0.240898
0.2575
0.2455
0.249251
0.278721
0.232384
0.286926
0.228386
0.234383
0.16983
0.190809
0.175
0.2505
0.22089
0.2085
0.192807
0.266234
0.2495
0.2495
0.222666
0.232384
0.184
0.229885
0.2
0.269231
0.25
0.216
0.236645
0.2635
0.2465
0.221389
0.01
0.0329835
0.2455
0.195902
0.222889
0.221557
0.24088
0.241879
0.248627
0.205192
0.227
0.006
0.2415
0.236882
0.228386
0.2475
0.232884
0.2115
0.237
0.218891
0.228886
0.258242
0.274363
0.224775
0.290773
0.2185
0.261239
0.2235
0.255744
0.2175
0.198401
0.011994
0.221
0.234414
0.182726
0.164
0.225
0.193403
0.22028
0.263
0.2215
0.23027
0.2135
0.266
0.0049975
0.241018
0.217
0.242757
0.2025
0.213074
0.1985
0.02
0.237263
0.2335
0.2145
0.232384
0.169331
0.211289
0.229385
0.192807
0.185407
0.2105
0.226887
0.185629
0.2005
0.232036
0.1925
0.2725
0.288356
0.199
0.252374
0.18
0.185407
0.254873
0.247
0.20509
0.1998
0.248
0.223388
0.246753
0.174413
0.223553
0.0174825
0.245255
0.205691
0.1815
0.242
0.2445
0.248
0.237144
0.234531
0.019
0.00649675
0.2185
0.249
0.21939
0.210895
0.243878
0.234648
0.219062
0.243135
0.215784
0.154
0.236264
0.247
0.187219
0.00949051
0.236382
0.214
0.278942
0.242379
0.264368
0.224888
0.0049975
0.01
0.262369
0.227
0.255372
0.203398
0.202899
0.230885
0.2415
0.193
0.257
0.00849151
0.183908
0.294353
0.249251
0.2225
0.262
0.2495
0.237644
0.247752
0.21989
0.248751
0.245877
0.233766
0.2035
0.0164835
0.292707
0.166417
0.2245
0.0049975
0.198
0.221
0.253873
0.2765
0.213786
0.245
0.232884
0.0165
0.242379
0.233267
0.013993
0.24975
0.232
0.214893
0.256116
0.291127
0.00799201
0.2285
0.2195
0.227
0.268866
0.201
0.207792
0.136296
0.206897
0.203898
0.242879
0.196402
0.201697
0.224888
0.225887
0.216783
0.24975
0.2125
0.251874
0.187406
0.0085
0.222
0.0055
0.212
0.2265
0.2485
0.223
0.244878
0.203195
0.209895
0.188906
0.264
0.238881
0.186627
0.208396
0.00549176
0.232268
0.216892
0.242
0.225387
0.22
0.213
0.00649675
0.185
0.219062
0.242757
0.229
0.292707
0.21989
0.243
0.238
0.2
0.232152
0.1515
0.232884
0.212182
0.2425
0.230885
0.1905
0.2145
0.249375
0.178411
0.262238
0.202595
0.254745
0.00949051
0.252248
0.217283
0.239
0.2545
0.2705
0.253247
0.179321
0.195902
0.208292
0.154
0.2365
0.243
