0.143357
0.1685
0.1145
0.14036
0.1505
0.135864
0.219281
0.0464535
0.169162
0.177323
0.1045
0.0175
0.196108
0.189405
0.195402
0.196206
0.195902
0.18513
0.181637
0.192807
0.214072
0.00799201
0.198401
0.156266
0.0069965
0.153846
0.168
0.175325
0.0055
0.165
0.23
0.164336
0.1635
0.173913
0.218563
0.197204
0.1105
0.174413
0.208
0.189
0.155844
0.165917
0.011
0.155267
0.1165
0.0115
0.1595
0.127
0.197
0.145781
0.014
0.2035
0.191404
0.0105
0.221889
0.2305
0.145427
0.219281
0.217891
0.0239521
0.192116
0.1565
0.146927
0.146427
0.017973
0.197
0.198702
0.114443
0.157421
0.2025
0.01
0.237381
0.194915
0.013
0.2165
0.1535
0.121379
0.182817
0.155267
0.151848
0.194
0.03998
0.045
0.195706
0.191213
0.13986
0.217
0.22977
0.153423
0.0375
0.196304
0.199
0.168332
0.051
0.0154845
0.143
0.184908
0.206
0.214571
0.166417
0.00649675
0.185315
0.125874
0.1595
0.00899101
0.24
0.191213
0.0868697
0.160759
0.17
0.1985
0.188218
0.14093
0.218
0.1305
0.128871
0.16034
0.202197
0.1405
0.175
0.132934
0.137931
0.144
0.205897
0.146
0.0115
0.011
0.152272
0.13993
0.126311
0.149
0.2025
0.215285
0.194903
0.163174
0.1997
0.165417
0.210684
0.1695
0.215
0.191213
0.2345
0.007
0.197
0.0194903
0.174239
0.016
0.166251
0.151349
0.181319
0.124875
0.202399
0.163
0.0085
0.197901
0.162338
0.0564436
0.1415
0.183408
0.164918
0.142929
0.207189
0.18091
0.186221
0.145
0.196
0.0089955
0.133234
0.007
0.178233
0.162919
0.245754
0.186813
0.0105
0.125811
0.1785
0.0695
0.163754
0.182
0.258113
0.217174
0.1925
0.199
0.194708
0.197802
0.185721
0.165917
0.162419
0.215392
0.0683292
0.0114943
0.164336
0.226387
0.141429
0.196304
0.166417
0.209395
0.147852
0.114828
0.1055
0.223
0.193806
0.146927
0.0529206
0.127436
0.150849
0.1895
0.13943
0.166917
0.197204
0.2305
0.0945
0.171243
0.212787
0.0239521
0.167665
0.201798
0.215892
0.00649351
0.056
0.164671
0.169915
0.167416
0.138
0.174738
0.1405
0.187406
0.144928
0.0115
0.0134865
0.165917
0.144928
0.190809
0.150849
0.235382
0.2002
0.1575
0.206897
0.2
0.183908
0.154845
0.188218
0.1655
0.235764
0.156687
0.221778
0.158921
0.207
0.217174
0.204296
0.22
0.232268
0.1695
0.186
0.021
0.184
0.2165
0.177411
0.222889
0.158921
0.249
0.190809
0.1625
0.176
0.209186
0.188811
0.167416
0.144284
0.171414
0.094
0.193806
0.0134865
0.1585
0.1535
0.00799201
0.0115
0.182409
0.188811
0.223888
0.0164589
0.204387
0.123814
0.00749625
0.205
0.232268
0.1675
0.126437
0.0835
0.1685
0.182409
0.194915
0.154845
0.051
0.190405
0.1595
0.00798802
0.192711
0.204
0.203898
0.137862
0.137431
0.217
0.0069965
0.167333
0.155267
0.150699
0.1655
0.0104843
0.151349
0.2095
0.2245
0.144284
0.1305
0.2245
0.235764
0.197
0.1785
0.1705
0.144928
0.204387
0.164918
0.137862
0.176
0.14
0.181818
0.085
0.2145
0.1985
0.1905
0.1845
0.1575
0.206
0.191213
0.1305
0.16002
0.170829
0.165417
0.1545
0.00849151
0.149351
0.006
0.168663
0.191213
0.0075
0.194805
0.155
0.152424
0.165417
0.03998
0.0389805
0.017973
0.0684658
0.213074
0.211183
0.154923
0.1705
0.1275
0.177911
0.201399
0.221889
0.218173
0.183
0.211366
0.200799
0.171742
0.126311
0.152924
0.1155
0.0234765
0.166251
0.145
0.0575
0.178411
0.014
0.218391
0.171914
0.185721
0.0913174
0.201899
0.147353
0.0175
0.197
0.142929
0.19321
0.159341
0.146427
0.161419
0.13993
0.1998
0.199
0.0835
0.22977
0.202399
0.00649675
0.016
0.13943
0.017991
0.152348
0.1255
0.155
0.1105
0.010978
0.183
0.21029
0.1655
0.193806
0.214571
0.166833
0.218891
0.187
0.009
0.1815
0.167832
0.1305
0.0115
0.177411
0.1705
0.18032
0.0683292
0.206
0.0889555
0.125
0.206294
0.201
0.165751
0.163174
0.124938
0.22028
0.183408
0.253
0.191
0.2245
0.0145
0.174913
0.189405
0.206
0.145781
0.162919
0.155422
0.16034
0.0089955
0.156687
0.1465
0.248751
0.134
0.168248
0.00848727
0.1375
0.167
0.173826
0.136863
0.15942
0.188717
0.166667
0.221389
0.204
0.1665
0.181409
0.162
0.202298
0.23365
0.0924538
0.00549176
0.1725
0.14036
0.0069965
0.218391
0.155
0.1502
0.1415
0.1275
0.0943585
0.183908
0.049
0.203491
0.137294
0.188218
0.216176
0.0135
0.1305
0.191404
0.1575
0.125
0.143
0.211682
0.166917
0.02
0.154346
0.1997
0.122877
0.0329835
0.222889
0.186407
0.026
0.196803
0.215
0.243513
0.1805
0.184908
0.252374
0.15
0.200799
0.172
0.181
0.201399
0.15992
0.167416
0.201798
0.1795
0.015984
0.215285
0.183408
0.1985
0.148426
0.170245
0.1555
0.1145
0.179
0.197
0.169
0.171
0.0924538
0.188811
0.213074
0.1985
0.155844
0.195902
0.138
0.231
0.225
0.1275
0.198801
0.0665
0.0129805
0.0464535
0.143
0.01
0.173
0.156422
0.145
0.223888
0.176324
0.192
0.006
0.045
0.155844
0.021989
0.204387
0.1815
0.21008
0.127936
0.187
0.21029
0.2145
0.167832
0.1375
0.017991
0.174
0.0154923
0.149425
0.103345
0.208396
0.0835
0.1595
0.1735
0.162
0.0575
0.1985
0.165
0.2005
0.202399
0.168416
0.212894
0.19031
0.1975
0.045
0.0109945
0.198901
0.162
0.0465
0.195902
0.167416
0.235764
0.183408
0.157343
0.225
0.166251
0.186035
0.0234765
0.18041
0.151349
0.221778
0.245754
0.183724
0.181909
0.172
0.162756
0.1225
0.182726
0.13979
0.201
0.167416
0.174
0.190809
0.158
0.1415
0.1705
0.0184815
0.165669
0.1895
0.1925
0.192308
0.2185
0.1775
0.204795
0.14093
0.1765
0.104343
0.0034965
0.149276
0.178411
0.1905
0.181
0.190215
0.162919
0.1375
0.1695
0.213393
0.106447
0.0405
0.232
0.248252
0.218
0.147852
0.198203
0.193709
0.0105
0.173
0.175912
0.2035
0.032
0.14985
0.226387
0.0224663
0.1785
0.0564436
0.1115
0.218391
0.160759
0.195
0.160679
0.0085
0.215285
0.1275
0.142929
0.1705
0.14985
0.206
0.150699
0.205
0.193806
0.215285
0.163418
0.157763
0.0224888
0.18041
0.195
0.15
0.207792
0.194403
0.1455
0.005997
0.1055
0.218781
0.18
0.12
0.0255
0.1695
0.155766
0.103345
0.167416
0.113943
0.0329835
0.185721
0.177822
0.127436
0.181637
0.155533
0.0225
0.162
0.00949525
0.1725
0.0149626
0.249
0.0225
0.18041
0.153347
0.118941
0.00798802
0.1775
0.202899
0.191426
0.1695
0.172414
0.174913
0.193903
0.226387
0.153846
0.171
0.170829
0.093953
0.191309
0.18041
0.00799201
0.075
0.117383
0.198
0.1615
0.1705
0.192
0.100899
0.210395
0.194209
0.2005
0.167
0.180819
0.201
0.207792
0.190809
0.211577
0.202899
0.125811
0.01
0.133234
0.204296
0.1845
0.0129805
0.207293
0.189905
0.154845
0.148204
0.1895
0.194
0.168
0.172414
0.100849
0.1605
0.016
0.196
0.1625
0.00949051
0.216392
0.136727
0.0389805
0.214393
0.161419
0.161419
0.19031
0.245754
0.196
0.063968
0.0135
0.174
0.208
0.148851
0.0895
0.2115
0.1745
0.193806
0.191309
0.206
0.0114885
0.185907
0.0115
0.1695
0.0888667
0.156922
0.0125
0.220779
0.192904
0.002997
0.0055
0.245754
0.0675
0.1865
0.15992
0.0818363
0.187812
0.21
0.0169915
0.216392
0.223888
0.1105
0.208896
0.194805
0.16
0.0175
0.201899
0.177911
0.206
0.0255
0.212394
0.191213
0.223388
0.167416
0.1815
0.029
0.0104948
0.185
0.179
0.0155
0.1735
0.044955
0.0085
0.203
0.178
0.183724
0.168
0.131434
0.127
0.227386
0.128936
0.179
0.201899
0.13979
0.185907
0.0515
0.142929
0.16092
0.1985
0.212
0.0924538
0.194209
0.172827
0.209
0.234648
0.23988
0.232651
0.205
0.223
0.175824
0.212
0.21939
0.158921
0.157343
0.177323
0.172414
0.0075
0.192615
0.100849
0.1785
0.183816
0.227545
0.0224888
0.170829
0.200699
0.185721
0.014985
0.166667
0.193403
0.196
0.132934
0.1795
0.16983
0.221889
0.109835
0.007
0.1275
0.0895
0.173
0.125437
0.009
0.185222
0.00848727
0.19321
0.17
0.166251
0.1785
0.175325
0.163
0.16092
0.015
0.100849
0.111944
0.19321
0.161838
0.145427
0.0315
0.0114885
0.172914
0.124438
0.156922
0.152272
0.197
0.155844
0.192
0.124875
0.0069965
0.172414
0.213393
0.174913
0.189
0.2
0.205486
0.2
0.166833
0.1455
0.091
0.257871
0.087
0.199
0.0264471
0.217673
0.131303
0.2145
0.201
0.2125
0.199201
0.135
0.189
0.174326
0.157763
0.17941
0.00849575
0.147
0.173
0.138155
0.15
0.248252
0.14
0.1725
0.218891
0.1875
0.209186
0.033966
0.1425
0.190809
0.191
0.1655
0.153693
0.196
0.1855
0.1635
0.150849
0.1005
0.0165
0.194805
0.2245
0.163
0.155
0.1985
0.121756
0.1765
0.196705
0.0969515
0.0655
0.0943585
0.0234765
0.178411
0.237881
0.1915
0.156422
0.137862
0.201
0.163836
0.19031
0.201
0.085
0.159341
0.152695
0.167916
0.174913
0.161419
0.1385
0.163918
0.215392
0.2025
0.1725
0.201
0.0049975
0.2165
0.201399
0.218
0.0164835
0.135864
0.2055
0.218
0.0104843
0.2001
0.004
0.0085
0.1165
0.142715
0.013
0.1765
0.205
0.0085
0.177911
0.0265
0.176823
0.15
0.165917
0.199
0.1845
0.149351
0.248751
0.1705
0.1455
0.007996
0.1999
0.211894
0.0835
0.22977
0.201
0.167832
0.15942
0.207896
0.027972
0.223888
0.0285
0.0164589
0.196
0.173913
0.21989
0.175
0.1165
0.15984
0.104
0.0269865
0.1855
0.1975
0.107946
0.0279581
0.018
0.206793
0.015984
0.013993
0.121439
0.231
0.216392
0.174413
0.0683633
0.207792
0.1665
0.22977
0.155
0.211894
0.008
0.226274
0.142857
0.191404
0.148278
0.158421
0.177323
0.193806
0.196803
0.168
0.0115
0.166999
0.194403
0.155422
0.04995
0.163754
0.022
0.131303
0.193403
0.197204
0.12987
0.195902
0.2265
0.1875
0.178411
0.185407
0.124438
0.180819
0.139
0.134933
0.1625
0.201899
0.235764
0.218
0.195
0.174152
0.044955
0.210684
0.0895
0.125437
0.0575
0.211183
0.216892
0.194903
0.173
0.175
0.138
0.0115
0.156922
0.198203
0.201899
0.1595
0.217
0.150849
0.143357
0.010978
0.197401
0.0044955
0.186813
0.018981
0.1845
0.107393
0.197703
0.2
0.0254618
0.168416
0.1635
0.029
0.252374
0.205295
0.162419
0.188218
0.173826
0.0459311
0.169
0.1435
0.0655
0.174738
0.0105
0.205295
0.231
0.0124875
0.204296
0.1035
0.194903
0.0354823
0.015992
0.1845
0.00949051
0.0104948
0.1735
0.137862
0.186035
0.218391
0.0115
0.1605
0.161838
0.143856
0.179
0.2045
0.153923
0.2004
0.01
0.147
0.0575
0.186407
0.008
0.136432
0.2025
0.168332
0.199
0.206294
0.162
0.2305
0.181409
0.175325
0.210684
0.1845
0.207792
0.201
0.187
0.0085
0.1575
0.2075
0.0089955
0.21989
0.195902
0.144928
0.1275
0.1005
0.0154923
0.1655
0.2
0.160679
0.150425
0.17991
0.193
0.181
0.0285
0.176
0.166334
0.156
0.184
0.103948
0.197204
0.176
0.151349
0.0104843
0.1225
0.1905
0.171914
0.188811
0.150849
0.017991
0.177911
0.164918
0.1435
0.166
0.0455
0.006
0.191404
0.17941
0.113943
0.174326
0.168663
0.169
0.167416
0.193709
0.186813
0.0104948
0.00649026
0.0155
0.173
0.1995
0.198
0.1825
0.183408
0.2125
0.1985
0.174326
0.2055
0.0554723
0.189526
0.202899
0.2065
0.152847
0.150774
0.1465
0.0665
0.207189
0.173154
0.022
0.1855
0.192904
0.223
0.0154768
0.0969515
0.167416
0.0085
0.23
0.168416
0.195902
0.145
0.175912
0.177911
0.239141
0.175
0.1855
0.222167
0.1645
0.1575
0.202298
0.0394803
0.174413
0.0085
0.234
0.1475
0.0075
0.218
0.126437
0.213786
0.17033
0.102949
0.14
0.189
0.069965
0.165669
0.1775
0.1895
0.19031
0.2095
0.156422
0.2004
0.2105
0.167
0.184
0.166917
0.188811
0.16092
0.214179
0.1425
0.1695
0.1405
0.162919
0.0164671
0.168916
0.152424
0.161
0.0085
0.0164671
0.0104948
0.138
0.201798
0.216892
0.1455
0.165751
0.201697
0.00949525
0.069965
0.216892
0.158421
0.209
0.232651
0.173653
0.191404
0.162419
0.0515
0.185721
0.016
0.0114943
0.193
0.1745
0.235764
0.167416
0.228386
0.183408
0.167
0.255617
0.21939
0.204898
0.167416
0.187219
0.137862
0.166833
0.203898
0.01
0.2055
0.233766
0.209
0.0665
0.166833
0.177
0.121
0.149925
0.143
0.189
0.1305
0.146
0.2025
0.232268
0.15992
0.197204
0.167916
0.199
0.103345
0.188218
0.100899
0.198702
0.16092
0.2004
0.24
0.017991
0.158
0.2125
0.186534
0.150849
0.146354
0.14
0.161838
0.164
0.221168
0.0354823
0.1625
0.1665
0.183908
0.136296
0.189405
0.197
0.209
0.0315
0.191404
0.18032
0.1685
0.164
0.1275
0.179
0.223
0.158421
0.1335
0.017973
0.1575
0.0175
0.0375
0.2165
0.144
0.195305
0.172
0.227
0.1105
0.196
0.1305
0.166917
0.136364
0.162919
0.157763
0.214393
0.149925
0.168
0.187
0.181
0.158184
0.21
0.162919
0.199
0.1455
0.0249875
0.173913
0.211289
0.168
0.245377
0.156922
0.167416
0.196
0.0455
0.1605
0.218
0.156422
0.218781
0.0255
0.147353
0.126311
0.0135
0.157343
0.1835
0.234
0.168
0.194903
0.160759
0.153693
0.2075
0.141929
0.00649675
0.175
0.10045
0.179
0.098
0.186407
0.007
0.230769
0.178411
0.218391
0.152424
0.166251
0.174825
0.153347
0.138931
0.124438
0.009
0.115942
0.195305
0.122877
0.0829585
0.1465
0.1465
0.00899101
0.123
0.2145
0.172914
0.1385
0.133933
0.115
0.158421
0.216392
0.166251
0.1004
0.169415
0.194805
0.136364
0.163918
0.15327
0.255245
0.156266
0.144928
0.014
0.1455
0.2025
0.255245
0.2025
0.229
0.1855
0.0085
0.1595
0.182409
0.007
0.0225
0.0114943
0.191426
0.156344
0.190905
0.1695
0.0395
0.201899
0.161838
0.218391
0.13943
0.212
0.181909
0.177411
0.091
0.232268
0.151424
0.131934
0.0529206
0.155922
0.147
0.226387
0.163591
0.217891
0.163
0.01999
0.162919
0.1595
0.196304
0.156922
0.043978
0.2245
0.13943
0.2025
0.156687
0.167665
0.191213
0.113943
0.166667
0.00599401
0.193
0.181909
0.227545
0.2145
0.058
0.162419
0.1145
0.0985
0.193903
0.198801
0.147
0.023988
0.2305
0.207792
0.18041
0.083
0.032
0.171243
0.178732
0.0115
0.0044955
0.156843
0.1845
0.156843
0.216176
0.173739
0.1515
0.0049975
0.22
0.197204
0.1235
0.16018
0.188
0.192
0.17941
0.015
0.175
0.132934
0.0124813
0.196
0.183908
0.00849151
0.0575
0.0085
0.150774
0.026
0.162756
0.0075
0.211183
0.193903
0.163174
0.180819
0.199
0.181909
0.166251
0.19031
0.011988
0.218
0.200799
0.181409
0.186907
0.2295
0.167416
0.137931
0.1525
0.146427
0.209395
0.2295
0.174413
0.19202
0.178911
0.0134865
0.008
0.1255
0.141929
0.154423
0.007
0.175912
0.193
0.163754
0.1735
0.0695
0.1565
0.166251
0.212182
0.190405
0.018981
0.111277
0.126873
0.216892
0.185721
0.015992
0.166
0.0164835
0.18091
0.174152
0.19
0.167916
0.197
0.0135
0.118
0.169246
0.123
0.173913
0.015984
0.1725
0.183
0.15992
0.168663
0.0455
0.1605
0.121756
0.1275
0.185
0.1495
0.17991
0.141929
0.00849575
0.192615
0.2
0.158
0.186813
0.197703
0.223441
0.195305
0.134933
0.168332
0.166917
0.04995
0.195402
0.154346
0.00649675
0.130869
0.145781
0.004
0.227386
0.197401
0.202399
0.172827
0.2145
0.2095
0.169
0.202899
0.175824
0.1275
0.1625
0.212
0.156687
0.163337
0.1905
0.0384615
0.184908
0.0085
0.0314843
0.0089955
0.1495
0.1825
0.1815
0.018981
0.206294
0.143357
0.0254618
0.0224888
0.198702
0.235382
0.1115
0.180819
0.196
0.18041
0.150849
0.132934
0.187812
0.205
0.0169915
0.192
0.218
0.191213
0.160679
0.1275
0.154269
0.193
0.2185
0.202399
0.1595
0.0329835
0.208
0.15942
0.0194903
0.252374
0.2245
0.175
0.0705
0.179
0.0225
0.1595
0.135
0.141929
0.15327
0.23
0.118941
0.21939
0.0734633
0.0214678
0.1705
0.005
0.1865
0.144928
0.0885
0.177911
0.016
0.174413
0.2005
0.163418
0.1725
0.00849151
0.0254618
0.235764
0.167665
0.0115
0.18803
0.23365
0.18
0.192
0.163754
0.126873
0.15942
0.118941
0.162919
0.213287
0.0314843
0.1875
0.227386
0.1735
0.161838
0.2015
0.125874
0.00649026
0.17941
0.191404
0.174
0.0225
0.00749625
0.218
0.00849575
0.174913
0.22
0.167
0.238143
0.146427
0.248252
0.162338
0.202197
0.0044955
0.014985
0.107393
0.175
0.154115
0.063
0.173
0.1825
0.0309845
0.2245
0.208791
0.207896
0.011
0.203593
0.0194903
0.189311
0.166999
0.171414
0.1595
0.17
0.162
0.222889
0.164918
0.170829
0.24
0.147426
0.0695
0.014
0.185
0.153693
0.169915
0.171914
0.157921
0.2025
0.122
0.00599401
0.1435
0.132
0.006
0.223888
0.183
0.1545
0.028
0.167
0.211394
0.216783
0.147
0.205486
0.1575
0.212
0.198901
0.1855
0.1845
0.221389
0.174239
0.137862
0.0464535
0.23192
0.01
0.167
0.145781
0.1675
0.155422
0.16092
0.2025
0.002997
0.19321
0.1385
0.188
0.1475
0.18
0.193806
0.0105
0.1865
0.185
0.009
0.184908
0.102949
0.184
0.056
0.189
0.163174
0.1625
0.2004
0.1855
0.239141
0.0818363
0.0155
0.051
0.11
0.183317
0.13993
0.227545
0.0575
0.14985
0.2035
0.155422
0.216783
0.1545
0.16092
0.0205
0.2145
0.1685
0.1695
0.161419
0.2305
0.0225
0.137
0.1385
0.0515
0.007
0.243513
0.1015
0.2095
0.1455
0.197
0.169
0.0069965
0.214179
0.174
0.198702
0.2
0.18
0.1685
0.255617
0.186
0.155766
0.195804
0.199102
0.136
0.206897
0.169162
0.173826
0.1385
0.1915
0.19321
0.152272
0.07
0.0075
0.245877
0.218391
0.0969515
0.215392
0.186534
0.1405
0.213074
0.183
0.233533
0.156922
0.208188
0.193709
0.128936
0.1505
0.183317
0.0285
0.192404
0.162
0.00749625
0.2185
0.205295
0.1545
0.1785
0.193403
0.1435
0.201798
0.219281
0.1895
0.167
0.1455
0.198
0.2075
0.063968
0.18803
0.148278
0.1705
0.192615
0.221778
0.0164589
0.167
0.152424
0.172827
0.091
0.195402
0.2035
0.186221
0.2
0.149
0.058
0.204387
0.0115
0.195305
0.19
0.00399202
0.157421
0.2025
0.0115
0.161258
0.177
0.153693
0.173
0.160679
0.085
0.151848
0.147353
0.184
0.162
0.0169915
0.1995
0.213893
0.121
0.144855
0.206294
0.125811
0.197901
0.0665
0.141359
0.2105
