0.295
0.253247
0.247876
0.2925
0.306
0.2395
0.267
0.228771
0.248876
0.273863
0.28657
0.236
0.24975
0.23938
0.2505
0.296
0.277361
0.270594
0.253493
0.291354
0.312874
0.232767
0.252747
0.277361
0.274863
0.282
0.275724
0.223388
0.318341
0.270594
0.25312
0.261
0.271229
0.216392
0.2595
0.2775
0.23988
0.296352
0.302849
0.292561
0.304543
0.249
0.263368
0.260609
0.25998
0.269365
0.2415
0.290709
0.2595
0.2675
0.244
0.248376
0.279
0.249
0.273952
0.2715
0.256
0.2995
0.239
0.267366
0.272228
0.268232
0.2405
0.25
0.245132
0.281718
0.262606
0.238881
0.2925
0.242893
0.274
0.231153
0.28
0.252
0.2765
0.2415
0.264368
0.282
0.244
0.263868
0.241
0.238143
0.270865
0.239
0.255245
0.250624
0.244878
0.2445
0.248128
0.229
0.26
0.270594
0.306
0.241259
0.221389
0.261976
0.271229
0.222
0.281
0.2905
0.216
0.291063
0.249
0.2745
0.258612
0.268962
0.247876
0.289855
0.293853
0.271364
0.2475
0.2775
0.265367
0.246
0.2525
0.28008
0.275087
0.234883
0.26973
0.30085
0.0069965
0.197703
0.253873
0.262869
0.228272
0.222
0.251
0.237881
0.0304848
0.2735
0.2745
0.265367
0.270729
0.288356
0.230654
0.29306
0.224888
0.2665
0.2575
0.281437
0.254119
0.282218
0.209
0.234883
0.291854
0.224
0.247876
0.2205
0.284858
0.2535
0.236
0.312032
0.227
0.252747
0.295
0.2425
0.254
0.275587
0.270095
0.26
0.27986
0.2915
0.270365
0.252874
0.267366
0.256872
0.2015
0.182409
0.238881
0.0025
0.291063
0.273863
0.270688
0.00299551
0.278582
0.2515
0.253373
0.25
0.2575
0.283217
0.2495
0.257
0.248128
0.264
0.253373
0.00599101
0.2485
0.278582
0.2465
0.2815
0.29021
0.2385
0.296
0.249875
0.0169915
0.261108
0.264
0.278361
0.2955
0.226
0.26087
0.242379
0.2695
0.281
0.238
0.251374
0.295704
0.212
0.3085
0.281219
0.292208
0.281437
0.2575
0.252874
0.253373
0.271364
0.251623
0.245
0.270729
0.268232
0.005997
0.2745
0.296
0.29356
0.301199
0.278582
0.264603
0.1905
0.228771
0.2605
0.256372
0.306
0.2765
0.2235
0.246
0.250875
0.272092
0.305847
0.258741
0.257371
0.295057
0.271728
0.281
0.2997
0.291854
0.2615
0.252374
0.236645
0.021989
0.2505
0.2655
0.2995
0.215784
0.182409
0.224388
0.235
0.242
0.2885
0.266
0.259
0.261869
0.2415
0.2715
0.234883
0.28
0.269365
0.283358
0.243378
0.2805
0.259
0.302697
0.253
0.281359
0.278361
0.25974
0.2505
0.266733
0.221778
0.2895
0.298202
0.009
0.00998502
0.2125
0.248
0.1945
0.296204
0.284573
0.29021
0.254863
0.23988
0.301349
0.2235
0.227
0.2545
0.284
0.271364
0.274863
0.253873
0.24975
0.301548
0.2175
0.2425
0.247
0.270095
0.289
0.2955
0.28
0.258
0.274226
0.233
0.271457
0.238262
0.2425
0.2145
0.2665
0.2765
0.219281
0.276862
0.2115
0.241
0.2805
0.3065
0.1765
0.31984
0.2365
0.214393
0.24026
0.250875
0.266966
0.312
0.28
0.00899101
0.237381
0.26087
0.283075
0.2595
0.2735
0.304543
0.281437
0.272364
0.0105
0.282218
0.256244
0.256372
0.222777
0.2535
0.267866
0.237881
0.2715
0.27
0.283858
0.267866
0.224388
0.26087
0.215285
0.253746
0.2585
0.241
0.2805
0.309
0.256872
0.282077
0.226274
0.275862
0.2925
0.266367
0.271364
0.2725
0.276862
0.304543
0.2365
0.27
0.270729
0.281359
0.2705
0.2255
0.242258
0.266833
0.28022
0.2465
0.247
0.274863
0.305042
0.278
0.283075
0.254
0.317341
0.247752
0.224888
0.3095
0.00499251
0.1825
0.285714
0.246254
0.266101
0.2375
0.276362
0.260609
0.283716
0.2445
0.276723
0.268366
0.273227
0.264
0.298351
0.279
0.2175
0.2215
0.2965
0.2505
0.244
0.302349
0.2635
0.285357
0.248751
0.289855
0.294353
0.258242
0.288
0.252747
0.25
0.257871
0.226274
0.266367
0.254
0.275587
0.253746
0.262606
0.301048
0.235265
0.2985
0.293353
0.00548902
0.0109945
0.25
0.2605
0.2775
0.275862
0.0095
0.296758
0.267366
0.260479
0.278361
0.29
0.270365
0.2745
0.247253
0.243878
0.24088
0.0065
0.278083
0.33017
0.228771
0.242137
0.270729
0.2865
0.285857
0.245885
0.283
0.2615
0.267
0.247
0.296703
0.224888
0.269865
0.255
0.293
0.256858
0.264868
0.282934
0.224888
0.2675
0.27972
0.216567
0.287856
0.248503
0.248376
0.271229
0.2695
0.201198
0.2315
0.244878
0.309345
0.2715
0.293
0.262869
0.2695
0.229
0.01
0.255372
0.2595
0.3065
0.26024
0.262369
0.265867
0.30085
0.262369
0.291354
0.24088
0.2315
0.278
0.307539
0.214072
0.222777
0.287856
0.262869
0.262
0.29
0.3225
0.254873
0.277722
0.2995
0.254873
0.242879
0.291063
0.2835
0.28008
0.296352
0.2735
0.267866
0.315342
0.301048
0.2515
0.254246
0.291
0.2655
0.237
0.2775
0.244
0.235382
0.289066
0.254
0.263237
0.33017
0.267
0.289211
0.281219
0.24
0.25
0.25937
0.2975
0.00649026
0.307385
0.242379
0.296758
0.2595
0.2997
0.263
0.005997
0.296352
0.010978
0.2665
0.226773
0.224888
0.198901
0.253373
0.264735
0.2605
0.243
0.262606
0.271364
0.285
0.270459
0.204398
0.271364
0.291563
0.282717
0.303393
0.2685
0.301548
0.255245
0.2575
0.248876
0.2675
0.257742
0.2705
0.256
0.245
0.295205
0.219
0.2705
0.311189
0.29985
0.249501
0.289566
0.291417
0.273863
0.27972
0.237762
0.268731
0.25025
0.286357
0.294853
0.288
0.266867
0.29306
0.245754
0.2575
0.244
0.2595
0.271
0.247
0.26996
0.261
0.245
0.2685
0.282934
0.2545
0.2075
0.262369
0.2595
0.27972
0.271956
0.2485
0.237881
0.2905
0.251
0.2475
0.315342
0.279
0.248627
0.00949051
0.298351
0.284858
0.00549451
0.266
0.272092
0.268597
0.268463
0.239
0.291209
0.282
0.243635
0.2735
0.1925
0.224888
0.2845
0.267366
0.260609
0.255617
0.268
0.298202
0.262
0.2335
0.261
0.257371
0.262
0.278861
0.264868
0.248
0.255245
0.2665
0.232268
0.293207
0.27
0.284
0.285
0.2385
0.269865
0.261369
0.292854
0.263105
0.30085
0.249875
0.2235
0.264868
0.287
0.2935
0.00299551
0.2875
0.23988
0.249875
0.0095
0.278861
0.259
0.268463
0.282
0.281578
0.267366
0.274
0.28036
0.255245
0.259
0.281437
0.274363
0.2385
0.2335
0.282934
0.189405
0.288
0.2285
0.189621
0.29935
0.250749
0.253
0.2975
0.2615
0.222
0.31984
0.232419
0.251623
0.245885
0.283858
0.228
0.263237
0.225
0.275362
0.269865
0.251
0.271
0.315342
0.296
0.2335
0.264368
0.271364
0.2385
0.24026
0.254873
0.262369
0.232535
0.227386
0.2335
0.2115
0.2725
0.2065
0.272591
0.238143
0.278582
0.2025
0.24026
0.278361
0.274363
0.2425
0.271229
0.2935
0.265
0.29306
0.242258
0.2865
0.272864
0.230923
0.2765
0.263237
0.310224
0.291063
0.285357
0.27936
0.274725
0.2905
0.2715
0.24975
0.242757
0.00949051
0.2835
0.212288
0.301548
0.269231
0.271728
0.23976
0.3135
0.2475
0.287856
0.2325
0.255372
0.2585
0.249
0.254873
0.189405
0.248751
0.271
0.249875
0.2475
0.281
0.313
0.276
0.314528
0.276
0.27359
0.247876
0.246
0.285429
0.242
0.251374
0.29935
0.299201
0.204795
0.260739
0.004995
0.272
0.279221
0.218
0.294705
0.190905
0.28008
0.29021
0.279
0.283358
0.2615
0.260479
0.2745
0.2595
0.212
0.182409
0.2795
0.2745
0.2575
0.228
0.254
0.2995
0.21939
0.29
0.262344
0.2135
0.2905
0.272864
0.247
0.2485
0.28
0.245
0.236
0.205691
0.289566
0.309036
0.2615
0.2615
0.27972
0.270365
0.227159
0.235265
0.249126
0.27
0.246254
0.289855
0.2525
0.287856
0.251623
0.227
0.254618
0.273863
0.244
0.204398
0.231153
0.279221
0.286357
0.288
0.270365
0.232767
0.271457
0.289
0.2415
0.26011
0.268597
0.293353
0.29306
0.2545
0.264471
0.285714
0.2175
0.269
0.245377
0.27
0.286357
0.225275
0.241
0.297351
0.2415
0.262369
0.307193
0.274226
0.271
0.278861
0.263368
0.0104895
0.229885
0.2725
0.238881
0.291417
0.284858
0.3065
0.283575
0.292062
0.1925
0.272
0.298851
0.23
0.23938
0.255744
0.279
0.257114
0.2705
0.307846
0.223441
0.27986
0.301548
0.26037
0.228771
0.256116
0.25974
0.249875
0.272364
0.308846
0.272
0.267866
0.248376
0.2666
0.24038
0.2115
0.256372
0.272364
0.227
0.307193
0.285714
0.2545
0.26011
0.23938
0.2835
0.278861
0.199
0.269
0.279221
0.257742
0.274363
0.2495
0.278582
0.260479
0.282077
0.261
0.282077
0.21939
0.0114943
0.258371
0.244755
0.244378
0.225
0.275
0.27023
0.1765
0.249875
0.286713
0.275862
0.295704
0.245877
0.279
0.230539
0.24038
0.277
0.286857
0.244755
0.00299551
0.257742
0.264868
0.249126
0.271229
0.2885
0.270365
0.235882
0.271
0.290855
0.261738
0.232535
0.265367
0.2905
0.20979
0.251374
0.249
0.332
0.29
0.253373
0.248876
0.266234
0.282717
0.28657
0.232
0.260609
0.0174913
0.2585
0.305042
0.226274
0.232767
0.245
0.278861
0.197703
0.26973
0.240639
0.267732
0.260739
0.270459
0.294353
0.2775
0.312032
0.317341
0.262869
0.2955
0.290355
0.2205
0.255744
0.3225
0.270365
0.224888
0.26
0.267866
0.238761
0.2665
0.274725
0.297203
0.268731
0.2975
0.255489
0.24975
0.2565
0.278
0.296555
0.266367
0.2505
0.245
0.230385
0.276
0.2665
0.278582
0.261869
0.274
0.266234
0.252747
0.2666
0.2265
0.263237
0.2755
0.1905
0.279221
0.272
0.292561
0.2335
0.293353
0.289855
0.243
0.2745
0.281359
0.285
0.2545
0.250375
0.247376
0.2765
0.256
0.291
0.2885
0.2465
0.2335
0.247129
0.2475
0.245
0.317524
0.2725
0.302849
0.2835
0.233
0.22
0.287
0.2985
0.2235
0.244378
0.249
0.267866
0.248627
0.2695
0.2925
0.246
0.1945
0.269865
0.228272
0.248876
0.294353
0.280719
0.270365
0.270865
0.28008
0.2675
0.193403
0.27986
0.010978
0.296352
0.296352
0.252
0.228771
0.2415
0.285572
0.28086
0.285357
0.2885
0.233383
0.2135
0.249875
0.293
0.294853
0.2445
0.2525
0.1825
0.231384
0.2765
0.288356
0.243
0.283716
0.267366
0.283858
0.27
0.272092
0.2895
0.3005
0.23365
0.27
0.257243
0.285714
0.2515
0.217391
0.246254
0.279221
0.0135
0.262
0.2255
0.2865
0.3205
0.28022
0.252747
0.294853
0.255
0.225387
0.242757
0.310345
0.2665
0.24038
0.22039
0.257371
0.2575
0.2485
0.2975
0.254618
0.25987
0.271728
0.210895
0.28036
0.2775
0.28
0.2835
0.285
0.238881
0.248004
0.249251
0.27
0.29
0.284358
0.2265
0.1765
0.274
0.22039
0.254745
0.2665
0.290855
0.235
0.31
0.232767
0.248128
0.271728
0.2365
0.225
0.3135
0.272591
0.248627
0.266867
0.2705
0.25
0.2755
0.291854
0.2785
0.267866
0.2565
0.230539
0.2665
0.00649026
0.284216
0.264
0.261239
0.00299551
0.221889
0.2665
0.291854
0.225774
0.255
0.247
0.2655
0.228886
0.2635
0.294353
0.294264
0.284358
0.311
0.307385
0.25987
0.268731
0.250749
0.3035
0.278582
0.239
0.297405
0.2145
0.274451
0.276
0.245885
0.233383
0.28086
0.258612
0.267366
0.2515
0.243378
0.281859
0.294353
0.274363
0.23938
0.284858
0.248503
0.2365
0.245
0.310345
0.290918
0.2365
0.2975
0.2805
0.225
0.264
0.293353
0.241879
0.247376
0.2785
0.227386
0.228771
0.224
0.245255
0.2015
0.22039
0.214855
0.258483
0.242258
0.254873
0.254
0.262344
0.248252
0.285
0.23315
0.245
0.273363
0.255617
0.281578
0.263237
0.291354
0.255744
0.2325
0.279
0.224888
0.294853
0.193
0.272228
0.323177
0.255617
0.237381
0.2995
0.303892
0.279
0.265235
0.278361
0.005997
0.283716
0.234149
0.2715
0.291063
0.2855
0.270095
0.304695
0.23988
0.2785
0.2145
0.2775
0.296
0.264603
0.242379
0.296352
0.2004
0.259
0.22017
0.214855
0.248252
0.272727
0.241259
0.262869
0.294353
0.261369
0.227
0.285072
0.24026
0.249002
0.262344
0.262
0.296852
0.268597
0.236382
0.274863
0.271229
0.278222
0.230885
0.261
0.0294853
0.244
0.242
0.257742
0.00798403
0.2745
0.2545
0.208896
0.293
0.2905
0.284
0.256372
0.228044
0.286427
0.296352
0.24975
0.261869
0.249375
0.257
0.272228
0.249
0.273227
0.244
0.312844
0.214179
0.284
0.2425
0.218891
0.2795
0.278582
0.295
0.257742
0.293
0.2355
0.21939
0.255245
0.205897
0.285857
0.266367
0.249375
0.228
0.3065
0.285357
0.312874
0.256872
0.314843
0.2335
0.289855
0.245632
0.267866
0.182409
0.253
0.263868
0.284
0.2795
0.242258
0.304348
0.2935
0.267366
0.22089
0.22
0.2655
0.2595
0.286857
0.285572
0.230539
0.199
0.256872
0.26973
0.2475
0.285
0.268329
0.284216
0.005
0.244
0.271956
0.296555
0.26037
0.246377
0.2997
0.253373
0.0125
0.22028
0.237644
0.236882
0.271
0.285
0.210895
0.296
0.2325
0.214
0.2375
0.230885
0.1765
0.24975
0.265602
0.254873
0.237381
0.2445
0.009
0.309
0.214179
0.283716
0.27
0.247876
0.257371
0.297405
0.265235
0.263
0.0049975
0.296352
0.308846
0.265367
0.2745
0.2395
0.252621
0.289
0.234149
0.2695
0.204398
0.2485
0.253247
0.252874
0.303393
0.2515
0.289855
0.2835
0.292561
0.2365
0.303892
0.291854
0.315342
0.278582
0.247
0.2445
0.26973
0.2905
0.286357
0.268232
0.28008
0.285
0.2265
0.228
0.2965
0.242
0.2935
0.269596
0.276
0.31984
0.28
0.303696
0.2125
0.189621
0.277361
0.1925
0.1765
0.291
0.22028
0.261239
0.263368
0.259
0.275862
0.304348
0.2325
0.288711
0.00849151
0.225774
0.2595
0.277861
0.307385
0.00649675
0.2805
0.2835
0.321197
0.22
0.289
0.25937
0.256872
0.29021
0.274089
0.2585
0.228771
0.299201
0.274725
0.261
0.2685
0.303
0.256872
0.021989
0.2445
0.2665
0.284216
0.272864
