0.2385
0.265
0.2515
0.226887
0.226274
0.293353
0.196
0.302743
0.218
0.29356
0.280579
0.205794
0.2045
0.209685
0.263237
0.228771
0.267964
0.2525
0.245255
0.2999
0.296703
0.288423
0.190905
0.251
0.235764
0.278582
0.243635
0.236
0.2445
0.208292
0.261239
0.2375
0.194209
0.262238
0.238381
0.301349
0.2125
0.229
0.3
0.191904
0.255245
0.2295
0.248
0.2795
0.274725
0.18981
0.273363
0.269365
0.267233
0.247757
0.297
0.271229
0.268
0.25987
0.252874
0.269
0.30969
0.2535
0.215784
0.022
0.2095
0.27359
0.2465
0.2475
0.236
0.277361
0.244378
0.242879
0.325
0.2305
0.269096
0.255744
0.2605
0.233883
0.193
0.207293
0.238642
0.262238
0.297351
0.251374
0.2225
0.288856
0.259111
0.269096
0.264368
0.2725
0.257
0.2175
0.261869
0.275724
0.247376
0.243756
0.2385
0.230769
0.223
0.274
0.248252
0.253
0.2825
0.275724
0.217
0.269096
0.237644
0.256116
0.2735
0.245754
0.241758
0.256487
0.280579
0.231884
0.215392
0.257243
0.2425
0.00649675
0.264339
0.0125
0.241
0.2815
0.2285
0.2475
0.2375
0.243878
0.2255
0.244878
0.248252
0.255988
0.253
0.237144
0.23938
0.252747
0.241879
0.257243
0.2575
0.242
0.243878
0.2205
0.215676
0.236
0.2195
0.237144
0.240639
0.246377
0.2645
0.252747
0.223
0.281859
0.242137
0.26973
0.2615
0.218
0.250375
0.2005
0.265867
0.262737
0.252122
0.246377
0.291354
0.241259
0.265
0.2875
0.0114713
0.00649675
0.244256
0.216892
0.264104
0.251
0.292707
0.256244
0.217391
0.00699301
0.2145
0.243257
0.227273
0.2525
0.231884
0.2265
0.0204591
0.243769
0.269
0.270095
0.217174
0.011988
0.244878
0.2755
0.229385
0.2515
0.252374
0.249626
0.234149
0.238642
0.243135
0.222
0.231384
0.284358
0.2115
0.271593
0.267732
0.24088
0.25937
0.234383
0.2305
0.244
0.28036
0.285
0.251
0.263105
0.261715
0.262737
0.286357
0.236
0.228158
0.253373
0.238642
0.2325
0.2555
0.262369
0.208687
0.234032
0.243878
0.263
0.238642
0.232
0.279221
0.233383
0.196
0.23988
0.269
0.29021
0.277722
0.258
0.277861
0.228386
0.234266
0.235
0.24038
0.23938
0.248376
0.270365
0.2415
0.293
0.183
0.270865
0.256
0.281578
0.00649675
0.252
0.311189
0.265102
0.0114713
0.268
0.270729
0.250749
0.235764
0.256743
0.26973
0.241
0.257871
0.231384
0.250375
0.211471
0.26011
0.217391
0.205897
0.27
0.2435
0.274863
0.249875
0.261108
0.273863
0.28036
0.257485
0.252747
0.3
0.281859
0.234
0.266101
0.269096
0.255245
0.269365
0.275724
0.278582
0.235529
0.257614
0.2005
0.22028
0.2315
0.262869
0.231884
0.234648
0.257
0.21
0.0134865
0.252874
0.294353
0.257243
0.221389
0.297851
0.256
0.254373
0.2585
0.1998
0.2935
0.273863
0.2225
0.272591
0.270365
0.2935
0.2725
0.258871
0.284
0.00649026
0.27936
0.238381
0.233883
0.268098
0.24
0.277
0.1775
0.243014
0.216892
0.288212
0.2999
0.237881
0.2665
0.2305
0.29
0.2255
0.257
0.2475
0.253373
0.2815
0.205897
0.244878
0.281219
0.264868
0.268731
0.276086
0.241
0.231384
0.2755
0.193403
0.229385
0.2265
0.237881
0.27
0.245877
0.253373
0.216892
0.24
0.00599401
0.243756
0.255489
0.289277
0.2465
0.1815
0.2065
0.24026
0.237406
0.233383
0.2515
0.251123
0.252874
0.268
0.244878
0.242
0.222777
0.2605
0.2735
0.273363
0.257
0.3
0.229156
0.250375
0.283217
0.21029
0.204898
0.23988
0.307539
0.251374
0.227
0.259
0.261239
0.2275
0.193
0.271093
0.247376
0.232884
0.251374
0.2475
0.257243
0.243878
0.2395
0.257
0.251874
0.281
0.234149
0.237381
0.233383
0.304348
0.237381
0.006
0.257984
0.0109835
0.222444
0.237381
0.246377
0.0114885
0.2205
0.18023
0.233267
0.205794
0.252122
0.274226
0.289277
0.211394
0.2255
0.253373
0.244
0.281
0.2265
0.2725
0.2285
0.270865
0.2255
0.292062
0.262
0.263237
0.215784
0.275948
0.2525
0.202298
0.253373
0.246
0.25362
0.212
0.2265
0.274588
0.244755
0.2475
0.00649675
0.265235
0.273227
0.227886
0.229156
0.2515
0.00549725
0.254373
0.26973
0.265602
0.243756
0.253873
0.248876
0.274
0.244378
0.2425
0.264236
0.223277
0.2435
0.301349
0.250375
0.253373
0.0984508
0.2355
0.262
0.174413
0.25937
0.249626
0.245754
0.252747
0.254
0.1815
0.2825
0.2675
0.266234
0.2425
0.27359
0.2445
0.264368
0.1985
0.190905
0.269
0.229385
0.253373
0.00499251
0.2665
0.233267
0.231384
0.2545
0.3
0.218891
0.230885
0.246753
0.272864
0.008
0.286
0.283
0.28086
0.222
0.246877
0.295852
0.250873
0.220779
0.2405
0.2635
0.291854
0.251374
0.2295
0.2575
0.252874
0.21939
0.256743
0.21507
0.242879
0.235
0.264368
0.209082
0.2775
0.250375
0.257371
0.257
0.255372
0.2945
0.244755
0.2725
0.00649675
0.250875
0.219281
0.2325
0.238881
0.2445
0.28971
0.293353
0.271229
0.1985
0.2775
0.252122
0.297554
0.28036
0.2115
0.173913
0.221389
0.232
0.21989
0.29021
0.287569
0.261239
0.286357
0.008
0.269365
0.196
0.257
0.2515
0.302743
0.253992
0.2755
0.255245
0.24088
0.220779
0.225275
0.234
0.223388
0.273
0.007996
0.241379
0.241259
0.2405
0.253373
0.233383
0.257871
0.257
0.292707
0.245377
0.253
0.234
0.2935
0.2625
0.00549725
0.257871
0.276
0.2295
0.285357
0.243878
0.281
0.23027
0.30658
0.277307
0.0154845
0.2655
0.23938
0.283
0.2715
0.315
0.262
0.196902
0.2585
0.2325
0.258871
0.275
0.265
0.274
0.247129
0.0055
0.292208
0.27936
0.017982
0.236645
0.22028
0.25937
0.2665
0.1975
0.271
0.285857
0.286071
0.0204591
0.233383
0.279221
0.255372
0.227046
0.231884
0.262869
0.2585
0.223888
0.264
0.245877
0.2525
0.270365
0.2195
0.246377
0.2345
0.224775
0.2455
0.248751
0.25937
0.271956
0.2305
0.1775
0.252248
0.223888
0.249
0.251
0.2955
0.277
0.281578
0.252747
0.017982
0.272864
0.204795
0.24088
0.221889
0.259
0.26996
0.2855
0.23004
0.273363
0.256872
0.2325
0.271864
0.288068
0.227
0.203297
0.2485
0.2605
0.23988
0.24389
0.297554
0.0174825
0.247
0.251
0.259
0.255489
0.286071
0.2445
0.268866
0.250749
0.235764
0.281578
0.297851
0.281718
0.2225
0.255489
0.254491
0.225387
0.257871
0.256743
0.2485
0.2605
0.2395
0.238381
0.2615
0.200699
0.247376
0.263972
0.274863
0.2755
0.242137
0.295352
0.008
0.2135
0.173913
0.2325
0.2155
0.264368
0.232384
0.290564
0.292062
0.241879
0.243756
0.192904
0.2425
0.28
0.259241
0.258871
0.227886
0.2685
0.233267
0.255245
0.221389
0.286
0.2615
0.237
0.24
0.2535
0.003996
0.244878
0.252994
0.257
0.217391
0.324838
0.261369
0.256743
0.2585
0.2285
0.272364
0.220669
0.257871
0.25974
0.274
0.285572
0.2725
0.00898204
0.27936
0.183408
0.229385
0.297
0.2565
0.282
0.183
0.243635
0.193806
0.266
0.258
0.292707
0.224775
0.236382
0.269865
0.221058
0.0184908
0.244378
0.234
0.257614
0.288711
0.258741
0.232884
0.219
0.271864
0.0095
0.219
0.271093
0.3105
0.205192
0.218891
0.224663
0.237144
0.242879
0.2305
0.2305
0.269096
0.2655
0.243878
0.231384
0.219171
0.2615
0.2735
0.26037
0.26087
0.248252
0.257243
0.269
0.215784
0.241879
0.268366
0.283358
0.268731
0.25937
0.2665
0.297554
0.231
0.2505
0.243878
0.24
0.207
0.271728
0.269096
0.287569
0.256872
0.225774
0.2705
0.255245
0.229
0.215285
0.2625
0.306847
0.227386
0.207
0.211894
0.283575
0.25937
0.269096
0.269231
0.288068
0.23
0.301048
0.257243
0.227545
0.232
0.274863
0.215392
0.289855
0.230769
0.229385
0.246753
0.310035
0.237381
0.284
0.178911
0.25
0.244878
0.293
0.2735
0.277722
0.283575
0.29
0.231384
0.2585
0.2265
0.287569
0.234032
0.237762
0.254373
0.257
0.233766
0.254
0.21967
0.185
0.2865
0.270958
0.246377
0.257371
0.253247
0.275362
0.1615
0.1685
0.2875
0.237881
0.259
0.277
0.270729
0.222
0.257
0.23938
0.241138
0.248004
0.256
0.288212
0.239
0.286857
0.270365
0.243756
0.2315
0.2385
0.252
0.263605
0.239
0.28036
0.2315
0.26087
0.27023
0.229
0.255744
0.290855
0.264868
0.252747
0.27023
0.290355
0.262
0.255372
0.257
0.2755
0.270365
0.275724
0.263105
0.212
0.244878
0.236264
0.2825
0.2535
0.2475
0.248
0.264339
0.231
0.22
0.1975
0.2505
0.26
0.274
0.2755
0.3185
0.279221
0.2635
0.293
0.225275
0.1935
0.2625
0.233383
0.2245
0.259
0.244378
0.301349
0.2235
0.2635
0.247876
0.224775
0.277722
0.239
0.2005
0.2665
0.1795
0.28971
0.296703
0.271728
0.263237
0.183408
0.287569
0.275724
0.274863
0.214
0.287356
0.264339
0.254491
0.246
0.2155
0.225162
0.248876
0.295557
0.217891
0.2765
0.201
0.261369
0.27
0.207293
0.1685
0.0089955
0.253
0.2655
0.252122
0.211894
0.243756
0.2595
0.25025
0.2135
0.2535
0.00649675
0.296352
0.26024
0.223888
0.281578
0.264868
0.236382
0.2375
0.223
0.2425
0.252
0.262107
0.249002
0.0089955
0.227545
0.183317
0.2615
0.227545
0.2825
0.233883
0.1895
0.2215
0.25937
0.291354
0.251748
0.005
0.275724
0.3055
0.217891
0.244378
0.236882
0.264236
0.262
0.2615
0.224663
0.2395
0.253
0.26
0.258871
0.231884
0.225162
0.26
0.283858
0.2255
0.21
0.252747
0.268366
0.022
0.261976
0.241895
0.022
0.1975
0.241259
0.2235
0.265
0.215892
0.2735
0.246377
0.217391
0.274089
0.00698952
0.27972
0.2009
0.0055
0.226
0.252
0.265867
0.271093
0.237762
0.291
0.2375
0.201
0.256872
0.227659
0.244
0.289355
0.2435
0.256872
0.268
0.256
0.265602
0.272591
0.2455
0.252874
0.225387
0.283858
0.2155
0.21967
0.2225
0.228386
0.256244
0.262
0.245877
0.2575
0.252
0.257871
0.282576
0.278582
0.276362
0.2285
0.246753
0.258
0.233
0.274588
0.270365
0.2585
0.259
0.269231
0.2355
0.233883
0.2045
0.253373
0.2995
0.2385
0.2295
0.264104
0.2265
0.2645
0.2865
0.271728
0.263237
0.295352
0.2575
0.252874
0.30969
0.253373
0.255617
0.223
0.191904
0.238903
0.2625
0.271956
0.22017
0.257871
0.218
0.265102
0.2935
0.1795
0.2645
0.241879
0.2205
0.248751
0.2465
0.242258
0.2245
0.237762
0.2755
0.183
0.243
0.2535
0.2305
0.248876
0.243014
0.271864
0.307
0.266367
0.239
0.2355
0.246131
0.243635
0.267
0.258612
0.249002
0.22666
0.00649675
0.243635
0.183
0.247376
0.225935
0.2645
0.28086
0.217
0.233766
0.278361
0.234383
0.285857
0.303045
0.233267
0.250375
0.262238
0.2115
0.233383
0.231
0.27972
0.210895
0.255
0.207
0.245877
0.265
0.191904
0.2445
0.243378
0.251874
0.2415
0.26
0.244256
0.208292
0.247752
0.212894
0.245877
0.215392
0.2245
0.196902
0.257871
0.176412
0.244378
0.255372
0.258612
0.208687
0.291854
0.2075
0.202298
0.271956
0.231
0.238381
0.217283
0.22028
0.2075
0.217891
0.25937
0.241
0.2395
0.225887
0.269596
0.265
0.265
0.258371
0.284715
0.261869
0.255489
0.287
0.257871
0.2325
0.268731
0.297851
0.29
0.2615
0.295557
0.26087
0.191904
0.236382
0.25
0.259611
0.253992
0.292062
0.008
0.205295
0.26
0.275948
0.157107
0.245377
0.236382
0.255744
0.255744
0.284573
0.242
0.292208
0.281718
0.212
0.264
0.264236
0.271229
0.257871
0.245
0.264236
0.2115
0.247006
0.263368
0.2585
0.29356
0.248627
0.246877
0.214
0.247
0.1775
0.239
0.263
0.2005
0.232
0.1975
0.276862
0.22505
0.261869
0.24
0.24088
0.272092
0.257243
0.268098
0.257485
0.205295
0.303
0.244755
0.248376
0.008
0.255372
0.236382
0.223388
0.264104
0.226547
0.249
0.185907
0.2585
0.265867
0.283
0.242
0.267366
0.242379
0.234883
0.263105
0.27023
0.25324
0.00698952
0.226274
0.274863
0.217391
0.249
0.2015
0.227545
0.281
0.274863
0.276086
0.00649026
0.2705
0.262
0.28036
0.248751
0.233267
0.255744
0.244
0.00649026
0.261715
0.2485
0.238
0.251
0.276086
0.292707
0.275
0.238381
0.202
0.276
0.257
0.25
0.283
0.263
0.223888
0.2305
0.1965
0.2405
0.28036
0.2155
0.261608
0.269596
0.223388
0.260609
0.2615
0.2205
0.233883
0.269
0.2355
0.252747
0.29021
0.287856
0.283
0.269
0.275
0.281
0.2625
0.2465
0.243878
0.2145
0.281718
0.2145
0.25937
0.243635
0.275862
0.2075
0.257871
0.25
0.251249
0.245877
0.256743
0.249875
0.253
0.271229
0.0109835
0.290855
0.236763
0.26
0.29356
0.216
0.268366
0.257
0.284715
0.28
0.2585
0.281
0.215285
0.227886
0.233
0.220779
0.237881
0.2265
0.252874
0.255744
0.275862
0.226
0.25974
0.213393
0.260739
0.2405
0.238262
0.2135
0.196
0.266867
0.255744
0.2305
0.2275
0.271593
0.2685
0.2815
0.2145
0.233383
0.222
0.2655
0.2725
0.255245
0.2695
0.227
0.284358
0.23004
0.226
0.2185
0.252747
0.241879
0.239
0.238761
0.259
0.254745
0.286357
0.29
0.277722
0.2695
0.248876
0.2615
0.24975
0.284573
0.286
0.211394
0.264236
0.2575
0.209082
0.2575
0.244
0.231384
0.0095
0.1895
0.2695
0.196
0.245
0.244256
0.2095
0.2515
0.242879
0.2645
0.233267
0.261
0.241259
0.274863
0.249
0.28036
0.237
0.278361
0.169415
0.2435
0.27
0.303045
0.258612
0.252374
0.238642
0.234
0.257
0.250375
0.250375
0.250375
0.269
0.267366
0.291354
0.2505
0.215892
0.0984508
0.2785
0.3025
0.218391
0.242258
0.2585
0.256487
0.283
0.244
0.27
0.231
0.2825
0.251623
0.247752
0.223388
0.258371
0.283217
0.24
0.215784
0.2785
0.257243
0.2445
0.235411
0.271093
0.0114885
0.2675
0.2355
0.262
0.246753
0.0164835
0.2585
0.289277
0.249875
0.251
0.294353
0.247129
0.2325
0.248376
0.287
0.2915
0.222
0.194209
0.241879
0.255744
0.196
0.27936
0.287356
0.218891
0.263237
0.2255
0.251249
0.286926
0.234266
0.2785
0.257114
0.266101
0.215676
0.257
0.281078
0.297851
0.265367
0.2475
0.219
0.266
0.293706
0.2615
0.0134865
0.18981
0.266
0.237381
0.24
0.243878
0.2785
0.2825
0.2525
0.253992
0.249375
0.2515
0.2595
0.29021
0.251123
0.2305
0.265
0.217891
0.242757
0.227
0.269865
0.267366
0.265867
0.29021
0.255117
0.27
0.231
0.25974
0.25
0.238262
0.237
0.267366
0.249
0.261976
0.1975
0.291854
0.274863
0.246
0.258612
0.235764
0.2515
0.0075
0.227772
0.29
0.271
0.267732
0.205794
0.248876
0.254873
0.254
0.256872
0.0204591
0.272
0.262
0.286357
0.27994
0.210684
0.194209
0.2355
0.257871
0.273227
0.23
0.263368
0.295352
0.262606
0.284715
0.261
0.2755
0.2425
0.225387
0.236
0.262606
0.261869
0.243756
0.248627
0.250375
0.222777
0.00698952
0.2665
0.2715
0.263368
0.269
0.290355
0.302743
0.256743
0.217
0.226
0.247752
0.279221
0.279221
0.236
0.269
0.245
0.2315
0.247757
0.244878
0.292062
0.2315
0.255744
0.24
0.292124
0.225
0.270865
0.261239
0.2575
0.274
0.238761
0.243635
0.265469
0.30658
0.244878
0.230885
0.217174
0.262
0.234
0.232152
0.261608
0.243378
0.245
0.265
0.261608
0.323338
0.223
0.207
0.271229
0.2305
0.243635
0.272
0.223888
0.215784
0.259352
0.207
0.231768
0.225
0.257742
0.2515
0.183
0.1994
0.2595
0.232884
0.261
0.27936
0.303045
0.207792
0.2635
0.273227
0.273
0.297851
0.259611
0.2295
0.242379
0.285072
0.273227
0.244256
0.2645
0.287356
0.25937
0.255245
0.297
0.241879
0.2675
0.237
0.243756
0.263
0.241138
0.1965
0.248
0.2385
0.28036
0.203898
0.227046
0.2615
0.255372
0.2999
0.2435
0.245
0.238761
0.229271
0.234149
0.255372
0.226887
0.1994
0.234266
0.255372
0.010989
0.185
0.2005
0.293
0.2875
0.252874
0.292707
0.260739
0.227
0.244878
0.251123
0.185907
0.253992
0.270865
0.254491
0.274089
0.265867
0.2665
0.255372
0.279221
0.287356
0.251
0.242515
0.248376
0.233
0.2575
0.003
0.245
0.244755
0.262
0.246
0.271
0.262369
0.2695
0.248876
0.0174825
0.243635
0.254
0.216892
0.257984
0.24038
0.24026
0.335332
0.271229
0.206
0.281578
0.2625
0.268597
0.236
0.281718
0.25974
0.2325
0.2385
0.2635
0.257114
0.2375
0.247376
0.26011
0.183
0.25025
0.244878
0.2665
0.260609
0.266966
0.25
0.1815
0.26973
0.2255
0.229156
0.291354
0.2275
0.21989
0.222777
0.278083
0.253247
0.204398
0.185
0.207896
0.222777
0.25974
0.299
0.301
0.232
0.2325
0.249875
0.251249
0.250375
0.241259
0.2355
0.288356
0.247
0.261976
0.216892
0.248
0.255245
0.2009
0.26024
0.248751
0.254745
0.245377
0.256487
0.249875
0.25
0.2195
0.269231
0.2255
0.271093
0.250875
0.0139721
0.297851
0.273363
0.281
0.233883
0.237
0.2765
0.244012
0.0105
0.2735
0.29356
0.2305
0.217391
0.24
0.157107
0.245
0.238381
0.261369
0.264236
0.254
0.196
0.257243
0.2665
0.277722
0.244256
0.272864
0.1994
0.257371
0.246753
0.283
0.26
0.2525
0.262869
0.255744
0.269231
0.2425
0.2585
0.2385
0.2435
0.256244
0.176412
0.250875
0.2425
0.242
0.225
0.254745
0.297
0.261239
0.258871
0.245377
0.237
0.0105
0.266
0.2675
0.255
0.2005
0.236763
0.283858
0.3025
0.247376
0.279
0.2285
0.296555
0.2745
0.269096
0.241379
0.219
0.25937
0.239
0.240639
0.2415
0.24088
0.233883
0.2795
0.226387
0.262
0.222278
0.30969
0.257871
0.267732
0.2585
0.2415
0.257371
0.294705
0.243878
0.248876
0.242879
0.223388
0.21318
0.18981
0.2725
0.23
0.242879
0.244378
0.200699
0.265367
0.286
0.01
0.226
0.2815
0.274863
0.238
0.2565
0.1965
0.243
0.219
0.212394
0.256487
0.2475
0.298351
0.221279
0.269
0.265367
0.26037
0.264236
0.266
0.26024
0.009
0.259
0.247752
0.25937
0.293353
0.269096
0.256
0.191904
0.270865
0.2465
0.240759
0.27182
0.2635
0.285857
0.26
0.234883
0.2295
0.250375
0.265469
0.283858
0.257
0.273227
0.265367
0.255117
0.261869
0.3055
0.2465
0.2325
0.246877
0.3025
0.230654
0.275362
0.286357
0.324838
0.2009
0.289355
0.183
0.227046
0.217391
0.2815
0.25987
0.239
0.263237
0.246377
0.277722
0.211394
0.241
0.241
0.248627
0.231038
0.2825
0.255489
0.203297
0.264368
0.297851
0.223888
0.25362
0.238642
0.288711
0.2125
0.2002
0.204591
0.219281
0.268731
0.271093
