0.265469
0.271364
0.282359
0.2635
0.2455
0.263
0.277861
0.224388
0.248
0.282859
0.2785
0.27936
0.0114828
0.24038
0.291854
0.261239
0.271364
0.262869
0.3075
0.312032
0.254491
0.2545
0.249875
0.257243
0.288423
0.265867
0.254373
0.272
0.2997
0.2315
0.217391
0.266
0.284358
0.201299
0.26973
0.188406
0.265367
0.244012
0.270729
0.251874
0.2615
0.271
0.03
0.258871
0.28971
0.28036
0.292354
0.2405
0.26024
0.261869
0.300699
0.293353
0.307346
0.286
0.2755
0.27936
0.2825
0.242879
0.277361
0.242258
0.259111
0.277361
0.316842
0.242394
0.250624
0.2425
0.2555
0.236146
0.246377
0.282717
0.006
0.276086
0.2565
0.271364
0.249
0.263605
0.265602
0.2545
0.281859
0.013993
0.2055
0.014
0.269
0.1925
0.255872
0.264735
0.252747
0.2345
0.213893
0.2095
0.253
0.240639
0.275225
0.246131
0.2485
0.2265
0.255
0.232384
0.193307
0.238262
0.24
0.2305
0.312
0.278582
0.229156
0.273726
0.241
0.290065
0.258871
0.245255
0.241259
0.290355
0.241
0.2695
0.274
0.262606
0.285928
0.232
0.274
0.266
0.0045
0.2865
0.258242
0.2195
0.245
0.291854
0.2785
0.253373
0.22039
0.235882
0.2145
0.318841
0.297054
0.252122
0.2555
0.2545
0.267366
0.231
0.2225
0.296703
0.2635
0.291
0.253746
0.031
0.251
0.237144
0.2385
0.2785
0.264
0.300699
0.2535
0.227
0.2895
0.263605
0.246753
0.230885
0.277
0.251874
0.263368
0.270729
0.264
0.273227
0.265367
0.252
0.277861
0.281359
0.245
0.285857
0.2225
0.259241
0.288
0.277584
0.256487
0.270865
0.283358
0.249
0.259
0.28971
0.292
0.233267
0.2295
0.282934
0.281859
0.2445
0.28
0.2965
0.279
0.2435
0.288567
0.2585
0.2405
0.25
0.248376
0.261
0.237381
0.291
0.2385
0.281219
0.237381
0.191213
0.249126
0.235147
0.304
0.241
0.238024
0.211183
0.255744
0.255372
0.253373
0.243
0.238
0.2755
0.318841
0.271
0.25974
0.301349
0.232
0.234765
0.258741
0.246
0.2275
0.232884
0.265734
0.242636
0.2595
0.344828
0.257871
0.266
0.298902
0.260848
0.249501
0.283358
0.27936
0.259
0.005
0.225774
0.246877
0.263
0.1915
0.257871
0.217891
0.291854
0.253373
0.2905
0.2485
0.3015
0.294705
0.2455
0.179231
0.250749
0.2685
0.2395
0.257871
0.277861
0.2575
0.272954
0.243257
0.276309
0.236
0.237762
0.227
0.25
0.278
0.238262
0.2375
0.2905
0.2515
0.275362
0.242
0.217891
0.2445
0.2555
0.2535
0.262869
0.2385
0.234
0.248751
0.276309
0.268
0.239
0.275362
0.294353
0.224888
0.246377
0.291563
0.221945
0.253373
0.205691
0.28971
0.236382
0.264236
0.285857
0.283858
0.285572
0.283
0.2275
0.296852
0.245
0.2675
0.250375
0.265367
0.3055
0.2415
0.2535
0.286357
0.23976
0.183
0.266
0.265734
0.291354
0.2925
0.221778
0.2685
0.257871
0.2445
0.253
0.03
0.2745
0.253873
0.251
0.256743
0.203694
0.285
0.2785
0.15992
0.227
0.237263
0.261
0.234883
0.245377
0.2295
0.235882
0.265867
0.2465
0.233416
0.214678
0.259111
0.2745
0.307346
0.271593
0.222056
0.196
0.255744
0.234032
0.2285
0.263
0.307692
0.285857
0.239261
0.2695
0.281859
0.276862
0.201899
0.316842
0.2605
0.224888
0.2545
0.247
0.294558
0.287856
0.227386
0.2575
0.255744
0.226048
0.2185
0.183
0.237381
0.219
0.272455
0.23
0.2525
0.243
0.282359
0.2185
0.00849575
0.269
0.256615
0.270459
0.266
0.00899101
0.203694
0.266367
0.241
0.2545
0.2875
0.2565
0.248876
0.282435
0.253
0.268366
0.261738
0.24
0.305847
0.286857
0.163
0.281219
0.005
0.22089
0.27
0.2285
0.250998
0.166417
0.263368
0.227386
0.2495
0.2445
0.281718
0.255
0.256116
0.2785
0.304695
0.242
0.249126
0.24
0.281859
0.3055
0.251249
0.215392
0.2595
0.2405
0.229385
0.271864
0.218
0.188406
0.28657
0.209082
0.246254
0.2505
0.229
0.239141
0.271093
0.244755
0.21978
0.00749251
0.015976
0.222777
0.288423
0.251
0.0045
0.272
0.281796
0.275225
0.28657
0.246377
0.294353
0.258871
0.26087
0.256615
0.237381
0.223388
0.269461
0.258242
0.286357
0.243
0.256372
0.286071
0.2535
0.013993
0.275449
0.28086
0.242636
0.246377
0.269
0.30005
0.268098
0.203
0.218891
0.234
0.267866
0.266733
0.283075
0.285
0.248128
0.231
0.242258
0.284715
0.242379
0.262974
0.224888
0.274363
0.279221
0.2525
0.278582
0.2605
0.247629
0.246131
0.264
0.245509
0.254373
0.2285
0.26973
0.0114828
0.2805
0.274226
0.245255
0.272455
0.243014
0.246877
0.2555
0.242
0.242879
0.282359
0.275862
0.00549451
0.261239
0.2475
0.279
0.297351
0.2695
0.292208
0.246377
0.269596
0.238881
0.291209
0.274089
0.237881
0.262869
0.219281
0.265102
0.2645
0.283358
0.264236
0.21989
0.247752
0.257
0.238
0.24088
0.275862
0.312188
0.243
0.229656
0.217391
0.213
0.272864
0.224775
0.207792
0.265
0.308
0.2695
0.253
0.2225
0.266367
0.259
0.00599401
0.275225
0.26
0.227886
0.2105
0.233766
0.257984
0.28086
0.294705
0.24
0.193307
0.256743
0.24663
0.234149
0.301349
0.284715
0.303848
0.255
0.308846
0.2515
0.3115
0.212
0.21989
0.2425
0.246254
0.254618
0.231269
0.229885
0.264868
0.287856
0.235882
0.2735
0.2395
0.269461
0.2825
0.268
0.231269
0.243378
0.266
0.2405
0.214785
0.243
0.266367
0.217782
0.248627
0.274314
0.235147
0.0205
0.239141
0.265734
0.266
0.241
0.2495
0.275
0.254873
0.235764
0.242757
0.308846
0.288922
0.269096
0.268866
0.245754
0.268731
0.234883
0.242
0.267465
0.265
0.239
0.291708
0.206897
0.240639
0.264868
0.31019
0.224888
0.245377
0.2525
0.273
0.262369
0.259
0.261869
0.2905
0.21
0.227
0.275862
0.1925
0.239261
0.2595
0.281859
0.272228
0.00648379
0.247876
0.2965
0.262869
0.297351
0.224888
0.209082
0.2395
0.26087
0.2495
0.274588
0.3005
0.274089
0.254618
0.284358
0.255
0.253493
0.313686
0.0075
0.271364
0.262107
0.313686
0.244256
0.24501
0.197901
0.2485
0.25
0.262737
0.252495
0.250624
0.265367
0.228386
0.23938
0.295704
0.245255
0.271864
0.216783
0.214
0.267
0.264603
0.293353
0.166417
0.257
0.239401
0.294853
0.2835
0.216
0.237381
0.288423
0.2825
0.268731
0.2445
0.239261
0.242879
0.2675
0.2915
0.312
0.242879
0.2315
0.263368
0.287356
0.2835
0.274725
0.278361
0.24088
0.282435
0.281359
0.250875
0.250624
0.274725
0.013993
0.282359
0.252374
0.2615
0.218891
0.2325
0.233416
0.2295
0.2145
0.27309
0.2755
0.248376
0.26024
0.266467
0.242394
0.3
0.2425
0.2765
0.259
0.244878
0.252874
0.274226
0.26037
0.241
0.0045
0.241638
0.294353
0.2345
0.236264
0.273
0.248751
0.236146
0.282859
0.283358
0.208396
0.262869
0.2795
0.267866
0.247876
0.307692
0.25987
0.275
0.275862
0.281078
0.21978
0.265367
0.231884
0.263
0.2275
0.234
0.1945
0.283358
0.302849
0.279221
0.2745
0.25974
0.245
0.296
0.263
0.281078
0.281219
0.258371
0.308192
0.274
0.257
0.2985
0.261869
0.285857
0.235882
0.244755
0.2255
0.2425
0.2275
0.303848
0.2105
0.262369
0.2405
0.298851
0.273363
0.25987
0.254246
0.212
0.29
0.266
0.274
0.254246
0.273
0.267866
0.285857
0.17324
0.217891
0.244
0.263368
0.267866
0.286713
0.234383
0.2455
0.1965
0.262606
0.3065
0.286857
0.294353
0.268366
0.218891
0.242379
0.2915
0.253
0.228272
0.2695
0.259
0.237
0.216
0.217891
0.219281
0.287356
0.26011
0.282859
0.2475
0.227
0.242
0.305042
0.26037
0.275724
0.270865
0.237762
0.2225
0.234
0.2065
0.305042
0.252621
0.312188
0.267
0.2505
0.25987
0.312188
0.2115
0.2695
0.224888
0.005997
0.251
0.265867
0.267366
0.199
0.014985
0.2535
0.259
0.2235
0.234
0.229656
0.246377
0.276362
0.299
0.237381
0.275
0.318841
0.262369
0.257871
0.263368
0.222389
0.194
0.237881
0.2485
0.280439
0.275724
0.242879
0.281359
0.191
0.27023
0.2785
0.308537
0.282
0.267599
0.301349
0.227
0.2595
0.265235
0.255372
0.2245
0.259241
0.266367
0.2545
0.271593
0.257871
0.296
0.2065
0.253373
0.264868
0.285857
0.263972
0.2885
0.275225
0.271728
0.268
0.27986
0.236
0.255872
0.225
0.269865
0.184
0.265235
0.228771
0.21978
0.212288
0.282859
0.201
0.242879
0.2395
0.282359
0.288
0.232767
0.2585
0.229385
0.252621
0.265867
0.235147
0.224
0.244
0.2725
0.26024
0.299
0.285357
0.2695
0.233766
0.248376
0.2695
0.291854
0.2225
0.266867
0.299201
0.275
0.252
0.281078
0.255372
0.235147
0.253247
0.24038
0.2425
0.231
0.249
0.187406
0.272228
0.265602
0.233416
0.285714
0.275362
0.287356
0.264368
0.2495
0.268366
0.22666
0.242394
0.258242
0.3145
0.27986
0.280579
0.266733
0.267866
0.251
0.21318
0.25
0.236146
0.2415
0.243
0.2275
0.26973
0.248503
0.2435
0.2905
0.292208
0.244378
0.233267
0.262606
0.206
0.0254618
0.258741
0.2475
0.234883
0.251748
0.2635
0.281859
0.253
0.282576
0.261976
0.219281
0.2525
0.2285
0.266
0.242379
0.281718
0.230769
0.224888
0.285857
0.222056
0.283075
0.217391
0.2925
0.2425
0.2105
0.286713
0.012
0.258871
0.218454
0.262974
0.267599
0.266
0.255372
0.271364
0.27936
0.00798802
0.24088
0.251874
0.251
0.265602
0.274363
0.264868
0.281859
0.238262
0.2565
0.230885
0.253373
0.232268
0.267366
0.2745
0.2395
0.241879
0.22039
0.257871
0.2305
0.286357
0.2555
0.2245
0.292
0.273863
0.29
0.282717
0.266
0.29
0.287856
0.28036
0.2405
0.248252
0.234648
0.217391
0.24
0.259
0.259611
0.248876
0.281859
0.221
0.304044
0.278
0.00798802
0.248876
0.251
0.2725
0.272954
0.241638
0.3005
0.2395
0.280938
0.2455
0.238
0.263
0.235
0.2615
0.267366
0.261608
0.242
0.203694
0.2475
0.28036
0.3075
0.245
0.232036
0.251249
0.2545
0.2335
0.234
0.268232
0.2825
0.015976
0.2045
0.227273
0.2985
0.274
0.245377
0.214
0.276309
0.263
0.261869
0.229
0.269096
0.234
0.24
0.322339
0.2735
0.2555
0.251249
0.238881
0.2505
0.256487
0.242258
0.227
0.2405
0.282859
0.249
0.005997
0.264603
0.235882
0.249875
0.274363
0.247629
0.2605
0.232384
0.265867
0.210789
0.274363
0.229885
0.251748
0.1994
0.211183
0.244
0.281859
0.00898652
0.2915
0.266
0.2425
0.253247
0.2585
0.309845
0.272
0.266
0.253746
0.2625
0.273363
0.269365
0.289421
0.272864
0.264868
0.183
0.290065
0.258871
0.2525
0.216
0.00599401
0.264603
0.231269
0.266867
0.241879
0.2405
0.273227
0.296
0.244511
0.250375
0.252874
0.251
0.2675
0.249
0.287356
0.2875
0.245377
0.245132
0.277361
0.230769
0.246753
0.244
0.2835
0.263736
0.2695
0.2895
0.3005
0.2595
0.281078
0.258242
0.223
0.286926
0.255
0.296
0.234765
0.26973
0.258741
0.267
0.2915
0.253247
0.2365
0.253373
0.24663
0.261
0.252
0.245
0.249
0.285857
0.25
0.239401
0.24038
0.2915
0.227386
0.245255
0.275449
0.228272
0.2485
0.2575
0.276
0.267
0.266733
0.2565
0.261738
0.28036
0.27986
0.2745
0.235882
0.278361
0.318841
0.2725
0.263
0.288711
0.27972
0.1965
0.251
0.2605
0.278582
0.263868
0.247376
0.3005
0.229656
0.280579
0.276
0.252
0.248503
0.2165
0.275862
0.27936
0.303197
0.275225
0.2535
0.233883
0.259
0.206897
0.274226
0.312
0.281078
0.237381
0.268366
0.286214
0.258741
0.286
0.318841
0.2555
0.266367
0.255362
0.197901
0.284715
0.257871
0.296056
0.2365
0.273227
0.250875
0.288856
0.246377
0.303
0.24
0.2615
0.25987
0.251
0.241138
0.268
0.235147
0.2475
0.247629
0.244633
0.236382
0.2265
0.308846
0.272727
0.007996
0.244755
0.235147
0.2455
0.284715
0.248
0.301349
0.267
0.282
0.24014
0.256743
0.221389
0.290709
0.299
0.278083
0.237
0.274314
0.234
0.209082
0.234383
0.273863
0.2585
0.2455
0.282859
0.276309
0.230769
0.238
0.241879
0.254873
0.241397
0.013993
0.2485
0.3025
0.260739
0.264735
0.233766
0.258741
0.255372
0.15992
0.2605
0.286926
0.278083
0.2645
0.235647
0.24501
0.249
0.213393
0.225887
0.242
0.2435
0.2605
0.2755
0.2695
0.23988
0.2385
0.26087
0.2495
0.263736
0.244256
0.226387
0.263972
0.257871
0.24
0.29306
0.2755
0.3002
0.229271
0.287069
0.263
0.298
0.270095
0.2365
0.255
0.183
0.263972
0.229
0.259
0.286713
0.322339
0.00898652
0.26011
0.261976
0.2845
0.229042
0.252621
0.286713
0.23
0.0065
0.279
0.2495
0.2805
0.239
0.2925
0.267599
0.244012
0.243378
0.272364
0.299
0.222777
0.00699301
0.21978
0.235382
0.234383
0.236
0.285714
0.2755
0.286857
0.246254
0.2565
0.229271
0.2625
0.263237
0.274725
0.257871
0.2445
0.281859
0.2745
0.254246
0.237762
0.213893
0.00549451
0.2315
0.251249
0.29
0.239261
0.291854
0.0045
0.2666
0.2895
0.241
0.262869
0.285857
0.284358
0.2525
0.244012
0.304543
0.2475
0.251748
0.246
0.275587
0.2735
0.251874
0.269
0.267366
0.1915
0.269865
0.246377
0.267332
0.25362
0.2395
0.269096
0.264868
0.2575
0.267866
0.17324
0.256116
0.299
0.255245
0.292561
0.258242
0.253873
0.222278
0.2925
0.249
0.2565
0.3125
0.264
0.242757
0.268232
0.2185
0.285857
0.283
0.2965
0.229
0.285857
0.277361
0.2915
0.253
0.2495
0.263605
0.242879
0.2145
0.287569
0.305042
0.224388
0.2185
0.007996
0.24
0.291916
0.229
0.282717
0.241
0.014985
0.2895
0.275225
0.248252
0.27986
0.248
0.290855
0.3035
0.2525
0.03
0.3005
0.25362
0.271593
0.282077
0.265734
0.00849575
0.2265
0.314
0.262
0.28086
0.254873
0.3055
0.274
0.256372
0.237381
0.244
0.249377
0.2245
0.291354
0.273227
0.29491
0.259
