0.0125
0.0505
0.135932
0.09
0.0695
0.14043
0.00799201
0.115
0.0705
0.139291
0.149276
0.0225
0.143713
0.0619381
0.098
0.09
0.151424
0.1335
0.121756
0.084
0.103844
0.0355
0.150925
0.1485
0.0924076
0.0105
0.124875
0.147926
0.14029
0.009
0.128936
0.012475
0.135
0.1585
0.104448
0.153923
0.021989
0.016983
0.12987
0.099351
0.0545
0.112
0.185907
0.174
0.112
0.0129935
0.1345
0.127
0.0334498
0.113886
0.023
0.1625
0.109835
0.1235
0.108
0.131303
0.0124938
0.132434
0.0954523
0.127936
0.0604698
0.007
0.00748877
0.0505
0.121
0.119321
0.13943
0.00798005
0.013979
0.144356
0.1675
0.1615
0.148426
0.122317
0.00699301
0.0129935
0.0689655
0.078
0.094
0.127808
0.1145
0.0109945
0.105
0.169331
0.0934533
0.012
0.00999001
0.1215
0.158342
0.104
0.0174738
0.0155
0.127872
0.0465
0.162919
0.104
0.0634683
0.015
0.0798802
0.0544728
0.111944
0.116942
0.156422
0.0129935
0.0699301
0.137931
0.0105
0.149351
0.0075
0.0865
0.018
0.014
0.131
0.00748877
0.161419
0.0394803
0.128372
0.025987
0.132368
0.055
0.0944528
0.1185
0.139361
0.108
0.013979
0.1355
0.1315
0.0194903
0.0785
0.0725
0.0184908
0.114386
0.107946
0.142786
0.06
0.012
0.0894106
0.150425
0.1095
0.0114943
0.121696
0.101898
0.0269865
0.143
0.147353
0.010989
0.105
0.0864568
0.124
0.018
0.1295
0.083
0.014985
0.0815
0.0574139
0.0884558
0.182
0.015
0.143928
0.0549176
0.131434
0.005997
0.128436
0.0649026
0.00649026
0.0978044
0.142429
0.0998004
0.00849151
0.098
0.114386
0.1715
0.119
0.132602
0.0125
0.0225
0.0234648
0.167333
0.1345
0.127
0.145781
0.0544728
0.012
0.0785
0.0154845
0.1
0.047976
0.101399
0.122877
0.149425
0.11994
0.008
0.102897
0.0104895
0.0869565
0.122317
0.0813779
0.161419
0.114271
0.144928
0.116384
0.146927
0.0249875
0.0695
0.11994
0.121817
0.039
0.092
0.1715
0.0843313
0.0219451
0.1015
0.013979
0.101399
0.133866
0.1095
0.152
0.1285
0.1095
0.144855
0.151924
0.122
0.122317
0.0544728
0.122939
0.06
0.105
0.11994
0.12
0.102897
0.089955
0.166251
0.020979
0.1185
0.023
0.1095
0.0604698
0.0744628
0.0414793
0.11994
0.1065
0.0719281
0.0943114
0.007
0.10045
0.0699301
0.00749625
0.172914
0.097
0.146281
0.109945
0.012
0.0815
0.00649675
0.116384
0.13
0.083
0.144711
0.0798802
0.00748877
0.135796
0.1095
0.121696
0.059
0.1355
0.148278
0.1695
0.14022
0.01
0.0875
0.152348
0.116267
0.154923
0.11994
0.173913
0.0669665
0.165417
0.0524738
0.121379
0.131369
0.044955
0.145282
0.102897
0.109445
0.140859
0.117441
0.127936
0.129
0.103448
0.1355
0.154923
0.145
0.126374
0.0869565
0.116
0.0129676
0.0614079
0.145781
0.15035
0.1115
0.121696
0.129935
0.057971
0.114943
0.123876
0.107946
0.1265
0.122939
0.07996
0.0465
0.152348
0.15035
0.124376
0.158921
0.0434565
0.123876
0.078
0.0795
0.132867
0.0045
0.161339
0.161
0.097
0.102
0.163754
0.150925
0.123253
0.151924
0.129
0.12
0.135
0.145854
0.141
0.128372
0.0945
0.114885
0.0885
0.0525
0.119
0.14029
0.141288
0.117
0.1165
0.0429785
0.112388
0.108392
0.0149925
0.025987
0.064
0.1305
0.011982
0.0964518
0.114
0.031984
0.155422
0.0204489
0.0134933
0.126374
0.1145
0.166334
0.108946
0.0839161
0.1285
0.138431
0.1615
0.151772
0.135796
0.122
0.0149925
0.0465
0.118441
0.00749625
0.012475
0.1145
0.00549725
0.115
0.129935
0.0164918
0.0784608
0.135932
0.0988024
0.148
0.1785
0.0129935
0.127936
0.145
0.1185
0.129
0.0779221
0.091
0.0923615
0.0939061
0.141
0.157186
0.1065
0.0075
0.158342
0.170075
0.145427
0.0194903
0.143784
0.12475
0.1045
0.198801
0.110279
0.108946
0.134433
0.072
0.0114885
0.00649675
0.107946
0.0514229
0.131434
0.043978
0.117941
0.0989505
0.142929
0.137
0.0963555
0.0645
0.122439
0.0165
0.148426
0.124875
0.112
0.076
0.00949525
0.01999
0.0634683
0.0144783
0.0155
0.126374
0.0983525
0.167916
0.163918
0.134933
0.106447
0.107446
0.038
0.1015
0.169
0.099
0.00649675
0.094
0.007
0.011
0.127936
0.114
0.167249
0.0095
0.0114885
0.0905
0.009
0.130935
0.0594703
0.1225
0.0204898
0.103293
0.141929
0.1445
0.125
0.13993
0.110279
0.005997
0.1235
0.0925
0.114443
0.092
0.131303
0.0434565
0.135796
0.118941
0.00649675
0.113
0.0154768
0.1155
0.107946
0.013979
0.045977
0.0134865
0.086
0.132934
0.00649675
0.170245
0.132934
0.0254491
0.141929
0.167249
0.144
0.0144855
0.009
0.13
0.008
0.118441
0.0229885
0.0568862
0.0429785
0.123
0.123377
0.0165
0.132434
0.1005
0.0105
0.130869
0.011988
0.155345
0.148
0.1065
0.10045
0.02
0.115942
0.1375
0.0719281
0.044955
0.128
0.128372
0.172827
0.0554723
0.0185
0.13
0.161419
0.102
0.0269865
0.172
0.0865
0.164
0.0474763
0.0129935
0.0869565
0.103
0.146281
0.138431
0.132434
0.1195
0.1055
0.00947631
0.099351
0.061
0.0089955
0.185907
0.00849151
0.128436
0.0134933
0.109336
0.1535
0.127436
0.107892
0.069965
0.134933
0.125874
0.0675
0.163754
0.0124938
0.135432
0.035982
0.170075
0.0964518
0.168916
0.133733
0.0075
0.0965
0.136432
0.1185
0.137363
0.112332
0.00949525
0.0765
0.0564718
0.063968
0.1285
0.0689655
0.0809595
0.191022
0.108
0.127
0.0174651
0.1095
0.126937
0.1235
0.134
0.0105
0.021978
0.1445
0.105395
0.135932
0.14043
0.017991
0.141929
0.00949525
0.131434
0.1255
0.142929
0.162837
0.115826
0.0394803
0.0614079
0.11988
0.165751
0.141
0.0939061
0.0689655
0.0734633
0.047976
0.127
0.106
0.0144855
0.167916
0.0154923
0.01
0.147926
0.0194903
0.11994
0.018
0.0729271
0.151772
0.11944
0.127436
0.131
0.0185
0.0144855
0.0149925
0.126937
0.144928
0.0075
0.1105
0.1045
0.0234648
0.152
0.137
0.0165
0.139152
0.1185
0.0254873
0.145427
0.097
0.076
0.0844578
0.146927
0.0633733
0.1535
0.0329506
0.105
0.17033
0.110445
0.122378
0.00749625
0.136932
0.009
0.123876
0.0489755
0.015
0.0189905
0.113
0.112
0.007996
0.0885
0.1465
0.076
0.132
0.127436
0.00549451
0.135
0.0674326
0.0784608
0.015992
0.0834583
0.1305
0.1555
0.1845
0.16983
0.167832
0.145
0.141858
0.152348
0.004995
0.111444
0.137431
0.0334498
0.0753493
0.113387
0.145854
0.16983
0.123377
0.112332
0.101399
0.119321
0.131434
0.183408
0.13037
0.1645
0.163
0.0533932
0.009995
0.1185
0.161419
0.153923
0.1065
0.123253
0.104
0.113
0.061
0.012
0.102
0.098
0.02
0.0525
0.009
0.0924538
0.0124938
0.1245
0.114
0.007
0.0795
0.1375
0.1415
0.1245
0.185907
0.0404393
0.003998
0.124376
0.00798403
0.1095
0.0325
0.016983
0.0195
0.0234765
0.192
0.144928
0.146927
0.0952144
0.0174825
0.1255
0.0894106
0.113886
0.129
0.044
0.00749625
0.0229885
0.0784608
0.152348
0.135796
0.00849151
0.165751
0.137793
0.127872
0.0364635
0.136
0.0985
0.122
0.0229885
0.0983525
0.1515
0.0984508
0.127936
0.017982
0.151924
0.021989
0.161
0.132368
0.0429785
0.11994
0.0149925
0.0695
0.131434
0.0895
0.155345
0.0184815
0.111944
0.0685
0.0284858
0.136
0.173913
0.0954523
0.11994
0.167
0.0524738
0.114
0.1495
0.137363
0.133
0.0185
0.0753493
0.137431
0.1275
0.119
0.1335
0.075962
0.130935
0.122439
0.0109945
0.145854
0.015992
0.077
0.1275
0.131369
0.143
0.111444
0.0805
0.00999001
0.107946
0.141787
0.122939
0.0994006
0.112
0.1465
0.165751
0.137431
0.13993
0.106
0.0155
0.00849575
0.132368
0.123
0.1035
0.0204489
0.117941
0.0968547
0.168
0.136
0.113443
0.0995
0.148
0.149276
0.117941
0.11994
0.146427
0.105395
0.115442
0.0849575
0.1345
0.094
0.00849151
0.1285
0.0114885
0.159182
0.0219451
0.1065
0.127936
0.167916
0.101898
0.16983
0.0589411
0.135729
0.127936
0.0305
0.0895
0.155689
0.0924076
0.0095
0.134933
0.1235
0.1265
0.162257
0.1095
0.1055
0.0105
0.0839161
0.0469765
0.103448
0.011
0.0115
0.115327
0.010978
0.1585
0.0464768
0.162919
0.0219561
0.0469765
0.015984
0.0464768
0.110945
0.128936
0.141
0.1255
0.098
0.159
0.143285
0.00649351
0.104396
0.0419162
0.123
0.10634
0.125
0.0675
0.123
0.1585
0.145
0.191022
0.107784
0.121
0.137
0.0089955
0.0799201
0.146
0.021989
0.114443
0.141
0.0124938
0.141
0.0779221
0.042957
0.1155
0.117441
0.0958562
0.1685
0.034
0.0144928
0.122
0.0604698
0.1115
0.1295
0.110945
0.111277
0.0734633
0.102897
0.128372
0.0985
0.130935
0.06
0.107946
0.0065
0.16092
0.132
0.1155
0.0359461
0.1145
0.0104895
0.0104895
0.086
0.151273
0.106
0.0294558
0.136932
0.0614079
0.0229885
0.0465
0.106394
0.0675
0.148426
0.139361
0.13
0.0129676
0.182
0.142
0.122317
0.07
0.141288
0.014985
0.043978
0.107339
0.120879
0.109
0.11994
0.0344483
0.122317
0.0129935
0.1305
0.104895
0.137862
0.0265
0.011988
0.007996
0.151924
0.107946
0.144356
0.017973
0.114443
0.117941
0.00798802
0.156
0.128372
0.1355
0.0324513
0.118822
0.0274863
0.114885
0.0843734
0.117441
0.053
0.161419
0.0205
0.0509491
0.009
0.0795
0.0549176
0.123876
0.077
0.0169661
0.0249626
0.14029
0.154923
0.0505
0.0359461
0.131737
0.148426
0.00949525
0.123438
0.116442
0.0978044
0.145927
0.006
0.012987
0.1645
0.151924
0.146427
0.142857
0.055972
0.0204898
0.008
0.0314843
0.114943
0.1275
0.015
0.122317
0.149425
0.129
0.131369
0.131802
0.136
0.116442
0.144928
0.132934
0.007996
0.14093
0.145854
0.014
0.136432
0.027
0.0404393
0.133933
0.0354468
0.0449775
0.101
0.0129935
0.075
0.012
0.123876
0.144783
0.0753493
0.117
0.009995
0.0164918
0.120819
0.1
0.142145
0.0835
0.008
0.0564718
0.168332
0.0134933
0.12987
0.09995
0.086
0.0813779
0.108
0.141929
0.129935
0.1
0.12032
0.005
0.143
0.0858712
0.116267
0.142857
0.133
0.1315
0.00798403
0.0385
0.1375
0.03
0.142786
0.08
0.138931
0.075962
0.1065
0.055972
0.0444778
0.142857
0.123438
0.1235
0.122378
0.003998
0.1415
0.0214571
0.084
0.133
0.00549725
0.086
0.128
0.105
0.149351
0.113
0.1215
0.0954523
0.011994
0.1255
0.0215
0.118822
0.1205
0.06
0.022
0.0614079
0.0225
0.086
0.008
0.0154768
0.1355
0.0229885
0.129371
0.0164835
0.115442
0.0264735
0.0145
0.0909545
0.129935
0.0125
0.16092
0.12094
0.0125
0.12
0.115
0.0934533
0.0763854
0.158921
0.067966
0.0923615
0.0284858
0.107393
0.1495
0.11994
0.114
0.105
0.0985
0.137431
0.0184908
0.0589116
0.107946
0.12044
0.014
0.0805
0.129435
0.122317
0.012
0.150925
0.0045
0.101399
0.1345
0.0879121
0.102
0.0744628
0.161919
0.11944
0.1455
0.123876
0.0984016
0.0235
0.128871
0.0505
0.0809595
0.091
0.009995
0.11994
0.143
0.11944
0.153194
0.007996
0.0509491
0.1015
0.064
0.011
0.101297
0.170245
0.192
0.1155
0.1255
0.116
0.0549176
0.0294558
0.1645
0.016
0.0464304
0.158
0.0254491
0.11
0.138792
0.0145
0.0234648
0.148352
0.1455
0.0809595
0.1015
0.138
0.151349
0.076
0.152348
0.104895
0.1015
0.145427
0.122939
0.0144855
0.09995
0.138792
0.106947
0.00799201
0.0634683
0.015
0.055
0.005
0.136
0.1375
0.153423
0.11994
0.023976
0.0709645
0.109391
0.131868
0.0264735
0.107946
0.1005
0.094
0.0215
0.108946
0.10045
0.114
0.127436
0.1075
0.1385
0.141858
0.0154923
0.0659341
0.0189905
0.056
0.113
0.110945
0.141858
0.1295
0.0249626
0.1145
0.0934533
0.1255
0.129435
0.0035
0.155922
0.1145
0.076
0.124376
0.158
0.129935
0.145427
0.103293
0.0065
0.0729635
0.077
0.158762
0.0699301
0.13993
0.1065
0.0134798
0.142857
0.134
0.118441
0.133933
0.081
0.0545
0.148
0.024
0.0355
0.1275
0.1575
0.168
0.0695
0.141858
0.0075
0.091
0.107946
0.129435
0.0758862
0.116
0.093953
0.102897
0.0415
0.1065
0.00899101
0.135432
0.0429785
0.045977
0.114
0.081
0.13
0.142786
0.0745
0.12987
0.0988024
0.0235
0.0334498
0.10634
0.0229885
0.141288
0.104
0.17991
0.137931
0.131737
0.1395
0.107339
0.10045
0.058
0.151424
0.0215
0.0124938
0.1425
0.0514229
0.097
0.135297
0.151273
0.126937
0.113886
0.1335
0.111333
0.127309
0.0834583
0.0295
0.158342
0.1175
0.004
0.1785
0.1055
0.010989
0.0184908
0.130435
0.0734633
0.1005
0.1005
0.0109945
0.134731
0.0939061
0.10045
0.014985
0.042957
0.126937
0.0934533
0.0545
0.145282
0.0689655
0.111277
0.107946
0.127808
0.134731
0.011
0.131
0.123377
0.008
0.025987
0.109
0.0494259
0.168
0.170075
0.118941
0.146853
0.127936
0.159
0.058
0.1015
0.131434
0.150425
0.127
0.104
0.123315
0.163754
0.104
0.0065
0.122
0.1685
0.0144855
0.0204898
0.0134798
0.109
0.1265
0.1645
0.109336
0.102
0.154923
0.144928
0.0589116
0.0864568
0.089
0.116267
0.088
0.134933
0.124
0.127
0.128871
0.0983525
0.0275
0.136658
0.129435
0.134366
0.163918
0.156843
0.0129676
0.0549451
0.03
0.1495
0.1333
0.0125
0.129371
0.145854
0.124
0.119
0.1495
0.122378
0.103242
0.129435
0.1335
0.138431
0.1415
0.0414793
0.1715
0.146
0.0805
0.103448
0.146927
0.1175
0.0884558
0.110889
0.104
0.1375
0.098
0.107393
0.15035
0.1785
0.132434
0.012
0.057971
0.0589705
0.161
0.0154845
0.014985
0.0169745
0.130869
0.1185
0.144428
0.154423
0.107946
0.107339
0.146
0.086
0.126937
0.05997
0.00849151
0.0489755
0.11994
0.0144855
0.123752
0.0154768
0.158
0.0514229
0.122439
0.11
0.104
0.0219561
0.0145
0.1155
0.0683974
0.0934066
0.0785
0.104895
0.0854573
0.136
0.0464768
0.101297
0.161
0.128936
0.158421
0.142287
0.129371
0.01
0.0115
0.0634049
0.0324513
0.008
0.147353
0.1425
0.09995
0.035982
0.0818772
0.161258
0.013
0.0144855
0.1535
0.11
0.0505
0.10045
0.0434565
0.144928
0.1395
0.1075
0.0974513
0.011477
0.1175
0.0644356
