0.236264
0.017
0.233883
0.2175
0.203195
0.1635
0.193
0.013993
0.2365
0.227
0.251374
0.1895
0.223165
0.227886
0.1975
0.2245
0.187126
0.109
0.227273
0.202
0.2015
0.225662
0.201
0.217782
0.22028
0.251
0.1775
0.217283
0.18091
0.209
0.19321
0.227659
0.2135
0.205
0.2145
0.193903
0.225887
0.224
0.1645
0.233383
0.1955
0.211788
0.191904
0.248376
0.230885
0.257
0.2225
0.2265
0.243878
0.2085
0.218173
0.237
0.221889
0.161
0.208791
0.238642
0.207876
0.00399401
0.200799
0.225774
0.233
0.241379
0.1745
0.244256
0.2255
0.22017
0.0155
0.242757
0.236146
0.232884
0.195305
0.244
0.2125
0.155922
0.226161
0.233
0.00549725
0.2225
0.263
0.190905
0.1395
0.1835
0.225387
0.244888
0.207396
0.211394
0.2145
0.0075
0.2425
0.2285
0.174326
0.248252
0.217391
0.196
0.199
0.212787
0.214
0.189
0.2275
0.18981
0.234883
0.2145
0.1975
0.210474
0.2535
0.201899
0.2165
0.189715
0.0049975
0.16808
0.2009
0.2285
0.235882
0.0404595
0.2225
0.224276
0.22017
0.209
0.201198
0.213393
0.178
0.228657
0.2275
0.178322
0.2285
0.195706
0.213679
0.2145
0.247006
0.214
0.193709
0.146927
0.217391
0.21
0.204898
0.256872
0.218282
0.265734
0.20979
0.201899
0.255
0.177323
0.225662
0.24014
0.257
0.20669
0.208896
0.2195
0.256
0.173913
0.237263
0.206191
0.2025
0.176912
0.196
0.1965
0.2365
0.217891
0.004995
0.161
0.243257
0.19321
0.245
0.2305
0.186
0.222389
0.00649026
0.213
0.235
0.2505
0.153347
0.215676
0.171742
0.0134933
0.185315
0.231768
0.18023
0.216176
0.193
0.241018
0.1635
0.253865
0.00849151
0.2225
0.244256
0.161258
0.1655
0.217782
0.013993
0.19012
0.1955
0.282
0.191404
0.217673
0.204898
0.22028
0.231768
0.226274
0.1635
0.225
0.2585
0.242
0.0065
0.1775
0.222278
0.233
0.192807
0.223
0.2325
0.005
0.26087
0.197703
0.219
0.232
0.177
0.2245
0.16092
0.167333
0.209
0.171
0.2695
0.192308
0.239261
0.241
0.181409
0.0134798
0.222889
0.211289
0.152424
0.192711
0.225387
0.167416
0.211
0.16018
0.231768
0.186
0.14043
0.242394
0.175824
0.190905
0.2235
0.226
0.181228
0.1994
0.1905
0.16042
0.229885
0.2275
0.0404595
0.193
0.231
0.243
0.222167
0.212
0.2415
0.188811
0.245754
0.2245
0.177323
0.185315
0.176
0.255872
0.2475
0.204
0.214785
0.163673
0.251374
0.215676
0.175
0.246877
0.232419
0.22039
0.217391
0.234
0.1975
0.135932
0.221279
0.222389
0.221168
0.187406
0.201
0.214
0.00649351
0.203297
0.245509
0.155422
0.0044955
0.2395
0.26087
0.247876
0.211289
0.0109945
0.217174
0.182
0.192711
0.2055
0.242379
0.2365
0.244
0.181909
0.179
0.232
0.199
0.2045
0.181
0.256872
0.1985
0.224938
0.225887
0.234883
0.22089
0.007
0.156344
0.228
0.198901
0.230769
0.205794
0.165417
0.007
0.243257
0.2395
0.242
0.172655
0.21
0.218672
0.156
0.2235
0.218173
0.238381
0.0355
0.2495
0.2195
0.232884
0.25362
0.2025
0.199
0.245754
0.162338
0.194403
0.194306
0.217391
0.224276
0.204898
0.221
0.212
0.124
0.251748
0.2035
0.252621
0.239
0.2535
0.224775
0.2375
0.185814
0.211078
0.213679
0.239
0.232884
0.1675
0.182
0.158762
0.240639
0.17
0.161919
0.1975
0.235882
0.205897
0.217391
0.204591
0.208896
0.244878
0.0134798
0.243878
0.201
0.0075
0.183317
0.249375
0.2245
0.2
0.220339
0.219
0.193
0.0065
0.249375
0.2145
0.217891
0.25
0.217565
0.1735
0.216068
0.21507
0.221
0.20669
0.2025
0.227886
0.228
0.185721
0.2215
0.208396
0.2535
0.2085
0.246877
0.227545
0.184723
0.237881
0.193
0.188811
0.17941
0.2085
0.239641
0.1975
0.2395
0.0154845
0.2615
0.217673
0.230385
0.255744
0.219
0.2295
0.1645
0.004995
0.213
0.189
0.204898
0.221279
0.2535
0.203297
0.1215
0.1965
0.0134933
0.211394
0.182
0.231384
0.223388
0.191404
0.199
0.2265
0.178
0.216284
0.1995
0.207396
0.222
0.208583
0.174738
0.0109945
0.211682
0.251874
0.014985
0.182409
0.204693
0.224388
0.218391
0.199601
0.237
0.239
0.22089
0.222
0.218891
0.1725
0.256743
0.2245
0.258853
0.00698603
0.263736
0.2725
0.201
0.2175
0.025
0.2185
0.192404
0.251748
0.24
0.2195
0.207585
0.243878
0.251
0.1215
0.0055
0.242
0.1945
0.211788
0.21008
0.257
0.220339
0.182
0.211894
0.223665
0.173
0.186314
0.22028
0.2003
0.0109945
0.251
0.218391
0.217391
0.16983
0.007
0.266867
0.217891
0.245132
0.196402
0.173413
0.226547
0.1985
0.237762
0.22089
0.250375
0.225774
0.209082
0.158762
0.206
0.239261
0.215892
0.1775
0.222
0.227386
0.165
0.191213
0.215676
0.2415
0.2145
0.236264
0.238
0.004995
0.156
0.217782
0.226887
0.257871
0.199601
0.177323
0.00848727
0.229385
0.202899
0.171742
0.161
0.216675
0.231269
0.0129935
0.1735
0.254745
0.2025
0.236028
0.175412
0.244378
0.243
0.22039
0.216
0.167916
0.258853
0.158762
0.241379
0.181409
0.244878
0.175237
0.211894
0.218391
0.236028
0.247876
0.0884116
0.177
0.0025
0.008
0.221168
0.218891
0.2295
0.177911
0.182909
0.216284
0.2605
0.190905
0.243378
0.230769
0.245132
0.224888
0.246254
0.2015
0.2015
0.254745
0.242379
0.190905
0.22089
0.2235
0.164835
0.230769
0.227
0.0124813
0.196902
0.007
0.21967
0.193
0.212787
0.235
0.228
0.1955
0.166251
0.196
0.1925
0.2185
0.194
0.2565
0.155267
0.2325
0.249
0.241
0.242379
0.0134798
0.01
0.2045
0.1745
0.201399
0.0075
0.255
0.219
0.208
0.171914
0.132735
0.248128
0.2355
0.217565
0.1635
0.214393
0.224276
0.25937
0.2095
0.2065
0.199
0.1925
0.201899
0.194708
0.182909
0.225
0.264868
0.238881
0.223776
0.212681
0.223388
0.237
0.23988
0.207792
0.224938
0.22
0.0044955
0.187313
0.0044955
0.205794
0.249
0.265734
0.237881
0.1775
0.193403
0.234883
0.227386
0.204795
0.155422
0.2005
0.23
0.218391
0.2085
0.227273
0.167333
0.2535
0.190809
0.242
0.2285
0.193
0.0049975
0.1775
0.2145
0.204398
0.012
0.227886
0.225387
0.2275
0.186
0.212787
0.238642
0.217673
0.215676
0.2195
0.228543
0.226887
0.252374
0.2045
0.24
0.207585
0.185315
0.2
0.197401
0.204
0.2265
0.224888
0.211394
0.2605
0.234
0.1998
0.0085
0.222167
0.228
0.203
0.196
0.204898
0.254873
0.232152
0.166
0.216392
0.205897
0.244134
0.1845
0.211394
0.227772
0.248376
0.004995
0.201399
0.225387
0.237026
0.209082
0.23938
0.165
0.171742
0.237
0.236382
0.2295
0.196402
0.199301
0.0035
0.205
0.164918
0.2265
0.198104
0.165335
0.21
0.219561
0.2185
0.186907
0.214393
0.198104
0.017
0.181
0.217891
0.261
0.268
0.222167
0.25
0.232268
0.204898
0.185222
0.2025
0.1905
0.0145
0.208292
0.216068
0.22089
0.2185
0.22039
0.231768
0.2065
0.197303
0.215285
0.246883
0.213679
0.244256
0.0125
0.187906
0.2365
0.00698952
0.215392
0.211394
0.232152
0.217782
0.133433
0.263
0.279081
0.178322
0.206
0.239
0.008
0.244378
0.152424
0.218391
0.193
0.1998
0.1775
0.195305
0.1295
0.256372
0.1675
0.0055
0.249875
0.251874
0.221279
0.211289
0.221
0.190905
0.246877
0.215676
0.232884
0.14043
0.2155
0.196108
0.00349825
0.187
0.257614
0.25937
0.212787
0.2095
0.264868
0.232419
0.199201
0.21
0.2065
0.248376
0.196607
0.182
0.179
0.242
0.2385
0.2535
0.2535
0.215285
0.248376
0.214
0.2115
0.222
0.192807
0.227886
0.212894
0.201399
0.205794
0.218891
0.254373
0.225887
0.2405
0.217391
0.176
0.211078
0.249626
0.205897
0.220779
0.213679
0.184224
0.272864
0.224888
0.1995
0.233
0.196402
0.217891
0.2205
0.0884116
0.161258
0.209581
0.2325
0.237762
0.241
0.16018
0.246877
0.227545
0.203796
0.251374
0.236882
0.207396
0.177
0.2515
0.2275
0.186907
0.204296
0.007996
0.243878
0.1675
0.2185
0.249251
0.18041
0.207
0.178322
0.2345
0.154
0.187812
0.007
0.235
0.18041
0.225774
0.238761
0.17982
0.253
0.15984
0.202399
0.00649351
0.20979
0.258853
0.1675
0.172914
0.2025
0.241379
0.008
0.241
0.1735
0.2395
0.004995
0.187812
0.204693
0.1395
0.2005
0.223165
0.00949525
0.183408
0.161919
0.24014
0.225387
0.232884
0.204693
0.210185
0.25
0.0304543
0.0134933
0.2265
0.247876
0.135932
0.266234
0.156
0.1997
0.212288
0.2725
0.229156
0.224276
0.25362
0.2285
0.251874
0.28
0.178
0.254237
0.1745
0.20979
0.132735
0.228386
0.216176
0.216892
0.00349825
0.245877
0.197401
0.239261
0.193
0.235382
0.1997
0.255744
0.213287
0.238642
0.210789
0.207396
0.223388
0.191309
0.019
0.209082
0.227
0.252874
0.2535
0.244134
0.222278
0.197303
0.204
0.221279
0.1805
0.164835
0.239641
0.163673
0.218891
0.199301
0.177822
0.204898
0.031968
0.0105
0.153769
0.204
0.255744
0.231768
0.228771
0.203297
0.1745
0.212
0.154423
0.229656
0.1985
0.221889
0.216068
0.214286
0.239261
0.2009
0.255
0.290355
0.004995
0.188312
0.246877
0.232
0.11944
0.2765
0.2115
0.012987
0.21008
0.229156
0.0025
0.26087
0.1965
0.1994
0.2295
0.214179
0.187406
0.155922
0.121939
0.171
0.153347
0.215892
0.226161
0.233
0.227772
0.146927
0.178411
0.244878
0.255372
0.25974
0.187718
0.222389
0.00949525
0.249
0.237881
0.21978
0.208396
0.184723
0.253
0.236882
0.247876
0.191904
0.0134798
0.198901
0.178
0.15984
0.0055
0.0405
0.2015
0.0105
0.0055
0.249626
0.264868
0.197401
0.191309
0.206897
0.186907
0.245877
0.221279
0.156922
0.24038
0.223665
0.20979
0.227386
0.208396
0.217391
0.0404595
0.179
0.213393
0.008
0.192308
0.241
0.22017
0.231038
0.192308
0.227886
0.239641
0.202
0.00499002
0.2295
0.259
0.188811
0.151
0.244878
0.2405
0.216
0.0134933
0.196
0.00599101
0.00549176
0.210395
0.00749251
0.012
0.257614
0.252
0.185315
0.012
0.2135
0.227386
0.23
0.1735
0.1605
0.2135
0.248627
0.177
0.2145
0.203694
0.207792
0.161258
0.210395
0.0055
0.2135
0.178911
0.249
0.231269
0.227772
0.1998
0.137
0.2145
0.187219
0.182409
0.206397
0.271364
0.196
0.1735
0.194903
0.2035
0.226887
0.1875
0.1845
0.16042
0.243756
0.00649026
0.201198
0.251123
0.215285
0.007
0.245132
0.2025
0.225887
0.2175
0.0275
0.00698603
0.233883
0.237026
0.156344
0.19321
0.18981
0.182909
0.256872
0.250624
0.194403
0.196
0.204194
0.1995
0.2085
0.231384
0.197802
0.228272
0.1635
0.1995
0.2185
0.218391
0.231
0.245754
0.233766
0.225774
0.16092
0.2395
0.196705
0.25
0.2255
0.233383
0.191
0.0124875
0.0134933
0.0649026
0.201
0.1815
0.233766
0.225
0.17515
0.204
0.266966
0.2405
0.251374
0.152424
0.227772
0.254
0.181228
0.198104
0.187313
0.22
0.254246
0.257
0.221389
0.0154845
0.155422
0.225774
0.218282
0.202
0.225387
0.177822
0.270365
0.176559
0.2285
0.193403
0.244511
0.241638
0.226387
0.2325
0.217673
0.238881
0.191
0.2145
0.1997
0.2145
0.14043
0.231269
0.00849151
0.251
0.2155
0.123438
0.198901
0.246254
0.226887
0.2425
0.2695
0.241
0.227
0.2002
0.1805
0.194403
0.222
0.212288
0.191904
0.0109945
0.135162
0.2
0.220779
0.2245
0.01
0.173413
0.0289421
0.1997
0.2275
0.266966
0.17982
0.199301
0.238642
0.252495
0.208791
0.181
0.1855
0.0114943
0.193806
0.229656
0.206397
0.218
0.211894
0.211078
0.224276
0.212
0.218173
0.233883
0.196
0.00449775
0.1855
0.252495
0.1625
0.212787
0.161258
0.2215
0.224388
0.2055
0.25
0.204
0.120758
0.216675
0.1985
0.225887
0.194708
0.225887
0.2115
0.227386
0.1745
0.2495
0.256372
0.235265
0.210395
0.229885
0.0095
0.207189
0.203297
0.243878
0.253746
0.2
0.194903
0.206397
0.207585
0.218
0.194
0.1735
0.004995
0.2225
0.183225
0.2365
0.261
0.124
0.1895
0.177323
0.14
0.232884
0.243378
0.1925
0.1495
0.201399
0.1965
0.255744
0.201
0.232767
0.209581
0.177
0.227273
0.2545
0.2085
0.2345
0.1745
0.008
0.0075
0.2125
0.175
0.171828
0.15992
0.2115
0.165417
0.239641
0.135932
0.255372
0.198901
0.00649026
0.202399
0.238381
0.21
0.203694
0.177
0.182
0.00949525
0.249501
0.214785
0.2605
0.231384
0.220779
0.2125
0.236763
0.1845
0.188312
0.222389
0.207896
0.232
0.197303
0.2045
0.216
0.237
0.194306
0.222389
0.219
0.246377
0.227386
0.200799
0.2009
0.20979
0.221889
0.231884
0.249875
0.253367
0.203898
0.234883
0.2295
0.1775
0.203195
0.173
0.207396
0.2305
0.2105
0.208188
0.229656
0.258
0.207585
0.1965
0.18023
0.2345
0.2535
0.2275
0.206793
0.0114943
0.2285
0.2003
0.244378
0.222167
0.245754
0.00848727
0.21
0.2415
0.198302
0.198901
0.220779
0.215
0.198104
0.2235
0.154
0.22089
0.2535
0.235
0.2485
0.186907
0.199301
0.194903
0.244256
0.2285
0.221667
0.217891
0.1985
0.225387
0.207896
0.2075
0.210684
0.2375
0.2305
0.244256
0.248376
0.2
0.242757
0.2545
0.216783
0.244
0.202197
0.2135
0.252621
0.246877
0.152348
0.1785
0.21978
0.1395
0.236645
0.224888
0.191712
0.206793
0.211289
0.228771
0.191213
0.218672
0.188406
0.204
0.186
0.229656
0.2285
0.216392
0.226547
0.1445
0.21989
0.243
0.176
0.2355
0.206397
0.013993
0.229156
0.196304
0.206897
0.1994
0.2105
0.203
0.2205
0.19
0.214179
0.25974
0.227273
0.22039
0.185315
0.212681
0.233
0.212288
0.223
0.188406
0.0275
0.184224
0.238
0.251374
0.251374
0.207585
0.24663
0.178411
0.226
0.1625
0.2075
0.224388
0.0405
0.198901
0.204296
0.211289
0.212
0.1955
0.263
0.254873
0.195305
0.168
0.251
0.2525
0.012
0.2125
0.22039
0.236382
0.263605
