0.103844
0.164753
0.164254
0.160839
0.1575
0.17991
0.0399401
0.14036
0.013986
0.0889111
0.1545
0.164753
0.1595
0.164918
0.1845
0.1515
0.113
0.174913
0.117265
0.120879
0.125937
0.1415
0.0988024
0.131238
0.0469765
0.19
0.122754
0.185315
0.165417
0.07996
0.0235
0.147353
0.151924
0.174
0.158841
0.15942
0.0245
0.13
0.1625
0.031968
0.147926
0.192212
0.192
0.199402
0.149425
0.1455
0.161339
0.1745
0.138431
0.0484515
0.134798
0.14036
0.0089955
0.207
0.171414
0.0444778
0.185407
0.0504748
0.168332
0.15992
0.1395
0.138931
0.133433
0.107
0.174
0.0444778
0.0434783
0.005997
0.161178
0.168164
0.120259
0.134433
0.023988
0.156422
0.18981
0.109945
0.133
0.1385
0.0855
0.037
0.0169745
0.069
0.146
0.181727
0.022
0.11994
0.107446
0.0365
0.179321
0.143357
0.159681
0.015
0.14
0.1175
0.1785
0.0285
0.012
0.176
0.175
0.182726
0.1465
0.114443
0.1305
0.130739
0.1335
0.126
0.162419
0.142358
0.0089955
0.114
0.0523952
0.127872
0.091363
0.173327
0.097354
0.1405
0.0129805
0.126
0.0304695
0.1265
0.0125
0.12
0.141858
0.169745
0.1725
0.143784
0.16983
0.185407
0.1385
0.1305
0.1155
0.128
0.110334
0.0964518
0.148851
0.0529735
0.156922
0.127436
0.131934
0.1415
0.0225
0.0114828
0.1705
0.0905
0.157421
0.1625
0.155422
0.147353
0.045954
0.0899101
0.0975
0.150849
0.0125
0.164918
0.138224
0.022
0.133733
0.00849151
0.152348
0.134798
0.141
0.0919081
0.026
0.136863
0.1045
0.142287
0.176
0.1135
0.1365
0.1375
0.0134865
0.174413
0.0229885
0.12
0.131934
0.101949
0.0985
0.0134865
0.153923
0.16042
0.125874
0.1515
0.0769615
0.1575
0.153423
0.0855
0.00749625
0.1685
0.128871
0.144855
0.170829
0.0075
0.127936
0.003996
0.135
0.209685
0.035
0.147926
0.144284
0.126
0.143357
0.107946
0.0205
0.141929
0.168332
0.143784
0.1355
0.1025
0.16675
0.133433
0.018981
0.012
0.1365
0.015992
0.1665
0.152424
0.124875
0.182
0.0414793
0.019
0.142857
0.1705
0.108446
0.0444778
0.0395
0.124
0.128936
0.13993
0.12
0.121
0.0873689
0.012
0.12
0.028
0.112831
0.147426
0.1685
0.089955
0.0509236
0.155345
0.16983
0.00548902
0.12032
0.166833
0.136364
0.013
0.0275
0.0654673
0.137431
0.135729
0.0095
0.006
0.0509236
0.155422
0.0189905
0.198901
0.152
0.17991
0.192212
0.147426
0.152618
0.028971
0.185721
0.185315
0.082
0.026
0.0245
0.118941
0.124813
0.0134865
0.145355
0.14985
0.155844
0.11982
0.00749625
0.1575
0.147426
0.107393
0.206587
0.0725
0.157842
0.172
0.158841
0.134
0.1415
0.113387
0.0049975
0.131369
0.174913
0.14036
0.143928
0.0334498
0.158263
0.1505
0.0873689
0.11333
0.140859
0.132602
0.0229885
0.153423
0.0539461
0.148851
0.112
0.028
0.142
0.151924
0.177556
0.162
0.156
0.1865
0.052
0.00549451
0.149
0.157421
0.058
0.102449
0.0675
0.124875
0.120758
0.013979
0.177
0.1785
0.0149925
0.132934
0.168
0.1595
0.144783
0.0339321
0.174738
0.013986
0.0264603
0.139
0.1525
0.123814
0.1305
0.00749625
0.1435
0.0105
0.1755
0.182726
0.1485
0.1915
0.166417
0.15976
0.173
0.134433
0.171414
0.1445
0.128936
0.124938
0.103896
0.103844
0.1535
0.04
0.177556
0.157
0.14
0.1035
0.141359
0.0105
0.14036
0.010479
0.0089955
0.01999
0.141429
0.136364
0.145927
0.160839
0.0229885
0.0953094
0.139361
0.118822
0.1535
0.1145
0.166417
0.0824588
0.131238
0.011994
0.110445
0.116825
0.1415
0.0895
0.104343
0.129371
0.175
0.0534199
0.157264
0.119
0.0095
0.184908
0.171158
0.019
0.089366
0.113943
0.1415
0.117441
0.095952
0.1225
0.152847
0.0644678
0.144711
0.163255
0.1355
0.116
0.119
0.1465
0.168416
0.010989
0.165917
0.0095
0.13037
0.0989011
0.152424
0.0105
0.147926
0.078
0.157343
0.102449
0.164753
0.107946
0.0624376
0.1635
0.1295
0.0813779
0.124438
0.1155
0.14093
0.0824588
0.133433
0.159
0.13986
0.0135
0.0615
0.193403
0.141
0.1575
0.13
0.0705
0.12
0.1455
0.144428
0.157343
0.154423
0.173
0.145854
0.144783
0.1685
0.1695
0.199
0.018
0.0184815
0.110445
0.083
0.142429
0.158921
0.126
0.106447
0.199402
0.171158
0.0314685
0.008
0.125375
0.0798403
0.1405
0.177556
0.005
0.013979
0.13
0.0265
0.134933
0.133433
0.105342
0.169415
0.169915
0.0125
0.0365
0.137
0.1905
0.089955
0.142429
0.122877
0.14036
0.146354
0.124251
0.139361
0.135
0.0285
0.143928
0.0905
0.139361
0.095952
0.1455
0.0953094
0.0725
0.112831
0.00549451
0.164418
0.0189905
0.1045
0.177556
0.115442
0.158184
0.158
0.168416
0.0155
0.127872
0.1495
0.0873689
0.156843
0.0055
0.1415
0.1385
0.158841
0.1315
0.00549451
0.1415
0.0104948
0.162
0.1225
0.0109945
0.1525
0.14036
0.00949051
0.182909
0.17
0.041
0.107
0.173
0.120879
0.089
0.145427
0.1645
0.138224
0.112944
0.07
0.163
0.133933
0.166417
0.124813
0.1695
0.0134596
0.136863
0.109945
0.194
0.141
0.131434
0.178411
0.167832
0.0824588
0.153
0.151
0.133933
0.1415
0.175
0.0314528
0.0344483
0.1495
0.1665
0.00449326
0.1205
0.149
0.205192
0.143357
0.176
0.138931
0.158841
0.126
0.05
0.172414
0.164
0.168416
0.184408
0.0264735
0.1635
0.144928
0.16092
0.112831
0.1485
0.0545
0.037962
0.117324
0.1515
0.0264735
0.138362
0.1245
0.134
0.169
0.123938
0.11333
0.165335
0.164418
0.006
0.1655
0.0664336
0.173413
0.0189905
0.121257
0.122877
0.017982
0.107393
0.013
0.12681
0.136863
0.153423
0.045954
0.1795
0.153347
0.12032
0.0195
0.145854
0.102
0.00749625
0.135
0.0959041
0.140859
0.132368
0.126
0.126
0.0155
0.123938
0.196902
0.148
0.108446
0.149701
0.155
0.135
0.087
0.116442
0.158
0.168747
0.1765
0.011
0.1525
0.131434
0.158421
0.1935
0.168747
0.104948
0.138362
0.164
0.1845
0.1315
0.016
0.105342
0.0105
0.0813779
0.153923
0.1335
0.155422
0.1805
0.161838
0.133933
0.0959041
0.045
0.130435
0.0798403
0.0114943
0.201798
0.141359
0.125437
0.167
0.158184
0.1085
0.169415
0.146927
0.116
0.141359
0.0304695
0.169745
0.194
0.132934
0.1245
0.018
0.005
0.023988
0.133
0.18041
0.165417
0.158841
0.181
0.153194
0.157421
0.04
0.138
0.0384808
0.141359
0.149775
0.1885
0.1835
0.031968
0.00848727
0.109945
0.142857
0.149
0.1455
0.175
0.152424
0.129371
0.0925
0.0738892
0.152424
0.0275
0.147
0.0144928
0.166
0.021978
0.169162
0.134
0.14985
0.166417
0.148
0.19
0.020979
0.117324
0.0209581
0.1645
0.021978
0.145927
0.111944
0.119321
0.0225
0.0209895
0.133367
0.1745
0.0414793
0.121439
0.00949051
0.0889111
0.158263
0.0365
0.031968
0.161
0.118
0.0705
0.185315
0.154423
0.10095
0.1615
0.0245
0.132
0.132867
0.0833749
0.137431
0.146927
0.0465
0.017982
0.138362
0.0275
0.167916
0.123377
0.165335
0.0095
0.0594703
0.134865
0.0515
0.147426
0.138
0.116
0.0905
0.174326
0.012
0.175412
0.155
0.1475
0.166
0.138431
0.095952
0.1485
0.17991
0.121318
0.109945
0.1535
0.132934
0.0769615
0.0339321
0.1785
0.124
0.107
0.125375
0.1535
0.014
0.12094
0.022
0.144428
0.023988
0.1765
0.1485
0.012
0.168164
0.187126
0.169915
0.0204898
0.1515
0.178
0.013979
0.199
0.173
0.00649351
0.031968
0.0954046
0.135932
0.008
0.135932
0.155766
0.1845
0.192
0.145927
0.0275
0.1545
0.1235
0.133
0.187812
0.1855
0.142287
0.139
0.135432
0.132934
0.099
0.125
0.17991
0.153
0.0145
0.1865
0.125937
0.142
0.132867
0.18672
0.162257
0.148628
0.117441
0.169331
0.127309
0.0264603
0.0324838
0.158841
0.132934
0.0953094
0.156843
0.1815
0.032967
0.142358
0.166
0.00548902
0.1035
0.0155
0.154845
0.009
0.152
0.168416
0.128936
0.026
0.0974513
0.161
0.15992
0.143357
0.124438
0.0145
0.110445
0.133933
0.1635
0.158263
0.0905
0.16983
0.157421
0.125
0.013986
0.178
0.152847
0.1315
0.169745
0.196902
0.155
0.144428
0.10684
0.12094
0.148352
0.198
0.121318
0.089366
0.168916
0.124813
0.1645
0.144284
0.155422
0.021989
0.1815
0.165917
0.154346
0.120879
0.0715
0.124
0.1595
0.1075
0.159681
0.117
0.135932
0.136
0.185407
0.131
0.148926
0.141929
0.1705
0.207896
0.082
0.131934
0.1625
0.153769
0.0915
0.045954
0.035
0.122939
0.206587
0.152424
0.1475
0.147926
0.137862
0.137294
0.153423
0.00949051
0.1975
0.1505
0.14036
0.112
0.0109945
0.146
0.0545
0.00449775
0.187126
0.14093
0.0175
0.147
0.163
0.135932
0.175
0.189526
0.189621
0.1325
0.1375
0.14043
0.112831
0.017982
0.152
0.125
0.183
0.152
0.016
0.1485
0.168416
0.112831
0.117
0.1645
0.16675
0.0215
0.156922
0.132934
0.145427
0.137
0.13943
0.162919
0.148352
0.0089955
0.105342
0.0364818
0.0304695
0.176
0.134
0.120879
0.177
0.143928
0.1845
0.1625
0.081959
0.011994
0.169745
0.132934
0.0245
0.1305
0.18041
0.007
0.137226
0.00848727
0.118822
0.144711
0.113943
0.120259
0.113943
0.152348
0.1645
0.123938
0.149276
0.1415
0.07
0.179
0.016983
0.120879
0.0929535
0.0963555
0.119321
0.129371
0.17033
0.134933
0.1535
0.144428
0.0124938
0.0825
0.1645
0.1255
0.1375
0.1665
0.128936
0.10684
0.1425
0.0703944
0.0135
0.117383
0.173
0.1405
0.00749251
0.0768847
0.125874
0.158762
0.124438
0.151772
0.00749251
0.195902
0.0394605
0.0169745
0.104
0.143856
0.0794206
0.1395
0.1145
0.224276
0.1465
0.0899101
0.1725
0.0974026
0.156422
0.1835
0.137226
0.154923
0.0084788
0.145854
0.201798
0.182136
0.1435
0.111944
0.0734633
0.174651
0.0644678
0.152348
0.0649351
0.151424
0.1335
0.142929
0.12094
0.224276
0.16983
0.149701
0.193403
0.144428
0.14015
0.149701
0.0828757
0.173
0.115
0.153923
0.0625
0.168
0.0329835
0.1585
0.087956
0.1305
0.023
0.144638
0.1435
0.099
0.1455
0.134933
0.173327
0.119321
0.133933
0.1605
0.11994
0.149
0.117265
0.129935
0.172
0.156
0.101
0.010479
0.120259
0.122939
0.1145
0.0134865
0.161838
0.1999
0.158841
0.031968
0.144284
0.0835
0.182
0.15942
0.133933
0.058
0.1615
0.143357
0.1625
0.173327
0.201798
0.0214893
0.1395
0.10684
0.13986
0.129371
0.143357
0.137
0.1185
0.1315
0.1885
0.0444778
0.0105
0.041
0.14036
0.156922
0.131369
0.157421
0.132
0.008
0.126
0.1415
0.0055
0.05997
0.155
0.1595
0.00949051
0.144
0.16
0.0184815
0.171414
0.0879121
0.149
0.161258
0.118941
0.014
0.0204898
0.061
0.180729
0.145427
0.145427
0.0144783
0.1855
0.0695
0.166
0.124875
0.041
0.166417
0.176412
0.112887
0.137294
0.145927
0.19
0.140859
0.117383
0.154423
0.0195
0.161258
0.143
0.0124938
0.168747
0.137793
0.125
0.0189905
0.165335
0.1355
0.107393
0.147
0.14036
0.135
0.152847
0.1345
0.134433
0.11994
0.157421
0.173327
0.166417
0.199
0.16983
0.152424
0.157421
0.156922
0.006
0.1645
0.095952
0.162176
0.109445
0.146354
0.1615
0.161
0.1645
0.182909
0.128372
0.0155
0.136
0.128
0.162419
0.119321
0.0134596
0.181
0.015992
0.119261
0.0824588
0.0305
0.0515
0.0895
0.114443
0.0895
0.150925
0.121318
0.1355
0.17
0.143428
0.134798
0.1705
0.171243
0.155
0.0215
0.132302
0.0255
0.0925
0.125874
0.0535
0.126
0.0154923
0.0145
0.0294853
0.162
0.152424
0.0314685
0.1295
0.12
0.162837
0.1375
0.1085
0.193903
0.174
0.132
0.133
0.159
0.1485
0.1115
0.1505
0.0825
0.155
0.1635
0.017991
0.0215
0.1645
0.13943
0.107
0.0959041
0.15942
0.016
0.168332
0.123938
0.0385
0.190405
0.152
0.147926
0.182409
0.172414
0.182136
0.0114828
0.1315
0.135932
0.1505
0.1165
0.0909545
0.165335
0.1545
0.132934
0.155766
0.052
0.137
0.037962
0.0975
0.138931
0.158421
0.107
0.1395
0.110334
0.124438
0.137294
0.018
0.0255
0.137
0.1765
0.1045
0.12987
0.1075
0.0624376
0.012475
0.166
0.0055
0.0305
0.160839
0.0768847
0.0974026
0.1435
0.1745
0.141929
0.15992
0.175412
0.202298
0.1855
0.011982
0.0209895
0.109835
0.1635
0.138431
0.0918622
0.158921
0.0918622
0.018
0.1815
0.0269865
0.1175
0.111888
0.14015
0.108446
0.182136
0.004
0.166
0.0734633
0.1305
0.014
0.151349
0.018
0.154346
0.021
0.142429
0.133
0.167748
0.0895
0.019
0.0964518
0.201399
0.128372
0.109445
0.155
0.144428
0.0959041
0.183
0.103397
0.014
0.152348
0.1445
0.0664668
0.13037
0.168916
0.1225
0.1855
0.165417
0.1845
0.116883
0.1855
0.17991
0.110945
0.114443
0.15
0.170744
0.136
0.089955
0.1705
0.143357
0.045954
0.145427
0.150425
0.152424
0.126
0.157421
0.0204693
0.0918622
0.166833
0.119321
0.0534199
0.153769
0.108782
0.1505
0.170415
0.154845
0.199301
0.155
0.121878
0.1665
0.0209895
0.134
0.102398
0.202298
0.172328
0.162419
0.1595
0.172
0.148926
0.164
0.142643
0.108446
0.0089955
0.1355
0.185407
0.128436
0.161677
0.1305
0.137294
0.0135
0.114885
0.191904
0.19
0.113443
0.089
0.0883674
0.123938
0.14
0.1845
0.132434
0.12032
0.117
0.116
0.127872
0.0089955
0.12032
0.0975
0.037
0.01998
0.166
0.141
0.1755
0.106447
0.14036
0.103844
0.082
0.0269865
0.137931
0.166
0.1502
0.1625
0.0918622
0.1205
0.104
0.192
0.113
0.147
0.168332
0.125375
0.0105
0.149626
0.114443
0.139361
0.1485
0.116442
0.0974513
0.1595
0.005
0.166833
0.173327
0.0089955
0.1595
0.125312
0.164418
0.122877
0.163255
0.16034
0.0824588
0.161919
0.1615
0.143428
0.0769615
0.183
0.118
0.129435
0.167748
0.118441
0.129
0.167916
0.138431
0.148926
0.115942
0.1315
0.142429
0.173327
0.0975
0.144
0.134433
0.008
0.1295
0.0965
0.115442
0.137431
0.133433
0.115442
