0.242379
0.23
0.295352
0.3115
0.273453
0.27023
0.2865
0.2185
0.267866
0.276723
0.298851
0.314
0.3005
0.257614
0.2645
0.262238
0.269
0.292
0.261108
0.245377
0.308346
0.299
0.271864
0.273227
0.29935
0.0095
0.247876
0.241
0.3
0.27972
0.265
0.2455
0.0134865
0.2515
0.237
0.253373
0.2585
0.3115
0.255245
0.218391
0.26037
0.2925
0.235764
0.2845
0.2425
0.2755
0.2325
0.246377
0.26037
0.264603
0.232384
0.2485
0.2905
0.281219
0.303696
0.2625
0.252
0.278222
0.291563
0.226161
0.2835
0.262869
0.334333
0.298552
0.251874
0.281359
0.28036
0.245377
0.25937
0.249
0.325012
0.2175
0.272864
0.286
0.2615
0.299051
0.314843
0.282359
0.289355
0.2745
0.25937
0.257
0.267366
0.2805
0.308691
0.295352
0.2735
0.2825
0.244888
0.2925
0.2605
0.0065
0.269231
0.228386
0.286
0.2415
0.299051
0.252374
0.2675
0.26011
0.244256
0.216675
0.281437
0.00898652
0.226387
0.284431
0.222889
0.249
0.257871
0.2755
0.2545
0.303848
0.233267
0.277584
0.257871
0.257871
0.25937
0.00849575
0.288
0.2945
0.2765
0.270459
0.284216
0.293353
0.24026
0.246131
0.2585
0.2375
0.28008
0.256
0.291209
0.23315
0.271364
0.258853
0.292707
0.249
0.255245
0.265867
0.275225
0.241379
0.264368
0.222278
0.298604
0.323338
0.21029
0.2635
0.00699301
0.271593
0.291209
0.265367
0.2635
0.241379
0.217391
0.289
0.256872
0.26
0.291
0.258741
0.246877
0.247253
0.2945
0.211682
0.2605
0.220779
0.239
0.255372
0.237881
0.303848
0.212681
0.266367
0.311844
0.311344
0.287
0.276224
0.28036
0.242757
0.295852
0.255489
0.237
0.2255
0.0049975
0.23
0.281
0.26
0.232384
0.0184539
0.256372
0.272864
0.275862
0.275087
0.278222
0.18
0.2585
0.28036
0.020979
0.250375
0.303
0.261
0.269596
0.266867
0.272364
0.268866
0.285
0.2485
0.279441
0.255872
0.008
0.2955
0.230885
0.285857
0.306
0.275724
0.273453
0.30085
0.238642
0.252994
0.255372
0.2775
0.25
0.263
0.262238
0.2185
0.282859
0.2715
0.274863
0.235
0.258371
0.291
0.275225
0.265235
0.241758
0.006
0.258371
0.2555
0.276723
0.2605
0.210789
0.279221
0.274863
0.268366
0.2565
0.2665
0.246377
0.2595
0.285
0.269096
0.212968
0.31984
0.243
0.2905
0.258741
0.218282
0.262369
0.27
0.262
0.264
0.217283
0.312344
0.252
0.243
0.266733
0.309191
0.2835
0.230885
0.25937
0.217391
0.275225
0.249875
0.290355
0.258612
0.2665
0.278
0.2875
0.252994
0.2865
0.2795
0.251
0.262369
0.285857
0.2755
0.261869
0.265367
0.283716
0.005997
0.288212
0.244511
0.203796
0.2335
0.276362
0.296352
0.229156
0.268
0.24663
0.2575
0.19
0.263
0.283
0.2075
0.274089
0.2435
0.257871
0.289066
0.232384
0.255
0.278721
0.2625
0.278
0.25987
0.23365
0.2605
0.280719
0.283
0.1965
0.261108
0.265602
0.247
0.225275
0.262
0.248252
0.229385
0.2595
0.263105
0.281718
0.284216
0.2666
0.2255
0.269865
0.245754
0.278222
0.277361
0.271864
0.230769
0.212787
0.261347
0.245
0.281718
0.229385
0.00849575
0.2585
0.272
0.2805
0.265
0.27972
0.3105
0.238881
0.264868
0.2985
0.2765
0.283858
0.2375
0.2905
0.286
0.250875
0.234149
0.271229
0.27359
0.271229
0.264368
0.217
0.287356
0.214286
0.254246
0.281718
0.252
0.2675
0.2865
0.268866
0.004995
0.264368
0.264236
0.249
0.235265
0.271956
0.002997
0.2815
0.31968
0.0109945
0.28036
0.292
0.277361
0.008
0.00549176
0.297
0.235
0.301698
0.258113
0.245877
0.264603
0.265734
0.270729
0.253
0.017991
0.294
0.285072
0.2505
0.23988
0.3085
0.2205
0.257871
0.278861
0.253247
0.249375
0.259111
0.232884
0.282435
0.257243
0.2415
0.251874
0.235
0.245877
0.2335
0.321839
0.237263
0.2865
0.208896
0.00699301
0.248376
0.264
0.255617
0.29491
0.241379
0.286071
0.27
0.257
0.248376
0.306041
0.2885
0.285072
0.296352
0.25974
0.253373
0.23976
0.298351
0.286857
0.262238
0.304196
0.241379
0.228158
0.318681
0.2475
0.2625
0.231884
0.19321
0.284358
0.281
0.324338
0.253873
0.205295
0.25937
0.258982
0.237644
0.278
0.238143
0.2645
0.235
0.269365
0.2985
0.269096
0.247
0.2745
0.271457
0.2485
0.2585
0.2865
0.265367
0.258741
0.225275
0.241138
0.2795
0.2335
0.263868
0.275724
0.246
0.278361
0.277361
0.22
0.26037
0.282
0.27023
0.2995
0.28036
0.272228
0.274451
0.271956
0.222
0.27986
0.272727
0.274725
0.212182
0.2395
0.238
0.274363
0.277223
0.242379
0.26037
0.261869
0.3115
0.238881
0.252
0.303393
0.282
0.244511
0.231653
0.323338
0.216
0.2645
0.27972
0.2695
0.282359
0.27
0.311033
0.265734
0.243378
0.229156
0.197401
0.264
0.2685
0.28036
0.253373
0.2435
0.255
0.265867
0.25987
0.259
0.266367
0.27936
0.287856
0.280579
0.2415
0.27986
0.247376
0.298552
0.290065
0.225275
0.313843
0.238761
0.315
0.215392
0.2575
0.272364
0.266
0.290773
0.298552
0.246377
0.269231
0.302047
0.2495
0.256
0.245754
0.261369
0.024
0.228928
0.291
0.272591
0.249875
0.29
0.315027
0.30085
0.288
0.25987
0.26011
0.264104
0.2725
0.241379
0.266867
0.263
0.25937
0.212575
0.298202
0.251748
0.011982
0.286
0.2445
0.232384
0.239641
0.272455
0.268866
0.275225
0.2725
0.236645
0.2865
0.234383
0.2955
0.267366
0.2625
0.1965
0.250998
0.0095
0.308346
0.268366
0.222278
0.261369
0.277361
0.284
0.225275
0.28971
0.2815
0.2545
0.2895
0.289211
0.267
0.241379
0.25
0.250125
0.198401
0.2195
0.249
0.250875
0.27
0.2315
0.232384
0.283858
0.2565
0.272
0.266467
0.273726
0.258871
0.284
0.237
0.256872
0.20979
0.229156
0.246
0.27
0.29306
0.243
0.262369
0.259
0.212894
0.257871
0.272228
0.274363
0.2785
0.294
0.268
0.2285
0.230155
0.242379
0.247
0.302198
0.215392
0.313843
0.279
0.270594
0.281437
0.252374
0.3165
0.269
0.286
0.248
0.1965
0.276862
0.272591
0.274089
0.2865
0.24
0.235382
0.2485
0.225662
0.2505
0.275862
0.283858
0.309345
0.28036
0.2535
0.2975
0.221
0.29935
0.265
0.258371
0.249
0.294853
0.2715
0.294059
0.311189
0.309
0.251374
0.270865
0.2435
0.2335
0.27936
0.2715
0.2435
0.274451
0.002997
0.2235
0.281718
0.27986
0.258242
0.26037
0.296
0.283716
0.227
0.301548
0.256
0.221
0.2375
0.214286
0.245377
0.286357
0.2865
0.205295
0.237881
0.266733
0.251
0.314685
0.209685
0.2635
0.313843
0.2425
0.270865
0.246377
0.290709
0.284358
0.262369
0.2495
0.2445
0.278721
0.240519
0.246877
0.290355
0.266467
0.008
0.00749625
0.23988
0.2825
0.19
0.251874
0.201098
0.2955
0.288356
0.287356
0.295205
0.275225
0.309
0.307846
0.2175
0.253373
0.230385
0.244256
0.24026
0.226161
0.2745
0.289277
0.2955
0.278361
0.300898
0.2795
0.291209
0.218891
0.26011
0.257243
0.22
0.291708
0.280798
0.226387
0.2815
0.235882
0.228657
0.241758
0.24026
0.295
0.286857
0.272
0.1994
0.238024
0.212575
0.295205
0.2285
0.2765
0.2265
0.234266
0.2985
0.288567
0.270365
0.25
0.215392
0.2605
0.214286
0.2445
0.231653
0.283858
0.29306
0.285786
0.255872
0.287356
0.293
0.281
0.2415
0.298351
0.297702
0.273
0.298053
0.262107
0.294
0.2745
0.278222
0.242
0.236763
0.008
0.230885
0.273453
0.2075
0.253865
0.271593
0.292707
0.236882
0.234383
0.00549176
0.209685
0.277084
0.262238
0.00549725
0.262369
0.286
0.261369
0.252
0.266867
0.263
0.258741
0.2765
0.249875
0.3245
0.27
0.236264
0.244256
0.235382
0.285714
0.286
0.28036
0.277361
0.2645
0.266733
0.229
0.273863
0.00549725
0.258371
0.295205
0.268
0.2875
0.292854
0.2835
0.27667
0.281219
0.0389805
0.242636
0.287356
0.277361
0.256
0.272954
0.2255
0.2565
0.2605
0.271364
0.326
0.212182
0.2815
0.2865
0.2165
0.278222
0.2855
0.263736
0.27972
0.29985
0.269
0.251123
0.246877
0.25025
0.253373
0.2485
0.2475
0.295852
0.286357
0.247253
0.28036
0.28036
0.226387
0.2715
0.246877
0.251
0.2545
0.248
0.2615
0.315
0.293912
0.249126
0.2475
0.2955
0.269
0.308346
0.292707
0.26
0.233383
0.257
0.268232
0.2535
0.008
0.2655
0.244633
0.27
0.251374
0.284
0.268731
0.283075
0.275087
0.232
0.272727
0.230923
0.243
0.252248
0.246507
0.236264
0.2645
0.2605
0.2125
0.255988
0.233
0.319
0.265
0.258741
0.2555
0.247
0.2395
0.28
0.252874
0.25
0.283858
0.271956
0.294853
0.2335
0.2775
0.2765
0.260739
0.2735
0.2105
0.2625
0.218391
0.262869
0.2715
0.24026
0.223888
0.274863
0.311033
0.218
0.30085
0.218391
0.249875
0.261
0.267366
0.267366
0.26037
0.269365
0.248
0.262475
0.284858
0.2495
0.27972
0.324338
0.2665
0.266867
0.282
0.277084
0.247376
0.284
0.270865
0.286
0.275724
0.284
0.272864
0.24
0.309
0.26
0.2415
0.295557
0.269
0.28971
0.26
0.29491
0.272364
0.210395
0.292
0.297702
0.239
0.237762
0.00599101
0.313
0.25937
0.264368
0.282859
0.0025
0.278
0.246
0.214678
0.2765
0.268366
0.276585
0.2455
0.282576
0.00849575
0.2415
0.216
0.262369
0.235265
0.2805
0.244256
0.00749625
0.011
0.246377
0.290855
0.259111
0.273
0.228272
0.247376
0.276723
0.26
0.2775
0.2715
0.262869
0.265102
0.275
0.306
0.2765
0.305042
0.226161
0.262369
0.232
0.273726
0.284715
0.268366
0.26
0.291209
0.2505
0.269596
0.239261
0.3075
0.265367
0.2695
0.307846
0.261738
0.268232
0.258371
0.2795
0.2515
0.282576
0.261738
0.2075
0.290855
0.00999001
0.276723
0.278721
0.249
0.2905
0.29
0.266867
0.314685
0.253746
0.234883
0.299051
0.229
0.269096
0.268366
0.222278
0.285857
0.256
0.268232
0.257485
0.288356
0.2435
0.177323
0.1465
0.218282
0.262369
0.2725
0.306194
0.293353
0.258853
0.2435
0.262737
0.2895
0.215392
0.237263
0.2295
0.011982
0.252
0.272
0.209581
0.252874
0.237263
0.1465
0.246
0.265867
0.2475
0.256372
0.209581
0.2555
0.312344
0.253373
0.231884
0.203796
0.245
0.302047
0.279
0.255
0.223888
0.307
0.262869
0.241379
0.2375
0.271593
0.2585
0.1965
0.228386
0.274314
0.248376
0.274863
0.245
0.241517
0.232884
0.234883
0.230923
0.177323
0.277361
0.2535
0.230385
0.297554
0.24038
0.283858
0.2865
0.219
0.273
0.275087
0.282859
0.236882
0.308346
0.28086
0.2485
0.257742
0.212681
0.245377
0.228
0.264603
0.243
0.294059
0.241
0.207396
0.233267
0.2335
0.2855
0.0149925
0.2285
0.264735
0.274363
0.009995
0.26996
0.198302
0.2875
0.214286
0.254373
0.274725
0.3
0.25937
0.265367
0.236
0.31984
0.295205
0.2925
0.286
0.214286
0.285857
0.242
0.275087
0.208896
0.2735
0.228386
0.2855
0.249875
0.2845
0.237881
0.223888
0.226387
0.258612
0.260609
0.242137
0.289277
0.268866
0.2535
0.271364
0.264
0.275362
0.292707
0.311344
0.251
0.2565
0.276
0.221
0.231
0.181409
0.229156
0.28008
0.257614
0.197401
0.255489
0.293706
0.2895
0.297
0.293353
0.237
0.265367
0.290274
0.268866
0.272
0.00648379
0.287356
0.262238
0.269596
0.248376
0.2555
0.243635
0.262369
0.2225
0.2875
0.229
0.221
0.276862
0.2725
0.275
0.274363
0.2905
0.266867
0.257871
0.2405
0.28008
0.274089
0.273453
0.262869
0.271593
0.2765
0.277361
0.267366
0.247
0.248376
0.272727
0.0025
0.239521
0.227273
0.236763
0.299
0.201098
0.261
0.257
0.23027
0.272727
0.261608
0.257243
0.221889
0.228386
0.262869
0.249
0.329511
0.2725
0.298552
0.278222
0.26497
0.275
0.2645
0.234
0.239
0.256372
0.221
0.293912
0.306347
0.232384
0.223553
0.2575
0.220669
0.230385
0.244256
0.262869
0.258982
0.2885
0.265734
0.289566
0.262238
0.2835
0.175412
0.2695
0.00999001
0.265
0.25
0.3185
0.309345
0.246877
0.2645
0.234149
0.2185
0.272364
0.228386
0.270594
0.257485
0.3185
0.269461
0.286
0.286
0.0095
0.2785
0.256615
0.2725
0.275
0.278
0.225387
0.276862
0.265734
0.257871
0.2395
0.255372
0.242137
0.252
0.275362
0.258371
0.247253
0.28086
0.321839
0.004995
0.246877
0.251374
0.310845
0.253873
0.281718
0.275862
0.265602
0.253
0.216
0.286
0.24663
0.2475
0.263
0.265867
0.258612
0.2685
0.251874
0.272455
0.243635
0.269365
0.24
0.23
0.2245
0.2635
0.246254
0.26037
0.279081
0.265235
0.232152
0.286
0.2905
0.293
0.2045
0.255988
0.261738
0.252374
0.273227
0.264368
0.248
0.274363
0.271
0.235882
0.262869
0.264838
0.253873
0.295352
0.274314
0.298
0.251
0.2245
0.272
0.27667
0.00749625
0.249875
0.296204
0.256615
0.2175
0.290564
0.27
0.283858
0.2425
0.297
0.304196
0.264868
0.272
0.271956
0.0095
0.283716
0.229156
0.245754
0.237881
0.275
0.255872
0.315027
0.306347
0.241138
0.236382
0.009995
0.289277
0.28036
0.237263
0.272864
0.244
0.267
0.249875
0.282859
0.221
0.2455
0.257871
0.2845
0.2435
0.248
0.257614
0.257243
0.245377
0.225275
0.243
0.293853
0.255
0.267366
0.277084
0.283858
0.297054
0.253873
0.275362
0.2585
0.248751
0.3075
0.30085
0.2355
0.270365
0.274363
0.2465
0.244256
0.232884
0.263
0.3035
0.258371
0.217174
0.236
0.2425
0.309
0.2375
0.272727
0.2975
0.219062
0.005997
0.291209
0.297904
0.311344
0.2205
0.265367
0.238
0.2565
0.255245
0.2975
0.253247
0.284
0.285714
0.26024
0.28971
0.272
0.2615
0.27
0.2905
0.221389
0.324338
0.275862
0.23988
0.28086
0.258741
0.261239
0.241
0.2645
0.212787
0.281
0.269231
0.277584
0.258371
0.284431
0.25937
0.0125
0.308691
0.234883
0.247376
0.261239
0.250624
0.252374
0.272864
0.2725
0.0095
0.246
0.290564
0.26011
0.255617
0.278721
0.2475
0.27
0.264236
0.2395
0.2295
0.236
0.261369
0.234149
0.011
0.283716
0.271864
0.263
0.193903
0.252874
0.209581
0.284358
0.244256
0.276862
0.2625
0.0134865
0.270865
0.2285
0.273
0.3115
0.2265
0.2555
0.218391
0.292
0.28086
0.0069965
0.278721
0.309345
0.288356
0.257243
0.30085
0.252
0.241379
0.0115
0.302849
0.318681
0.2955
0.261108
0.266
0.264
0.334333
0.2225
0.248876
0.245
0.238881
0.235882
0.2625
0.2725
0.236882
0.233
0.281718
0.2225
0.2925
0.262
0.265
0.284
0.260739
0.325012
0.270095
0.3002
0.242379
0.2505
0.2775
0.2315
0.311344
0.276862
0.2795
0.211289
0.247253
0.196902
0.284
0.265367
0.232767
0.2515
0.2545
0.23976
0.271864
0.011
0.266
0.3165
0.222389
0.281578
0.2655
0.2975
0.2605
0.25025
0.265
0.302
0.201899
0.255617
0.27
0.2875
0.268366
0.262238
0.257614
0.246
0.295852
0.301
0.247752
0.208896
0.3215
0.293207
0.297554
0.298851
0.234383
0.230769
0.315027
0.2315
0.244511
0.272364
0.258113
0.271864
0.241
0.2725
0.251123
0.271864
0.261
0.27972
0.288856
0.320679
0.246131
0.23365
0.246753
0.272228
0.2695
0.296852
0.241379
0.234149
0.281219
0.289566
0.282717
0.249875
0.235382
0.236882
0.229
0.19
0.265235
0.00999001
0.295
0.2595
0.256
0.27667
0.273363
0.015992
0.258371
0.273
0.210684
0.274725
0.283358
0.272727
0.264368
0.2695
0.278222
0.263605
0.22039
0.256
0.293353
0.2405
0.262869
0.307193
0.246377
0.268597
0.012
0.289211
0.228657
0.247876
0.255
0.273
0.211682
0.213
0.257243
0.008
0.289
0.246877
0.236
0.005997
0.250875
0.276086
0.308691
0.215177
0.238761
0.279
0.283858
0.229385
0.253247
0.288356
0.0075
0.2725
0.295
0.268
0.2845
0.304348
0.260739
0.295557
0.236763
0.284216
0.276086
0.252
0.2285
0.252
0.2995
0.264236
0.257114
0.2815
0.256372
0.269
0.011982
0.250125
0.275225
0.21
0.285072
0.248
0.017991
0.246131
0.293853
0.2725
0.2195
0.2695
0.264368
0.237263
0.242379
0.272228
0.257
0.251123
0.304848
0.270865
0.261738
0.2295
0.2565
0.251874
0.294
0.2475
0.262369
0.272
0.2995
0.293207
0.255
0.25025
0.265734
0.281078
0.198401
0.249126
0.243378
0.2545
0.207
0.263
0.246877
0.230539
0.290773
0.264
0.231
0.25025
0.291708
0.222
0.2775
0.203796
0.263605
0.0184539
0.23
0.282435
0.253746
0.330335
0.261369
0.31984
0.251748
0.006
0.286857
0.264868
0.27
0.226274
0.296906
0.2945
0.293912
0.274725
0.263736
0.2685
0.2165
0.2775
0.252
0.2375
0.2565
0.251
0.2765
0.26973
0.0095
0.325012
0.261347
0.261347
0.2375
0.256872
0.257243
0.307346
0.268866
0.293353
0.288856
0.269
0.251374
0.279221
0.2865
0.2585
0.258
0.249875
0.238024
0.302546
0.264236
0.2655
0.0104948
0.257
0.275225
0.270594
0.020979
0.293853
0.220669
0.2805
0.26011
0.22039
0.2995
0.231653
0.267866
0.2375
0.0065
0.262475
0.273952
0.30085
0.260739
0.26
0.268366
0.266867
0.268597
0.271864
0.268366
0.240759
0.240519
0.193903
0.247376
0.286
0.251623
0.31968
0.307846
0.3
0.282359
0.282859
0.238
0.2255
0.278222
0.293853
0.247253
0.244256
0.2805
0.244
0.272364
0.303848
0.2655
0.287356
0.284
0.272
0.2585
0.241138
0.283858
0.262238
0.256
0.294353
0.285714
0.258612
0.248751
0.2665
0.259
0.256372
0.249
0.269596
0.264471
0.2725
0.210395
0.278
0.258741
0.2505
0.234149
0.251
0.2785
0.261
0.214
0.226161
0.29935
0.248128
0.3215
0.261608
0.246753
0.269865
0.2715
0.2515
0.248252
0.272
0.248751
0.222
0.2395
0.28086
0.239
0.3015
0.253
0.280719
0.293912
0.302198
0.2675
0.239521
0.27
0.2735
0.30085
0.228272
0.281
0.290855
0.240519
0.272455
0.282359
0.2755
0.226
0.258741
0.281
0.27
0.265867
0.258371
0.2645
0.239261
0.285857
0.241758
0.268866
0.218
0.2735
0.257243
0.2645
0.269365
0.24975
0.268866
0.318681
0.293353
0.267
0.00999001
0.271956
0.306
0.281718
0.2625
0.290709
0.2465
0.175412
0.239641
0.24
0.262737
0.255617
0.265367
0.249375
0.290709
0.269365
0.24
0.231884
0.274226
0.228386
0.286
0.265235
0.253373
0.2605
0.242
0.2825
0.28036
0.2215
0.230923
0.3055
0.222666
0.278
0.244389
0.2355
0.2465
0.277584
0.244878
0.283716
0.261976
0.25
0.268
0.00599101
0.252248
0.25
0.247376
0.205897
0.283
0.27986
0.250624
0.243378
0.311189
0.218282
0.297054
0.214286
0.263
0.282435
0.249626
0.269365
0.275
0.2835
0.257
0.281936
