0.1998
0.229541
0.1795
0.194805
0.2765
0.1955
0.225387
0.2595
0.26973
0.2185
0.275862
0.28036
0.235529
0.221889
0.271364
0.245877
0.178821
0.198
0.208896
0.222
0.230654
0.281
0.170415
0.011982
0.251374
0.263368
0.2255
0.221279
0.214179
0.2495
0.221
0.197901
0.228386
0.237762
0.2605
0.2315
0.218391
0.242379
0.203898
0.181
0.2475
0.272364
0.2625
0.215676
0.216284
0.210684
0.2255
0.251374
0.174413
0.246
0.226
0.217782
0.013
0.00748503
0.172414
0.207
0.234
0.247
0.228044
0.203398
0.230385
0.179
0.217891
0.222889
0.213893
0.2025
0.274363
0.1994
0.236645
0.25937
0.243
0.233883
0.21939
0.223888
0.239
0.246
0.2225
0.274363
0.2495
0.209186
0.243257
0.219
0.233267
0.2275
0.2205
0.289776
0.245754
0.272364
0.2475
0.202595
0.233766
0.233
0.236382
0.224888
0.244134
0.181909
0.194306
0.2455
0.00698952
0.2009
0.2105
0.206
0.175237
0.312844
0.2655
0.2015
0.2775
0.230385
0.238262
0.232767
0.266867
0.218891
0.2275
0.25187
0.188906
0.24014
0.2635
0.214179
0.2345
0.202891
0.242137
0.193903
0.208
0.263868
0.190215
0.254873
0.2295
0.268731
0.198401
0.215392
0.252248
0.237
0.221889
0.2665
0.235
0.225
0.231
0.204795
0.204
0.192
0.1965
0.0114943
0.232767
0.183908
0.227046
0.2295
0.231884
0.245754
0.196108
0.2265
0.202197
0.259611
0.011982
0.233383
0.205589
0.23938
0.21967
0.2085
0.231384
0.222
0.227046
0.252374
0.22666
0.222777
0.264868
0.23503
0.26024
0.291854
0.233383
0.264838
0.0225
0.236146
0.2635
0.209291
0.0875
0.0169661
0.010989
0.186813
0.25
0.255372
0.25
0.245632
0.0065
0.1945
0.271229
0.216284
0.201098
0.215177
0.236
0.2485
0.00748503
0.247
0.222889
0.2005
0.231
0.209186
0.237381
0.246877
0.212394
0.2445
0.2055
0.1795
0.189
0.257742
0.251249
0.244
0.246507
0.190405
0.252747
0.201098
0.231269
0.253373
0.2415
0.216
0.189
0.235764
0.246753
0.217174
0.189
0.216284
0.235764
0.24088
0.249126
0.241775
0.224888
0.221778
0.2405
0.242
0.244134
0.2125
0.262737
0.2355
0.2395
0.239261
0.00898652
0.0125
0.1735
0.209
0.184
0.199
0.2005
0.233267
0.258242
0.18981
0.238143
0.241879
0.2355
0.201399
0.188124
0.268731
0.1995
0.2235
0.207396
0.291854
0.2385
0.195902
0.21989
0.004
0.2225
0.197204
0.166
0.261239
0.2125
0.21
0.233
0.223
0.2175
0.25
0.208
0.221889
0.23988
0.244755
0.185907
0.25
0.186813
0.204693
0.179551
0.205
0.283075
0.273
0.246131
0.28
0.214
0.254373
0.1945
0.00549451
0.146354
0.225
0.225387
0.186813
0.2295
0.221389
0.259
0.2445
0.247505
0.212894
0.248128
0.286214
0.2475
0.252874
0.209895
0.286
0.229885
0.222
0.2025
0.217673
0.233
0.228771
0.2555
0.1775
0.204
0.252
0.243
0.1775
0.204
0.217673
0.193709
0.241
0.215
0.2525
0.2755
0.193903
0.202197
0.225
0.246131
0.2045
0.238523
0.250375
0.189216
0.224276
0.012987
0.230654
0.253746
0.193307
0.273863
0.229
0.212
0.209395
0.186
0.212
0.212787
0.005
0.189
0.208896
0.2655
0.215676
0.0154845
0.222
0.248376
0.188
0.236882
0.2255
0.2575
0.202
0.2675
0.187406
0.2015
0.2595
0.2385
0.194
0.242258
0.29
0.232884
0.169331
0.2125
0.1775
0.2245
0.274363
0.259241
0.208896
0.2465
0.150425
0.242
0.233766
0.271229
0.181909
0.242879
0.213
0.256372
0.247
0.256372
0.009
0.222278
0.236
0.194403
0.244878
0.25
0.236
0.2165
0.266867
0.233
0.234383
0.2115
0.170829
0.284216
0.216284
0.203
0.216783
0.203898
0.248376
0.2635
0.2235
0.1995
0.226
0.2165
0.230654
0.1825
0.154346
0.245132
0.209895
0.222389
0.2135
0.1999
0.206397
0.2
0.125
0.155922
0.252122
0.284858
0.2005
0.214
0.217891
0.251
0.223888
0.00698952
0.223
0.149425
0.0065
0.264735
0.217782
0.227772
0.2495
0.198302
0.245877
0.222889
0.230654
0.207792
0.222
0.239
0.247752
0.198302
0.2495
0.206397
0.252374
0.213786
0.23
0.2705
0.216892
0.279081
0.269596
0.221
0.1999
0.21
0.217283
0.2405
0.201
0.215
0.274363
0.235382
0.209186
0.005
0.2015
0.233
0.2015
0.2185
0.2415
0.218282
0.2425
0.243
0.2004
0.175237
0.251
0.217283
0.221889
0.2055
0.228886
0.2215
0.00649026
0.247
0.255872
0.232535
0.218391
0.202197
0.243756
0.2335
0.185222
0.21939
0.23503
0.2255
0.209
0.222389
0.223888
0.247876
0.249
0.2685
0.146354
0.2415
0.243635
0.236
0.228
