0.199201
0.236
0.221778
0.229385
0.2345
0.217673
0.195
0.228771
0.0035
0.232651
0.00949525
0.226161
0.161757
0.2001
0.1845
0.200499
0.21978
0.22017
0.198401
0.205295
0.217565
0.224888
0.219
0.215
0.224388
0.228771
0.244
0.223165
0.23988
0.245377
0.223
0.2185
0.1485
0.189405
0.225387
0.203694
0.213679
0.1885
0.266
0.242
0.2415
0.218781
0.215
0.197303
0.230385
0.204
0.21008
0.208
0.2505
0.217391
0.177911
0.210579
0.2845
0.2315
0.197901
0.2725
0.238881
0.23027
0.154845
0.236763
0.256872
0.236264
0.2025
0.284858
0.198
0.279
0.0164753
0.2255
0.175
0.222389
0.275225
0.235265
0.205397
0.222
0.228543
0.2255
0.209395
0.2685
0.2175
0.198401
0.214785
0.2075
0.2755
0.2555
0.229385
0.187313
0.218
0.1994
0.216392
0.224
0.198302
0.196902
0.2155
0.211394
0.2055
0.2175
0.0025
0.205192
0.1495
0.022
0.1945
0.291
0.230885
0.254
0.2155
0.229885
0.2615
0.243378
0.211183
0.215
0.204194
0.212894
0.237762
0.219
0.1965
0.221667
0.232384
0.1705
0.1945
0.217174
0.217891
0.203
0.00699301
0.218891
0.23988
0.212894
0.225887
0.2155
0.227
0.1945
0.206191
0.1735
0.155345
0.238
0.214785
0.2745
0.247376
0.195402
0.0055
0.218
0.243878
0.176
0.2325
0.206191
0.30035
0.211788
0.2385
0.2915
0.190405
0.212288
0.207396
0.27936
0.0114885
0.00948104
0.246
0.0194903
0.24
0.233766
0.222278
0.013993
0.161757
0.226887
0.207396
0.228
0.182
0.22089
0.17982
0.2355
0.202298
0.226
0.272364
0.258371
0.187906
0.243378
0.2415
0.2265
0.222889
0.2655
0.253373
0.184316
0.252374
0.263868
0.198401
0.2225
0.237
0.201899
0.252
0.186407
0.1945
0.19012
0.239
0.235382
0.2395
0.258982
0.227772
0.1735
0.216
0.211289
0.278222
0.206191
0.246008
0.192308
0.2175
0.196902
0.2075
0.22
0.2815
0.254
0.232
0.263
0.2285
0.1855
0.240639
0.217
0.196902
0.232884
0.223888
0.204296
0.212394
0.239
0.2385
0.214
0.2165
0.226773
0.216
0.205897
0.2475
0.2455
0.191404
0.236882
0.1995
0.288356
0.201299
0.217891
0.248627
0.2615
0.230155
0.2655
0.235764
0.1985
0.188906
0.170915
0.2365
0.218781
0.225887
0.240759
0.166
0.274226
0.245877
0.253873
0.268366
0.2065
0.20979
0.232
0.264368
0.212894
0.1485
0.207792
0.163418
0.2205
0.207189
0.170245
0.257
0.251374
0.0125
0.156922
0.0044955
0.234883
0.233267
0.190905
0.2295
0.269365
0.009
0.2535
0.228
0.00499002
0.223888
0.192711
0.252994
0.2395
0.2425
0.2415
0.225935
0.235
0.217174
0.245255
0.197901
0.227
0.233
0.254373
0.211
0.194903
0.241879
0.222167
0.202899
0.189905
0.0075
0.2615
0.276224
0.2385
0.213
0.196902
0.2285
0.256
0.257114
0.239
0.176
0.00349825
0.231384
0.197605
0.196902
0.238
0.015
0.2385
0.213287
0.1945
0.022
0.2395
0.009
0.241397
0.24663
0.212288
0.202899
0.2115
0.00549725
0.2055
0.2001
0.2055
0.175912
0.24014
0.2745
0.27986
0.2555
0.212394
0.238262
0.245255
0.257371
0.232384
0.224775
0.0119701
0.2155
0.225387
0.234383
0.188811
0.227386
0.284715
0.2525
0.236146
0.2345
0.176
0.020979
0.208
0.20979
0.2075
0.196902
0.236264
0.233267
0.2135
0.1845
0.237406
0.239641
0.191
0.155345
0.237381
0.196
0.212787
0.198401
0.215676
0.178411
0.2425
0.257
0.184908
0.194306
0.182
0.232884
0.2725
0.205897
0.22666
0.185907
0.243378
0.229271
0.227386
0.254618
0.257485
0.0035
0.216783
0.2325
0.2605
0.00748877
0.216783
0.222
0.169
0.206191
0.220559
0.187
0.231384
0.2635
0.216351
0.230885
0.277223
0.218781
0.21318
0.232
0.168332
0.20979
0.204398
0.255245
0.221389
0.2295
0.200799
0.282
0.00549451
0.234883
0.232384
0.0129935
0.223
0.207396
0.24
0.30035
0.231884
0.2205
0.217891
0.239
0.2465
0.217891
0.22505
0.1735
0.228543
0.212787
0.215285
0.232384
0.178322
0.1845
0.273726
0.2115
0.206
0.1665
0.2205
0.228
0.225549
0.241379
0.191213
0.2285
0.203898
0.182
0.005
0.228886
0.213287
0.226274
0.2165
0.224
0.2375
0.2205
0.207792
0.2525
0.258371
0.212787
0.00649675
0.2095
0.197901
0.176823
0.223
0.213393
0.1795
0.2015
0.248
0.208
0.252
0.246261
0.229426
0.246
0.213679
0.24088
0.188
0.247376
0.24014
0.274226
0.21008
0.0164918
0.231884
0.284858
0.28036
0.1997
0.231768
0.1985
0.147353
0.254
0.215285
0.188
0.2205
0.13993
0.180639
0.204
0.2195
0.201697
0.2135
0.207189
0.279
0.193806
0.208791
