0.016
0.194
0.1875
0.242879
0.20987
0.2065
0.262369
0.2375
0.242636
0.187
0.222056
0.159261
0.1985
0.253373
0.2425
0.1865
0.013993
0.24975
0.2235
0.243
0.246
0.2025
0.243378
0.195706
0.2375
0.1975
0.2875
0.1765
0.00948104
0.224888
0.2315
0.202696
0.216675
0.245632
0.2495
0.202197
0.282359
0.1875
0.220779
0.20669
0.2435
0.249875
0.2385
0.217891
0.2505
0.2435
0.247253
0.138
0.264603
0.235882
0.2305
0.201899
0.014
0.1455
0.2705
0.258113
0.196304
0.2465
0.175
0.2345
0.264868
0.0044955
0.247
0.206294
0.259
0.232884
0.194805
0.226
0.243
0.2265
0.2
0.210789
0.208896
0.229
0.261869
0.2015
0.234765
0.239521
0.22039
0.211289
0.254
0.222
0.243878
0.0224663
0.212681
0.2505
0.005
0.2365
0.198801
0.2085
0.239
0.0049975
0.234883
0.003998
0.226773
0.244134
0.2165
0.24038
0.267
0.252747
0.191712
0.18
0.201899
0.236763
0.244
0.006
0.195902
0.211
0.238262
0.1655
0.2165
0.233
0.2725
0.1855
0.252374
0.2305
0.20669
0.256986
0.253746
0.226887
0.235
0.18041
0.241879
0.2475
0.141359
0.192711
0.2415
0.007996
0.252621
0.1999
0.0134933
0.21939
0.264868
0.187
0.0065
0.257742
0.258982
0.17991
0.2255
0.225662
0.212575
0.250375
0.207
0.235265
0.270865
0.246254
0.163918
0.2001
0.224
0.261239
0.228543
0.222666
0.253
0.217
0.234883
0.213679
0.241379
0.201399
0.221778
0.2445
0.1925
0.204693
0.285357
0.253873
0.178732
0.195804
0.226887
0.0069965
0.250125
0.1675
0.238881
0.25987
0.206294
0.205794
0.24088
0.289355
0.204898
0.215392
0.2375
0.2385
0.21029
0.2255
0.2595
0.2505
0.2305
0.226773
0.247752
0.227159
0.216892
0.273863
0.219171
0.242379
0.273227
0.191
0.231884
0.207792
0.238404
0.271
0.0049975
0.1655
0.180819
0.2415
0.22089
0.281
0.21
0.251996
0.2145
0.219171
0.005
0.231884
0.222
0.2345
0.173
0.191904
0.0174651
0.22
0.251996
0.197901
0.263237
0.200599
0.217891
0.226
0.232152
0.2215
0.272727
0.2666
0.2415
0.237881
0.273227
0.247876
0.01
0.014
0.223165
0.245754
0.235764
0.244378
0.1815
0.1865
0.231653
0.251
0.221889
0.1855
0.2675
0.237881
0.232384
0.22089
0.233766
0.204398
0.248627
0.203593
0.238143
0.20987
0.00948104
0.2004
0.211894
0.206397
0.2705
0.0104948
0.235382
0.254873
0.233383
0.2435
0.2515
0.194903
0.201399
0.289
0.264603
0.0045
0.01
0.0294705
0.2465
0.223388
0.008
0.238024
0.21029
0.234765
0.237787
0.232268
0.00599401
0.2435
0.21029
0.211
0.270729
0.231
0.2495
0.160759
0.2485
0.1955
0.2195
0.209895
0.263736
0.248376
0.255372
0.2425
0.008
0.247376
0.2265
0.2575
0.226
0.2005
0.294059
0.254373
0.207
0.241379
0.214893
0.217673
0.017
0.22017
0.186907
0.238381
0.232384
0.233
0.177733
0.203898
0.2305
0.213287
0.225387
0.1925
0.231
0.2415
0.214179
0.20987
0.24
0.230885
0.164918
0.206897
0.207876
0.198302
0.252874
0.1805
0.211394
0.2485
0.236264
0.210895
0.173
0.207896
0.221778
0.2785
0.2135
0.193403
0.234383
0.243
0.279221
0.130435
0.2399
0.217391
0.236763
0.21939
0.178322
0.191712
0.249375
0.2565
0.256743
0.1955
0.248252
0.192711
0.2525
0.230885
0.2115
0.246254
0.2025
0.258871
0.227273
0.264868
0.211289
0.234149
0.202399
0.211289
0.2605
0.2445
0.192807
0.010978
0.203
0.203593
0.005997
0.233
0.186
0.2115
0.235764
0.2665
0.007
0.202197
0.240759
0.1835
0.212076
0.1945
0.19
0.269096
0.2455
0.253
0.232268
0.214393
0.214
0.272
0.158921
0.2535
0.00549725
0.227159
0.194
0.258612
0.244012
0.25312
0.237762
0.235
0.238024
0.226887
0.242379
0.259111
0.2425
0.188312
0.206191
0.205397
0.226
0.237381
0.186
0.0164918
0.261715
0.214893
0.2025
0.004
0.196902
0.1905
0.198
0.2015
0.161
0.2095
0.169415
0.265734
0.251748
0.233883
0.2065
0.0044955
0.238381
0.2455
0.271229
0.241
0.215392
0.00199601
0.2415
0.249875
0.2005
0.203
0.0075
0.1975
0.1985
0.0174651
0.01
0.242
0.1835
0.2755
0.235147
0.248376
0.253247
0.231
0.241
0.21
0.2425
0.00949525
0.234
0.254873
0.213
0.00948104
0.2385
0.250499
0.196902
0.145282
0.2505
0.2415
0.275862
0.227159
0.193
0.00849575
0.2435
0.2025
0.2275
0.2165
0.270865
0.196
0.216284
0.2505
0.26996
0.213287
0.00449775
0.253
0.2595
0.2455
0.2725
0.193903
0.244134
0.272228
0.260739
0.249
0.274451
0.221279
0.210895
0.189122
0.225774
0.228386
0.178322
0.228386
0.224775
0.238881
0.2555
0.208896
0.2255
0.234
0.2165
0.209895
0.196902
0.256372
0.277861
0.195207
0.250375
0.216783
0.24
0.0065
0.266966
0.258371
0.223
0.219
0.2285
0.249626
0.2005
0.229885
0.271364
0.231884
0.2705
0.1985
0.2255
0.221778
0.206397
0.248
0.252374
0.240639
0.225774
0.218064
0.232884
0.272228
0.236382
0.195804
0.244134
0.246254
0.267
0.220779
0.21
0.235
0.2115
0.238262
0.206294
0.206397
0.277861
0.253746
0.2175
0.252
0.2585
0.233
0.2325
0.248376
0.158921
0.219
0.2425
0.274451
0.1845
0.264236
0.252
0.2295
0.195
0.253247
0.233
0.282859
0.264603
0.258871
0.264868
0.191
0.2165
0.224276
0.289
0.2
0.202899
0.190714
0.236382
0.202
0.207
0.220779
0.24038
0.264236
0.236146
0.00798802
0.211078
0.217
0.196803
0.248751
0.229385
0.232651
0.243
0.0045
0.2305
0.214893
0.2325
0.2315
0.238761
0.223665
0.2285
0.1955
0.2485
0.178732
0.2385
0.235
0.2335
0.2375
0.200599
0.18
0.1755
0.191
0.231653
0.203898
0.21
0.2465
0.130435
0.265734
0.229
0.211
0.208
0.1915
0.2515
0.231653
0.2135
0.2375
0.219
0.0044955
0.2495
0.232419
0.258
0.258371
0.2565
0.2399
0.221778
0.2135
0.17991
0.2235
0.20987
0.243257
0.2075
0.2025
0.256244
0.2365
0.2
0.242379
0.222666
0.201995
0.2745
0.1885
0.233416
0.22666
0.2685
0.1998
0.216392
0.249875
0.224
0.2335
0.1925
0.193
0.273863
0.012
0.2725
0.241259
0.262869
0.204
0.226161
0.2395
0.237381
0.210895
0.2305
0.1955
0.2565
0.19
0.25
0.239
0.225549
0.209895
0.206397
0.25998
0.2365
0.185407
0.2455
0.0049975
0.246254
0.238
0.218391
0.216892
0.2205
0.186
0.206983
0.214179
0.160839
0.0175
0.223165
0.2095
0.235
0.238523
0.2545
0.242379
0.007996
0.217283
0.215392
0.2375
0.163255
0.0075
0.226773
0.2235
0.198801
0.216892
0.166917
0.2195
0.186
0.2435
0.216392
0.218391
0.2365
0.187126
0.235882
0.2425
0.231
0.208
0.171414
0.206397
0.224
0.244
0.2355
0.2275
0.2165
0.17991
0.274451
0.210185
0.239
0.2335
0.233533
0.206397
0.2395
0.237762
0.225387
0.233
0.1765
0.235265
0.241895
0.213287
0.197703
0.231
0.1545
0.2095
0.19
0.2365
0.244878
0.211394
0.202197
0.236264
0.204398
0.214893
0.2155
0.158921
0.257371
0.258982
0.187
0.190714
0.212894
0.2145
0.247
0.261
0.19
0.225662
0.241879
0.227159
0.243257
0.249626
0.22977
0.2615
0.195305
0.2305
0.217391
0.222777
0.252
0.213786
0.219281
0.204898
0.219171
0.25187
0.007996
0.2005
0.231
0.267233
0.242636
0.1995
0.2605
0.298701
0.2235
0.211394
0.234383
0.2175
0.1945
0.268731
0.193
0.202797
0.250125
0.216892
0.223277
0.01
0.213
0.1895
0.213393
0.2335
0.2295
0.236382
0.233766
0.204898
0.029985
0.250125
0.169246
0.220669
0.265367
0.29
0.158921
0.235382
0.265367
0.2105
0.251874
0.2465
0.213
0.221279
0.00349825
0.2265
0.29
0.2705
0.227273
0.2545
0.270095
0.238
0.217
0.009
0.2155
0.0134933
0.269096
0.213679
0.253493
0.213
0.263605
0.211289
0.236382
0.2295
0.195706
0.2335
0.00899101
0.1835
0.200599
0.248376
0.1955
0.1875
0.258982
0.253373
0.224
0.248
0.260739
0.289355
0.248376
0.193403
0.204
0.217391
0.238381
0.22089
0.226773
0.228044
0.251874
0.195902
0.225
0.245
0.246753
0.2275
0.201198
0.272364
0.253
0.260848
0.2055
0.264735
0.235265
0.194306
0.242258
0.2315
0.248252
0.194403
0.192
0.198302
0.195902
0.207792
0.254745
0.216284
0.176912
0.2565
0.261
0.220779
0.224276
0.0075
0.223277
0.2165
0.2
0.226773
0.196803
0.1655
0.238381
0.2305
0.210895
0.22039
0.227273
0.186813
0.2455
0.230385
0.219171
0.227273
0.236763
0.188
0.238404
0.0075
0.244
0.00947631
0.186407
0.163255
0.217
0.223165
0.208396
0.2505
0.2445
0.194403
0.24014
0.236763
0.2725
0.209
0.245377
0.231884
0.216392
0.2355
0.243878
0.245754
0.2135
0.241259
0.256986
0.22039
0.220669
0.231
0.266966
0.250375
0.0124938
0.233
0.2225
0.178
0.213393
0.236
0.217391
0.258
0.238381
0.241
0.245632
0.2225
0.2075
0.231
0.222167
0.257371
0.258354
0.195
0.272727
0.236882
0.236645
0.016
0.2235
0.252
0.248627
0.269096
0.201399
0.2495
0.2525
0.235382
0.2315
0.1855
0.191808
0.2695
0.248876
0.234883
0.218173
0.239
0.2695
0.238381
0.231
0.241379
0.217
0.188
0.234648
0.201899
0.182
0.272364
0.233
0.238024
0.2285
0.2315
0.261
0.244
0.206397
0.207
0.0045
0.24026
0.207
0.234
0.2095
0.245632
0.201399
0.282859
0.259611
0.234883
0.211
0.236264
0.239
0.237881
0.229
0.2465
0.205
0.227886
0.235882
0.226387
0.277861
0.161258
0.247876
0.2285
0.230769
0.236763
0.264868
0.1945
0.27
0.2025
0.254491
0.245
0.2435
0.252874
0.2015
0.2465
0.231
0.248627
0.2285
0.213679
0.228
0.222
0.230385
0.230885
0.2345
0.206397
0.262869
0.2055
0.229271
0.029985
0.263605
0.271229
0.2775
0.2105
0.173
0.2555
0.2305
0.226887
0.231
0.2725
0.189905
0.233
0.206897
0.24
0.2025
0.2485
0.294059
0.242258
0.2275
0.130435
0.232384
0.22
0.235
0.242379
0.249251
0.163255
0.251996
0.237144
0.245
0.257114
0.215
0.243878
0.225387
0.217
0.245377
0.2255
0.283358
0.1655
0.249377
0.24
0.232384
0.219
0.2004
0.213393
0.223
0.205397
0.216392
0.01
0.21
0.218391
0.252747
0.241879
0.222167
0.2205
0.196705
0.2615
0.0025
0.0065
0.222
0.242636
0.243756
0.231384
0.234383
0.177645
0.23315
0.2215
0.2285
0.2003
0.238
0.2615
0.236763
0.210895
0.226
0.205397
0.205397
0.246254
0.290355
0.217891
0.2375
0.253373
0.241379
0.17991
0.2235
0.2545
0.2365
0.201899
0.243135
0.251874
0.196304
0.194
0.22089
0.272364
0.246377
0.252374
0.192
0.2265
0.221889
0.2075
0.225549
0.226387
0.214179
0.251874
0.2175
0.2315
0.209895
0.229
0.217391
0.166917
0.2135
0.198
0.218391
0.2375
0.23976
0.182726
0.2225
0.222278
0.264868
0.226
0.2445
0.215285
0.227159
0.243257
0.179231
0.217
0.217391
0.154768
0.243
0.193403
0.242757
0.253
0.202
0.219281
0.2525
0.233
0.267233
0.151349
0.249002
0.199501
0.215392
0.236763
0.210395
0.0044955
0.212
0.147
0.239261
0.2385
0.1825
0.185
0.252
0.281718
0.138
0.226274
0.235
0.243
0.202899
0.206397
0.255372
0.2245
0.242
0.245877
0.231153
0.270365
0.198
0.213786
0.209
0.206191
0.228386
0.215285
0.241
0.1675
0.2515
0.241379
0.226387
0.261869
0.242879
0.291354
0.25
0.223277
0.244
0.247
0.221389
0.2275
0.247
0.2555
0.235882
0.225
0.1985
0.2775
0.25937
0.233
0.2745
0.222666
0.258982
0.00949525
0.207293
0.213
0.21989
0.2135
0.250875
0.00948104
0.2105
0.24
0.237881
0.192
0.213
0.195207
0.202
0.2595
0.192404
0.207792
0.233533
0.190809
0.224
0.236882
0.2215
0.233883
0.1385
0.253373
0.216892
0.2015
0.258
0.2365
0.012987
0.229271
0.1855
0.244
0.209291
0.231884
0.219171
0.250375
0.226
0.2465
0.2495
0.210395
0.257
0.229
0.219
0.185
0.235382
0.152
0.206
0.179231
0.194
0.2375
0.224276
0.145282
0.182409
0.2365
0.00199601
0.227
0.25937
0.2665
0.195
0.22
0.203593
0.15942
0.248004
0.205
0.258371
0.267
0.242379
0.278222
0.21939
0.220779
0.178911
0.2745
0.245
0.2305
0.213393
0.2075
0.282359
0.18
0.170245
0.214893
0.2305
0.241879
0.222889
0.22089
0.203694
0.2315
0.23976
0.201399
0.260739
0.2135
0.245377
0.270365
0.257114
0.0114943
0.0049975
0.244
0.2205
0.227
0.252
0.198801
0.277
0.243257
0.251748
0.204898
0.2335
0.239261
0.229385
0.210895
0.234383
0.256372
0.232767
0.277861
0.251874
0.266
0.239521
0.2235
0.0065
0.231
0.283
0.226161
0.2785
0.203898
0.224888
0.266966
0.251
0.224276
0.2455
0.0044955
0.207896
0.2535
0.25
0.230385
0.219
0.232419
0.263736
0.2495
0.216783
0.2025
0.213287
0.2235
0.226773
0.258612
0.191712
0.179231
0.240759
0.211
0.00349825
0.013
0.227886
0.2003
0.2395
0.210579
0.008
0.272864
0.223054
0.157343
0.206897
0.197401
0.251
0.224
0.237144
0.261608
0.250125
0.210579
0.216
0.219281
0.252874
0.230885
0.219561
0.263736
0.221889
0.257614
0.217391
0.215285
0.216
0.236
0.247006
0.205794
0.235
0.251748
0.215392
0.232
0.193709
0.264868
0.246877
0.254
0.272364
0.217782
0.206294
0.242757
0.195305
0.185407
0.262869
0.2465
0.234
0.0125
0.208978
0.00849575
0.1915
0.241879
0.201995
0.0294705
0.191
0.235882
0.227159
0.148278
0.232384
0.2145
0.16092
0.281718
0.2035
0.236382
0.193
0.177645
0.231
0.2005
0.22028
0.190809
0.254
0.244
0.2295
0.210395
0.278222
0.241
0.23976
0.234032
0.190405
0.266966
0.2295
0.207293
0.255372
0.2805
0.206397
0.208
0.2745
0.24014
0.248503
0.237881
0.22089
0.198801
0.223165
0.2195
0.2195
0.2025
0.221389
0.017991
0.20669
0.23027
0.1805
0.217391
0.22666
0.0089955
0.1905
0.2025
0.206
0.210395
0.205794
0.1835
0.201899
0.2075
0.192807
0.222389
0.2515
0.207396
0.2
0.2465
0.22
0.242379
0.27972
0.213287
0.242
0.232884
0.2395
0.2455
0.279221
0.0205
0.21939
0.212787
0.198
0.200699
0.233883
0.17991
0.259111
0.2435
0.209
0.223
0.215
0.252
0.24014
0.263
0.238143
0.241
0.212
0.2375
0.2545
0.207896
0.182
0.0284858
0.1825
0.261715
0.229385
0.253
0.235764
0.2345
0.209895
0.202797
0.238
0.00449326
0.210895
0.207396
0.269096
0.201198
0.251
0.241379
0.0174651
0.215
0.23315
0.0294705
0.2465
0.27972
0.234032
0.205794
0.221778
0.153347
0.245
0.2525
0.232384
0.2165
0.227386
0.234383
0.250125
0.241379
0.22089
0.256986
0.237381
0.195
0.233
0.22089
0.2515
0.202899
0.2565
0.235764
0.190619
0.244
0.238881
0.269596
0.2245
0.266867
0.201798
0.181319
0.2135
0.216892
0.2355
0.250749
0.243
0.262869
0.245
0.1865
0.173826
0.261738
0.2105
0.21939
0.294059
0.221389
0.224888
0.270365
0.2115
0.2685
0.243257
0.231653
0.269596
0.206897
0.252747
0.245
0.185
0.211
0.224775
0.015
0.220559
0.219
0.2435
0.250499
0.18091
0.18091
0.177411
0.232767
0.246131
0.015
0.197401
0.269
0.255617
0.264603
0.213786
0.241018
0.238381
0.194
0.231884
0.259111
0.225387
0.2835
0.246
0.1815
0.3015
0.228886
0.246
0.2105
0.194306
0.245255
0.197303
0.264735
0.183724
0.185814
0.251748
0.24
0.22977
0.177645
0.156266
0.2165
0.252
0.2235
0.208896
0.225887
0.248503
0.211
0.185
0.228044
0.215285
0.234
0.23976
0.255
0.206
0.238024
0.214286
0.195305
0.221889
0.232
0.183724
0.2455
0.194209
0.2525
0.245
0.18091
0.2335
0.1955
0.213893
0.235529
0.1875
0.252
0.198702
0.215285
0.235
0.231653
0.2505
0.227159
0.277
0.202696
0.2275
0.204398
0.246753
0.196705
0.263868
0.257742
0.235382
0.224
0.204898
0.241879
0.243756
0.242879
0.234032
0.2265
0.212
0.250375
0.203694
0.245255
0.222889
0.226547
0.00799201
0.234883
0.24038
0.241259
0.231
0.2255
0.289
0.230769
0.1945
0.194903
0.237762
0.204898
0.234
0.215285
0.2225
0.232152
0.3015
0.193709
0.166251
0.246
0.0075
0.249251
0.274363
0.211394
0.253873
0.22
0.247376
0.0134933
0.241
0.2615
0.244
0.2495
0.234149
0.198801
0.207896
0.242636
0.232384
0.186
0.2265
0.228543
0.191404
0.233034
0.224
0.219171
0.213893
0.217891
0.268
0.216
0.256743
0.253247
0.220779
0.2445
0.232384
0.00599401
0.166917
0.1955
0.215285
0.2145
0.253247
0.2205
0.272864
0.223165
0.208791
0.256372
0.2575
0.00698952
0.1875
0.204795
0.206
0.236882
0.158
0.2435
0.227273
0.169915
0.283358
0.00899101
0.265367
0.2335
0.254618
0.245255
0.2435
0.173
0.208292
0.215392
0.22
0.2415
0.242379
0.232
0.233883
0.248
0.192807
0.271
0.263368
0.218391
0.243756
0.283358
0.2745
0.231384
0.223
0.210895
0.2345
0.236882
0.2395
0.225774
0.263105
0.267233
0.179231
0.0075
0.259481
0.223
0.2365
0.221389
0.158
0.216892
0.247752
0.233
0.2165
0.153347
0.182
0.258113
0.2235
0.239641
0.246377
0.2275
0.232767
0.0175
0.203398
0.224888
0.218891
0.176412
0.187406
0.246877
0.223665
0.23315
0.264868
0.270865
0.226161
0.171914
0.258242
0.209291
0.227772
0.227886
0.2145
0.294059
0.2095
0.23976
0.282359
0.272727
0.2445
0.2575
0.252
0.223888
0.171914
0.204898
0.232384
0.257114
0.201995
0.215285
0.231653
0.262737
0.235
0.186907
0.2475
0.187906
0.230385
0.2015
0.213393
0.261608
0.251
0.253746
0.215177
0.008
0.243878
0.192
0.194805
0.219171
0.257614
0.243378
0.224
0.232
0.242879
0.2485
0.223
0.241379
0.226547
0.2385
0.227886
0.2465
0.269365
0.226161
0.0075
0.244
0.252122
0.007
0.221389
0.270095
0.268463
0.268366
0.25
0.2135
0.2135
0.214
0.230155
0.230885
0.221889
0.258
0.005
0.249
0.235382
0.221778
0.211
0.219
0.207792
0.238642
0.253873
0.0049975
0.229385
0.261108
0.1755
0.251
0.206
0.248252
0.2755
0.289855
0.2435
0.243
0.2065
0.2455
0.2815
0.210895
0.218064
0.232767
0.2225
0.230155
0.2715
0.21989
0.224
0.220669
0.2635
0.182409
0.256986
0.203898
0.21989
0.2595
0.2375
0.1835
0.246377
0.252374
0.246877
0.204
0.264868
0.185
0.2275
0.265734
0.2375
0.206397
0.219171
0.186
0.226274
0.233766
0.183724
0.00849151
0.2525
0.245877
0.19
0.238381
0.2215
0.2305
0.202298
0.195
0.218391
0.216783
0.00449775
0.2225
0.261608
0.2245
