0.0784216
0.047
0.0665
0.132
0.117383
0.076
0.0175
0.0814593
0.155922
0.0214571
0.136432
0.117
0.1115
0.126873
0.125375
0.175736
0.131434
0.135297
0.0155
0.1005
0.1425
0.179231
0.099351
0.124938
0.0494505
0.0264868
0.071
0.0095
0.0855
0.012987
0.007
0.1045
0.15992
0.0275
0.177
0.043
0.1055
0.0989505
0.096
0.143357
0.133933
0.0284715
0.168916
0.154
0.121878
0.104895
0.0869565
0.114386
0.112718
0.0655
0.0869131
0.1235
0.141929
0.1295
0.1175
0.0095
0.104291
0.127936
0.13986
0.0664668
0.1605
0.102949
0.0814593
0.0065
0.118941
0.158921
0.172914
0.00749251
0.130305
0.143784
0.156
0.0713929
0.015992
0.1535
0.122134
0.176236
0.11982
0.130435
0.00899101
0.0104843
0.109
0.0914543
0.136
0.136863
0.015
0.154
0.1265
0.1395
0.005997
0.1305
0.0189905
0.133733
0.0984508
0.014
0.0985
0.137931
0.163
0.127872
0.1655
0.0989505
0.131934
0.131737
0.008
0.0895
0.1245
0.0605
0.0965
0.111944
0.0665
0.113443
0.100899
0.106
0.095952
0.143
0.121379
0.136
0.0154923
0.0065
0.1435
0.125
0.172741
0.018981
0.0949525
0.153923
0.014
0.0169745
0.137931
0.0129611
0.0135
0.114443
0.095952
0.007
0.032
0.0025
0.163418
0.0354468
0.0134933
0.0224775
0.011
0.1095
0.11
0.0769615
0.143
0.0998502
0.0664004
0.0184815
0.0274863
0.145927
0.0114943
0.0944528
0.125375
0.144356
0.0205
0.1365
0.127
0.014
0.114885
0.1265
0.0643713
0.018
0.0354823
0.153
0.0085
0.124938
0.013993
0.163
0.141
0.101348
0.102
0.0619071
0.103896
0.0695
0.143784
0.123938
0.1715
0.0923615
0.0984508
0.132
0.146427
0.126873
0.007
0.012
0.110445
0.133433
0.119
0.15327
0.121878
0.198702
0.145065
0.1225
0.089955
0.032
0.012987
0.0169915
0.131
0.11
0.0169661
0.0989505
0.159261
0.00549725
0.097951
0.1295
0.0229885
0.097951
0.0845
0.0972569
0.015984
0.151
0.011477
0.133
0.14
0.0095
0.0989505
0.0944528
0.128807
0.132
0.0595
0.0124813
0.112887
0.198702
0.125375
0.0484758
0.0594703
0.1065
0.002997
0.1355
0.0984508
0.142358
0.1025
0.0115
0.104895
0.1005
0.069
0.0604094
0.134933
0.1525
0.121439
0.0144638
0.104843
0.0965
0.12987
0.0135
0.132
0.17991
0.00449326
0.13943
0.0314843
0.0475
0.011988
0.0965
0.091
0.00849575
0.148
0.163
0.114943
0.102
0.0964518
0.113
0.141
0.136
0.028971
0.129
0.017
0.156922
0.137431
0.004
0.0124875
0.0105
0.128372
0.148278
0.111389
0.144
0.132
0.018981
0.134366
0.124376
0.00799201
0.0969031
0.143856
0.189405
0.146927
0.117882
0.158342
0.1195
0.1155
0.121
0.108946
0.185536
0.00849575
0.069
0.1435
0.0869565
0.1
0.153423
0.079
0.139
0.0909091
0.172914
0.177146
0.1465
0.14043
0.0144928
0.0129935
0.129
0.124376
0.168916
0.1275
0.102
0.0525
0.0995
0.161339
0.159
0.136932
0.166251
0.00849575
0.017973
0.11
0.0304695
0.107393
0.11944
0.106947
0.1605
0.0129935
0.121318
0.112
0.102
0.185536
0.105947
0.0854146
0.153923
0.091
0.149925
0.182
0.158342
0.116
0.103345
0.018981
0.129371
0.0214893
0.131369
0.00749625
0.136932
0.127309
0.0205
0.008
0.0923615
0.1265
0.0985
0.00849575
0.097
0.136932
0.0184908
0.1325
0.153423
0.114885
0.0873689
0.159
0.067966
0.01
0.175412
0.009995
0.129935
0.1415
0.104895
0.13523
0.157421
0.121
0.0934533
0.00849575
0.156765
0.093953
0.0134933
0.084
0.1735
0.0944528
0.0104895
0.113443
0.1325
0.1295
0.13037
0.0989505
0.1045
0.03998
0.13986
0.1715
0.124376
0.00898652
0.098
0.016
0.0305
0.134933
0.116942
0.1425
0.12
0.1355
0.136
0.165669
0.0125
0.1004
0.0104948
0.116766
0.0538922
0.0104843
0.0704648
0.107892
0.14678
0.0244878
0.1225
0.164
0.1095
0.143357
0.0085
0.0984508
0.103792
0.133799
0.1345
0.0984016
0.106947
0.1465
0.0465
0.122754
0.00549725
0.137431
0.01999
0.00899101
0.14093
0.121439
0.158
0.009
0.0509745
0.139
0.1245
0.0834583
0.1355
0.1335
0.136364
0.0164835
0.114443
0.012
0.1225
0.05997
0.0135
0.0275
0.048951
0.0144638
0.0069965
0.0235
0.0115
0.102
0.093
0.136432
0.0924538
0.0989011
0.034
0.114
0.141929
0.035964
0.108946
0.156422
0.142429
0.0325
0.1005
0.01999
0.145854
0.0234883
0.115942
0.141929
0.164336
0.0114943
0.122439
0.0909545
0.1525
0.0104895
0.012987
0.0985
0.1405
0.0129935
0.0169915
0.131
0.144
0.0944528
0.15
0.112944
0.015
0.106447
0.1275
0.0749625
0.0509745
0.157921
0.0324351
0.012475
0.044955
0.034
0.175412
0.173913
0.126437
0.0703944
0.098
0.133
0.0985
0.145927
0.136
0.1155
0.0965
0.129371
0.1335
0.127
0.121318
0.012987
0.15
0.148
0.139
0.157421
0.131434
0.048
0.0914543
0.091
0.1305
0.1515
0.1245
0.0144928
0.018
0.1
0.1085
0.0424152
0.0384808
0.148851
0.134798
0.116326
0.0214785
0.0809191
0.0155
0.124875
0.101796
0.123
0.00849575
0.152
0.155422
0.1
0.0828757
0.00949525
0.00899101
0.0354823
0.107
0.0898652
0.117
0.13
0.093
0.100899
0.0965
0.158
0.136432
0.106947
0.0049975
0.152348
0.0195
0.0878244
0.123377
0.105894
0.132
0.0959041
0.101898
0.123938
0.0703944
0.0065
0.0993014
0.09995
0.085
0.129741
0.0695
0.13986
0.119
0.0354823
0.179231
0.117441
0.013993
0.0355
0.0185
0.011
0.0725
0.122
0.11982
0.150275
0.131434
0.0829585
0.1505
0.1075
0.0109945
0.1155
0.165669
0.0125
0.01
0.00849151
0.18032
0.143428
0.0175
0.0985
0.0145
0.0044955
0.0169915
0.0189715
0.0809191
0.071
0.0154923
0.0104895
0.002997
0.1445
0.0985
0.017982
0.112718
0.166
0.0914543
0.1085
0.124875
0.0734266
0.00749625
0.155422
0.0205
0.164
0.0414793
0.145427
0.034414
0.143357
0.1685
0.08
0.102
0.136932
0.156765
0.0695
0.0914086
0.137
0.136432
0.172914
0.0205
0.1135
0.1425
0.09995
0.0923615
0.011988
0.0109945
0.005
0.152348
0.1695
0.191904
0.1235
0.125686
0.0209895
0.102949
0.137931
0.0985
0.015976
0.15035
0.0984508
0.1075
0.147926
0.0174825
0.0814593
0.0175
0.0729271
0.127436
0.021
0.1555
0.105447
0.00749251
0.145927
0.007996
0.163337
0.119143
0.0809191
0.0894553
0.0135
0.007996
0.0109945
0.008
0.166
0.0234883
0.0174564
0.0845
0.00849575
0.1415
0.1195
0.0938124
0.086
0.1425
0.0664004
0.145065
0.0769615
0.0989505
0.127936
0.0912718
0.00499002
0.031
0.122754
0.0244633
0.175412
0.177146
0.137931
0.14
0.0245
0.139
0.125375
0.1655
0.10684
0.116442
0.107892
0.13
0.026973
0.0114943
0.00649026
0.14985
0.0914086
0.093
0.10684
0.115
0.1575
0.126437
0.1435
0.113
0.019
0.147426
0.139
0.161838
0.156188
0.024
0.124875
0.05
0.0085
0.0965
0.017991
0.119321
0.142929
0.00898652
0.122877
0.0934533
0.162919
0.0988517
0.012987
0.1245
0.0244878
0.0114943
0.09995
0.0144928
0.152847
0.0449775
0.116825
0.121318
0.1555
0.112718
0.0625
0.129935
0.153
0.1395
0.141929
0.00998502
0.0229885
0.14985
0.0129611
0.0655
0.081959
0.0104948
0.137
0.1075
0.114
0.047
0.0244633
0.1235
0.091954
0.0169661
0.127
0.0809191
0.0089955
0.132
0.103896
0.191904
0.147926
0.047
0.137
0.167333
0.0504496
0.12681
0.104948
0.04
0.113
0.16
0.137931
0.121878
0.1075
0.1275
0.0209895
0.121439
0.124438
0.0085
0.0695
0.141929
0.148851
0.148
0.013993
0.0503992
0.100849
0.0364453
0.174913
0.011994
0.0144928
0.1355
0.022
0.113443
0.075
0.0224775
0.107
0.09336
0.122
0.0209895
0.134933
0.129935
0.142
0.1655
0.069
0.015992
0.125686
0.0473815
0.13986
0.00549176
0.1465
0.124875
0.110889
0.106447
0.151424
0.136932
0.136296
0.007996
0.0995
0.156922
0.032
0.032
0.107
0.0075
0.124875
0.007996
0.0993014
0.103397
0.0923615
0.137725
0.1295
0.0704648
0.163418
0.017982
0.127936
0.104
0.148851
0.0589705
0.142715
0.123814
0.0909091
0.088
0.134
0.036
0.129
0.146427
0.175
0.0509236
0.1445
0.0575
0.09336
0.047
0.104396
0.16675
0.0504748
0.0375
0.0234765
0.167333
0.14678
0.173913
0.145
0.123
0.012
0.0374438
0.177146
0.0125
0.108
0.00799201
0.156422
0.152272
0.161178
0.013993
0.1365
0.114443
0.0085
0.109445
0.173
0.091
0.0989011
0.1555
0.1585
0.004
0.0205
0.0104948
0.010989
0.1275
0.097951
0.146853
0.105947
0.019
0.123
0.149
0.004
0.158921
0.069
0.0504748
0.164418
0.00748503
0.041979
0.125
0.0435
0.150425
0.152847
0.157
0.152924
0.161178
0.132
0.00899101
0.149925
0.012
0.024
0.0134731
0.0414793
0.15992
0.0749251
0.0285
0.0114885
0.131369
0.00499002
0.0105
0.0589411
0.0539191
0.01999
0.0869131
0.1005
0.0978044
0.135432
0.1655
0.0793809
0.0085
0.105447
0.1075
0.137363
0.047
0.0275
0.1365
0.0738892
0.1
0.144
0.1275
0.0285
0.084
0.143856
0.176823
0.109445
0.105
0.134933
0.128372
0.1665
0.0375
0.128807
0.011477
0.010479
0.027
0.146354
0.179231
0.174913
0.0999001
0.0994006
0.1225
0.172
0.091
0.165
0.130435
0.0194708
0.129935
0.0375
0.014
0.0075
0.017973
0.141
0.1
0.013
0.0244878
0.153
0.007
0.0934533
0.15992
0.129935
0.006
0.157421
0.082
0.137793
0.147
0.131868
0.0809595
0.157264
0.134
0.125375
0.1655
0.0114885
0.1675
0.0189905
0.026973
0.012
0.111444
0.159
0.013993
0.137931
0.103
0.0629685
0.1155
0.0175
0.1355
0.175736
0.0169915
0.143357
0.1155
0.1685
0.1425
0.1665
0.00749251
0.1085
0.00599401
0.131737
0.0125
0.102
0.0955
0.1715
0.0355
0.0105
0.16
0.1285
0.138931
0.013986
0.0135
0.1085
0.1705
0.0164835
0.0909091
0.103792
0.0125
0.099
0.112
0.0125
0.0985
0.121878
0.0174564
0.156922
0.0805
0.0234883
0.103448
0.0104948
0.1305
0.018
0.14985
0.0095
0.13
0.0959041
0.0364453
0.147852
0.138792
0.111832
0.00799201
0.110445
0.0134731
0.0294853
0.120879
0.159
0.127872
0.0069965
0.101
0.118382
0.14043
0.0674663
0.1495
0.0105
0.113943
0.156922
0.1655
0.0854146
0.0135
0.098
0.17973
0.1315
0.1495
0.117265
0.0144783
0.119143
0.15
0.117383
0.0749625
0.147926
0.0804598
0.102
0.142715
0.017982
0.0224775
0.013979
0.0175
0.1025
0.112944
0.126937
0.152348
0.1355
0.00749251
0.0435
0.143784
0.101348
0.0025
0.002997
0.127936
0.0205
0.1045
0.1245
0.124938
0.0765
0.0594703
0.0294853
0.148851
0.0049975
0.12
0.127808
0.1245
0.13986
0.156843
0.143
0.0194708
0.1335
0.0495
0.022
0.1405
0.0515
0.0069965
0.147426
0.0964518
0.013979
0.153846
0.137
0.014985
0.175237
0.139
0.116
0.152424
0.154923
0.125
0.00549451
0.121318
0.0969515
0.176236
0.0085
0.085
0.159341
0.103448
0.103448
0.0999001
0.00649675
0.142429
0.121197
0.15035
0.16
0.0109835
0.0989011
0.111
0.143
0.091
0.0745
0.152847
0.00848727
0.018
0.144928
0.123377
0.118441
0.141359
0.007
0.150425
0.181228
0.086
0.01
0.0475
0.103397
0.107946
0.005
0.104448
0.0435
0.0839161
0.1515
0.1535
0.008
0.178411
0.0149925
0.106947
0.1275
0.14985
0.1595
0.136932
0.143856
0.1265
0.148851
0.02
0.145427
0.121439
0.164918
0.0189905
0.0959041
0.0184631
0.098
0.0075
0.084
0.1495
0.010479
0.0674663
0.143357
0.174913
0.1295
0.0619071
0.0515
0.067966
0.0837905
0.0124875
0.011477
0.147426
0.016
0.1195
0.0914543
0.1155
0.144356
0.005
0.0989011
0.111832
0.04
0.157921
0.0914086
0.111832
0.011994
0.128807
0.1405
0.0104948
0.1655
0.073963
0.136932
0.1365
0.121756
0.00949525
0.0969515
0.0164835
0.12094
0.003996
0.023988
0.116
0.00749625
0.126437
0.0873689
0.0775
0.1165
0.0989011
0.0204898
0.171914
0.1095
0.141929
0.146208
0.0085
0.127808
0.00799201
0.1215
0.0175
0.0912718
0.142929
0.167916
0.151
0.171914
0.0284715
0.1185
0.0945
0.1005
0.005997
0.1295
0.133367
0.131369
0.124938
0.137862
0.111944
0.0918622
0.0154845
0.153423
0.013979
0.105894
0.153846
0.0903645
0.017973
0.13986
0.115884
0.141
0.128
0.095952
0.088
0.0938124
0.121197
0.088
0.0069965
0.14985
0.1045
0.156922
0.023
0.0775
0.0565
0.0204898
0.1505
0.0949525
0.14
0.044955
0.133733
0.0224775
0.148
0.125874
0.084
0.0969515
0.0164918
0.132
0.152847
0.136932
0.0964518
0.129371
0.0839161
0.0855
0.1195
0.0444778
0.148
0.114885
0.146354
0.015984
0.0995
0.136932
0.1035
0.145
0.0909091
0.1045
0.011988
0.138931
0.017973
0.136932
0.1445
0.00649675
0.0494505
0.0085
0.137
0.152424
0.171329
0.081959
0.136932
0.0829171
0.0829585
0.131434
0.124251
0.127872
0.104
0.00949525
0.0025
0.128871
0.151772
0.0095
0.0154923
0.156188
0.033
0.102949
0.115942
0.00949525
0.15942
0.1415
0.012987
0.16675
0.0169915
0.1055
0.009995
0.086
0.0129935
0.105894
0.0324675
0.084
0.124376
0.0114885
0.0125
0.156922
0.0175
0.0734266
0.152
0.0934066
0.0214678
0.095952
0.0693959
0.164
0.09995
0.1455
0.0214893
0.1255
0.018
0.0135
0.1455
0.167333
0.184723
0.0505
0.0509745
0.11982
0.11039
0.150425
0.0069965
0.138293
0.085
0.0414793
0.041979
0.0984508
0.1305
0.0538922
0.118382
0.146354
0.173913
0.141429
0.159
0.011988
0.116
0.097
0.00149925
0.1285
0.122439
0.0229885
0.0575
0.033
0.0944528
0.1575
0.125375
0.014
0.152348
0.041
0.124875
0.17973
0.0164918
0.0155
0.00899101
0.144
0.138931
0.1155
0.0914086
0.112774
0.031984
0.0999001
0.005997
0.108946
0.13
0.0154691
0.0025
0.121
0.0065
0.09995
0.013986
0.124938
0.0249626
0.0089955
0.00749625
0.103448
0.133933
0.0998502
0.1235
0.011982
0.005997
0.146853
0.0259611
0.161339
0.0164918
0.1605
0.109391
0.141429
0.11477
0.091954
0.137793
0.167916
0.0839161
0.117882
0.113943
0.128936
0.0895
0.135796
0.0164835
0.115884
0.1395
0.0189905
0.004
0.0324838
0.0575
0.103896
0.139361
0.125
0.133933
0.168916
0.113443
0.1735
0.135
0.152424
0.00849151
