0.282359
0.2425
0.256872
0.2165
0.32
0.0044955
0.0125
0.2635
0.290564
0.2345
0.276
0.2085
0.284216
0.2715
0.2555
0.256372
0.216284
0.008
0.273726
0.249375
0.245877
0.2465
0.2645
0.227886
0.275724
0.269
0.257
0.23
0.227386
0.211394
0.285072
0.263605
0.248
0.26037
0.0125
0.28086
0.245377
0.246377
0.226161
0.271956
0.005997
0.313843
0.241379
0.253992
0.261
0.1875
0.224276
0.2245
0.262369
0.227386
0.2435
0.31934
0.2115
0.306347
0.281718
0.256372
0.220779
0.238381
0.3035
0.234765
0.190405
0.252
0.288
0.239
0.315185
0.181
0.247505
0.243878
0.279221
0.277861
0.263605
0.294853
0.258371
0.295
0.277
0.250375
0.251748
0.2295
0.203
0.229885
0.274
0.283
0.253247
0.25974
0.290419
0.2535
0.268866
0.276224
0.28971
0.2475
0.00749251
0.273726
0.244878
0.2605
0.2615
0.242137
0.258612
0.2075
0.289
0.257
0.249375
0.251
0.181
0.242016
0.22666
0.207792
0.2175
0.235647
0.2455
0.234883
0.282359
0.2635
0.26973
0.218173
0.1965
0.242879
0.251874
0.28
0.242379
0.2985
0.266101
0.232
0.2595
0.2535
0.22977
0.2215
0.292
0.250375
0.274363
0.223888
0.263709
0.2415
0.265367
0.218891
0.2775
0.2925
0.276
0.247752
0.278222
0.2605
0.0379431
0.2725
0.238262
0.215
0.2665
0.2485
0.237026
0.265
0.2545
0.2435
0.238262
0.258871
0.286357
0.263709
0.252374
0.249501
0.265867
0.246377
0.2755
0.253373
0.220779
0.238143
0.254246
0.2075
0.23938
0.2455
0.2065
0.2555
0.1655
0.315185
0.2245
0.251874
0.249626
0.2195
0.288
0.218
0.299201
0.215784
0.277584
0.274588
0.246377
0.268731
0.254
0.296555
0.247
0.1555
0.252248
0.270365
0.228
0.2545
0.24501
0.22
0.273227
0.215784
0.223776
0.248
0.232651
0.254873
0.258483
0.24026
0.247629
0.27
0.231884
0.27023
0.277722
0.258113
0.264236
0.26
0.277861
0.2875
0.245377
0.2675
0.197
0.2485
0.2395
0.251249
0.248876
0.29
0.256986
0.26
0.244
0.257243
0.22977
0.2715
0.1945
0.296852
0.253247
0.294558
0.228386
0.211394
0.2635
0.288212
0.210185
0.265
0.255
0.249
0.227545
0.205
0.0025
0.257
0.266
0.211894
0.0105
0.253746
0.252374
0.230769
0.293853
0.173566
0.239
0.2405
0.2355
0.269
0.218282
0.2405
0.248376
0.254873
0.2465
0.2505
0.131
0.2615
0.2415
0.226547
0.278721
0.233
0.224
0.277
0.226
0.2675
0.2215
0.23938
0.257871
0.296852
0.231
0.249875
0.2285
0.224388
0.28493
0.232884
0.215784
0.2575
0.25
0.1995
0.318522
0.183408
0.173413
0.2675
0.19321
0.214893
0.228386
0.263105
0.244256
0.247752
0.2385
0.246753
0.256
0.2935
0.255872
0.2645
0.222278
0.218891
0.00848727
0.325187
0.239261
0.263
0.300699
0.195402
0.252122
0.2575
0.248876
0.275862
0.005997
0.253873
0.232
0.287
0.270729
0.204
0.255245
0.2675
0.285857
0.259
0.0085
0.232384
0.2895
0.223776
0.278443
0.220779
0.292
0.007
0.238381
0.273227
0.2775
0.252874
0.230769
0.23
0.2585
0.0025
0.234
0.2835
0.241
0.296056
0.271364
0.249126
0.2705
0.189
0.279221
0.2745
0.242757
0.185907
0.237881
0.2595
0.2255
0.237881
0.252374
0.236527
0.192404
0.235882
0.248252
0.284216
0.2445
0.2575
0.2425
0.262369
0.239261
0.00649675
0.2375
0.221279
0.2285
0.242
0.216
0.243878
0.278222
0.223776
0.265867
0.290355
0.237525
0.222167
0.256372
0.228
0.276946
0.007
0.188
0.2425
0.2705
0.2665
0.00799201
0.257
0.2235
0.231884
0.273726
0.2625
0.230885
0.252248
0.249
0.203
0.221279
0.284358
0.2355
0.2505
0.223165
0.246877
0.2795
0.1945
0.227886
0.313
0.29
0.249875
0.2345
0.263
0.2325
0.195402
0.296407
0.230885
0.2505
0.25
0.232884
0.258871
0.237881
0.1685
0.290419
0.255
0.2105
0.208292
0.2545
0.290564
0.269596
0.2205
0.255872
0.284358
0.2495
0.212681
0.207792
0.2615
0.230769
0.2175
0.0044955
0.269461
0.249875
0.0045
0.273227
0.2585
0.2415
0.255
0.0164835
0.266966
0.237881
0.234765
0.29021
0.271
0.236763
0.262369
0.229271
0.271956
0.2505
0.2805
0.2405
0.29021
0.265102
0.242879
0.253
0.249875
0.288423
0.22666
0.2405
0.283
0.245255
0.244
0.246377
0.3025
0.261869
0.229271
0.245255
0.232767
0.25362
0.261108
0.268731
0.247629
0.28008
0.2095
0.288
0.0105
0.271
0.268866
0.266966
0.224388
0.2365
0.2395
0.2385
0.270865
0.308
0.2575
0.2985
0.238381
0.256
0.2235
0.223
0.22977
0.2785
0.242515
0.2445
0.243
0.2065
0.236382
0.3035
0.273726
0.234266
0.3045
0.236382
0.309
0.205397
0.271
0.247505
0.263868
0.256986
0.24
0.00949051
0.2275
0.258
0.2525
0.237
0.308
0.270365
0.252374
0.00598504
0.273453
0.287712
0.2325
0.244134
0.203398
0.2665
0.2305
0.223388
0.294853
0.234
0.276224
0.2
0.234149
0.248876
0.2065
0.253
0.2585
0.2675
0.272455
0.24975
0.215784
0.0075
0.2295
0.2355
0.2695
0.277584
0.259611
0.245377
0.258871
0.231884
0.261869
0.177234
0.255372
0.2895
0.212394
0.224663
0.2525
0.233
0.237525
0.245377
0.286
0.26
0.274588
0.255245
0.268731
0.258371
0.233
0.251748
0.2615
0.2925
0.252
0.247129
0.201899
0.284
0.251
0.288
0.258871
0.2775
0.246131
0.0105
0.26497
0.283
0.263368
0.245132
0.24
0.284858
0.263605
0.265
0.2005
0.288068
0.192404
0.308
0.205794
0.296056
0.009
0.273
0.270865
0.23365
0.2955
0.222666
0.232767
0.192404
0.2715
0.248876
0.291
0.267366
0.255
0.234883
0.264368
0.0055
0.236
0.251249
0.2515
0.210789
0.227386
0.253746
0.245377
0.2555
0.230769
0.226
0.243878
0.277361
0.267
0.242757
0.268866
0.27936
0.270729
0.297351
0.227273
0.177
0.2195
0.253
0.174825
0.2685
0.263368
0.197
0.275362
0.282
0.277722
0.251249
0.2915
0.2395
0.252374
0.2595
0.235265
0.007
0.263368
0.236763
0.233383
0.24088
0.2925
0.246
0.251374
0.268731
0.274089
0.283
0.2405
0.24501
0.265867
0.262606
0.2745
0.2625
0.273726
0.290355
0.272364
0.244256
0.218064
0.234383
0.273726
0.302546
0.261
0.271
0.2655
0.2535
0.22
0.237
0.244755
0.274
0.243635
0.245377
0.281859
0.0045
0.234266
0.213
0.2675
0.0045
0.252747
0.256372
0.294353
0.215784
0.229385
0.242757
0.23976
0.213965
0.249501
0.284
0.273726
0.269231
0.232384
0.266867
0.249501
0.2225
0.237
0.0045
0.218173
0.197
0.2485
0.205794
0.266733
0.183816
0.2505
0.251623
0.291063
0.274363
0.269231
0.287282
0.23
0.209685
0.231884
0.255
0.289066
0.262737
0.263605
0.270865
0.3015
0.262107
0.0264868
0.2295
0.2465
0.287282
0.294558
0.287
0.234383
0.283
0.219
0.261738
0.2145
0.222278
0.239261
0.271956
0.251
0.267866
0.216675
0.247876
0.2735
0.2695
0.307346
0.211394
0.249875
0.2545
0.274
0.246
0.270865
0.351149
0.257855
0.2435
0.275724
0.274588
0.245255
0.227386
0.258371
0.296352
0.0124938
0.287356
0.276723
0.2475
0.25937
0.2325
0.230885
0.216284
0.221667
0.248876
0.2395
0.235
0.275587
0.261869
0.246877
0.262737
0.2215
0.29021
0.232
0.241638
0.2415
0.293706
0.218891
0.252747
0.231768
0.277861
0.255872
0.262869
0.2705
0.267
0.270865
0.235265
0.2675
0.296352
0.190905
0.263736
0.307346
0.279221
0.276086
0.244134
0.2535
0.282218
0.258371
0.239
0.2605
0.264236
0.270365
0.26
0.276723
0.2515
0.23976
0.190905
0.251249
0.218282
0.2215
0.007996
0.2735
0.269
0.261
0.2705
0.269596
0.2445
0.2745
0.194
0.285
0.212394
0.270365
0.251748
0.255245
0.0044955
0.248376
0.2055
0.229
0.2335
0.2275
0.228771
0.263368
0.2575
0.254873
0.202399
0.2465
0.309
0.2635
0.245
0.255
0.2335
0.2805
0.26973
0.249375
0.263368
0.275724
0.188
0.29935
0.258
0.252374
0.271728
0.24975
0.0184815
0.024
0.264735
0.293413
0.226
0.289
0.26037
0.255
0.292
0.248
0.283
0.259
0.248878
0.25974
0.239261
0.288
0.274
0.248128
0.201798
0.195402
0.15976
0.237762
0.271728
0.277584
0.232
0.2385
0.2705
0.269365
0.287712
0.227
0.224276
0.266733
0.224
0.2295
0.255372
0.2665
0.245132
0.286
0.235147
0.2685
0.271
0.2925
0.2765
0.274
0.275
0.284
0.241379
0.235265
0.251
0.224388
0.253746
0.255
0.31
0.251249
0.27
0.257371
0.259241
0.2435
0.213
0.2935
0.254119
0.2455
0.27
0.264735
0.0124938
0.2655
0.280938
0.258871
0.255489
0.291
0.252
0.252248
0.265867
0.259611
0.28008
0.2775
0.2265
0.290855
0.258242
0.228
0.2505
0.28086
0.257855
0.2595
0.2765
0.294
0.294853
0.236882
0.319
0.269596
0.278361
0.288856
0.256743
0.222
0.252248
0.2615
0.245
0.232767
0.268
0.237144
0.251374
0.17991
0.28086
0.263105
0.272319
0.207792
0.2365
0.251874
0.285
0.300699
0.256372
0.243378
0.235147
0.2175
0.223776
0.249875
0.243635
0.292914
0.247006
0.297351
0.177
0.257371
0.223665
0.282218
0.285857
0.245877
0.254873
0.0125
0.231884
0.2795
0.2705
0.275
0.2535
0.309381
0.263237
0.261239
0.223165
0.251996
0.247876
0.285
0.2435
0.246254
0.238761
0.2745
0.223
0.2665
0.281859
0.196304
0.212
0.177234
0.2405
0.2235
0.2295
0.293706
0.248876
0.263
0.266
0.270729
0.2935
0.285572
0.292
0.28971
0.258371
0.2865
0.255
0.257371
0.270865
0.00748503
0.248
0.241379
0.249875
0.2615
0.273726
0.2575
0.256372
0.240759
0.248
0.265102
0.245377
0.278222
0.24088
0.258242
0.210895
0.2635
0.178322
0.252747
0.313843
0.277722
0.262606
0.261
0.205
0.226161
0.245877
0.2625
0.273453
0.222
0.24501
0.263
0.23
0.253373
0.253992
0.244
0.290065
0.2525
0.246377
0.2575
0.0055
0.288
0.24975
0.2385
0.246377
0.255
0.257
0.293207
0.307
0.277722
0.231153
0.2435
0.296352
0.213
0.2625
0.2215
0.24088
0.283
0.0105
0.238
0.215
0.256615
0.273227
0.265867
0.2635
0.2705
0.227
0.2435
0.256372
0.0135
0.304848
0.21
0.242757
0.214678
0.267599
0.227046
0.305347
0.293853
0.253746
0.2845
0.26
0.252
0.274588
0.286
0.294558
0.247876
0.25362
0.24
0.261738
0.231884
0.2695
0.2545
0.2009
0.2605
0.27581
0.254
0.28008
0.2345
0.2115
0.256372
0.0105
0.258
0.2295
0.251
0.251748
0.247129
0.265867
0.265367
0.252
0.0185
0.249875
0.223776
0.2235
0.245255
0.248
0.297702
0.266733
0.210185
0.256244
0.266
0.243635
0.293413
0.242258
0.263105
0.271
0.31934
0.23004
0.227159
0.242
0.273363
0.24975
0.281859
0.2995
0.282359
0.264735
0.275
0.258483
0.259611
0.254618
0.272364
0.0115
0.291563
0.2755
0.255872
0.259611
0.2515
0.2605
0.286
0.174825
0.224663
0.23976
0.246
0.238381
0.232651
0.232
0.252122
0.2445
0.261738
0.265367
0.177822
0.2565
0.24
0.256872
0.273363
0.269865
0.269596
0.0234648
0.263
0.00799201
0.26
0.1855
0.303848
0.202
0.278222
0.242757
0.012987
0.286
0.273453
0.28
0.188906
0.2495
0.314343
0.2615
0.220779
0.2295
0.210895
0.2585
0.254873
0.235882
0.2175
0.2755
0.2705
0.0194903
0.302349
0.2405
0.232651
0.236382
0.2175
0.251249
0.301048
0.265
0.266867
0.243635
0.286214
0.221446
0.265867
0.225887
0.249875
0.2085
0.265734
0.271728
0.269
0.25987
0.227159
0.2775
0.305347
0.253873
0.246
0.2625
0.131
0.2175
0.2745
0.2925
0.2925
0.245377
0.223888
0.227386
0.258871
0.251
0.302849
0.239261
0.2895
0.245377
0.247876
0.249
0.244
0.221889
0.243
0.272
0.2265
0.007996
0.2335
0.265102
0.288567
0.265867
0.287
0.258113
0.257
0.206
0.246131
0.231884
0.244256
0.2235
0.2295
0.2965
0.277223
0.256615
0.28971
0.0105
0.262869
0.281859
0.2765
0.253746
0.272
0.296352
0.201899
0.2765
0.2545
0.231537
0.279
0.2935
0.245877
0.2755
0.183816
0.256743
0.216
0.241
0.2905
0.265867
0.251
0.269461
0.219
0.2275
0.2435
0.18672
0.214893
0.280719
0.231
0.2125
0.239261
0.2075
0.0075
0.2565
0.258871
0.242757
0.271728
0.286357
0.266966
0.281578
0.241
0.270365
0.2465
0.2725
0.241879
0.229385
0.264868
0.250125
0.283358
0.252874
0.255
0.294853
0.2625
0.261
0.243
0.194
0.273726
0.241
0.249626
0.212681
0.287
0.252122
0.2105
0.228044
0.274
0.208687
0.265734
0.195402
0.234883
0.297351
0.2395
0.275225
0.280938
0.258242
0.255
0.29021
0.271
0.2895
0.243
0.241259
0.2065
0.2675
0.247129
0.164918
0.0075
0.271
0.268866
0.00649675
0.2775
0.244
0.2735
0.270189
0.228886
0.277722
0.248876
0.2615
0.285572
0.223
0.2605
0.278443
0.2915
0.271728
0.296555
0.24038
0.255117
0.232036
0.243378
0.284858
0.208896
0.281859
0.2345
0.231653
0.0055
0.215
0.244878
0.287
0.241758
0.3225
0.296352
0.242757
0.218
0.208
0.213393
0.256
0.268866
0.288356
0.269
0.232
0.251374
0.232384
0.28
0.262974
0.273
0.249375
0.278222
0.275362
0.255872
0.245877
0.2265
0.2845
0.252374
0.304848
0.281
0.2885
0.263868
0.271728
0.240759
0.2035
0.254246
0.006
0.255117
0.233883
0.247505
0.202595
0.2085
0.253746
0.263605
0.210395
0.2595
0.258113
0.2565
0.226887
0.2585
0.27
0.289
0.263368
0.2415
0.231884
0.275862
0.2465
0.253746
0.244878
0.237263
0.237881
0.2545
0.270729
0.283358
0.304848
0.2455
0.213
0.217673
0.249626
0.218282
0.304848
0.19321
0.1945
0.236
0.262369
0.2675
0.223165
0.2575
0.247253
0.2705
0.247752
0.272727
0.2885
0.286357
0.254873
0.271364
0.252374
0.288356
0.28657
0.0185
0.27
0.237762
0.232884
0.244878
0.255245
0.289355
0.2295
0.232884
0.24
0.244
