0.204898
0.195
0.252874
0.227
0.004
0.2595
0.170744
0.1895
0.2315
0.251249
0.235
0.245754
0.2545
0.220779
0.244
0.169
0.239
0.225662
0.241138
0.2685
0.2004
0.23988
0.196
0.252994
0.221889
0.2295
0.226387
0.256
0.2055
0.227
0.236
0.184316
0.235382
0.218391
0.242879
0.2395
0.1999
0.2535
0.220559
0.219171
0.232884
0.217782
0.2275
0.181818
0.253873
0.237644
0.00599101
0.236763
0.208896
0.226
0.216
0.2
0.213786
0.229
0.262107
0.254373
0.2055
0.209685
0.2475
0.208292
0.226
0.1685
0.2455
0.251874
0.202
0.2355
0.225774
0.27986
0.015984
0.218391
0.209291
0.239141
0.240639
0.188312
0.217456
0.273363
0.24
0.26
0.206793
0.181818
0.247
0.2305
0.1965
0.193307
0.209
0.2825
0.237263
0.192
0.229271
0.241879
0.243378
0.254364
0.249875
0.236382
0.243756
0.204898
0.2475
0.239141
0.189405
0.250875
0.206
0.0075
0.2105
0.198401
0.2255
0.23938
0.23976
0.190714
0.222389
0.246753
0.2235
0.269
0.2005
0.219
0.2335
0.238881
0.21507
0.232535
0.237881
0.27986
0.285857
0.226387
0.195
0.212894
0.1955
0.217891
0.242379
0.174913
0.2405
0.21939
0.22039
0.220779
0.201597
0.24975
0.15942
0.243378
0.2275
0.28016
0.229271
0.1975
0.283358
0.237762
0.255
0.195305
0.268098
0.229885
0.1915
0.206294
0.218391
0.22028
0.188
0.188406
0.172914
0.234383
0.245877
0.213393
0.148
0.256
0.0069965
0.218953
0.214
0.2595
0.289355
0.23027
0.2455
0.005997
0.240639
0.26
0.011
0.188811
0.210185
0.243878
0.2355
0.271864
0.188811
0.218672
0.00649675
0.261
0.2195
0.177411
0.0125
0.2465
0.2125
0.263868
0.252
0.2435
0.185315
0.208292
0.158
0.223
0.2235
0.222278
0.191
0.228272
0.220779
0.166917
0.2125
0.237525
0.204398
0.15942
0.255872
0.176412
0.257614
0.222278
0.2125
0.1995
0.238881
0.226161
0.24
0.219
0.211
0.226773
0.199
0.2475
0.2165
0.225774
0.213573
0.221389
0.272092
0.232152
0.239
0.254364
0.2275
0.182
0.2585
0.246131
0.263
0.1955
0.242
0.227
0.254
0.29
0.186314
0.224388
0.0065
0.205397
0.252
0.2125
0.203
0.0234648
0.1895
0.226
0.229
0.22039
0.207896
0.0124875
0.00999001
0.216
0.236763
0.206
0.2165
0.255372
0.24
0.019
0.231768
0.278361
0.197303
0.00749625
0.197901
0.221168
0.254618
0.2695
0.231884
0.209
0.256372
0.2205
0.227659
0.232384
0.242258
0.014985
0.213074
0.24
0.240519
0.197106
0.265734
0.2025
0.2055
0.216392
0.23988
0.2825
0.264735
0.252
0.217391
0.2305
0.2545
0.007
0.2345
0.225774
0.226773
0.0135
0.173413
0.247876
0.246753
0.169246
0.2345
0.22394
0.242
0.258
0.243878
0.258
0.264868
0.214
0.241379
0.237144
0.0095
0.248376
0.2335
0.232884
0.2825
0.2725
0.225774
0.257
0.0184815
0.172414
0.198401
0.264
0.24014
0.241879
0.1995
0.229
0.24
0.226
0.0345
0.258242
0.213
0.243378
0.231
0.22006
0.193307
0.217283
0.247876
0.218391
0.014985
0.262
0.235882
0.215392
0.185814
0.258242
0.2025
0.0095
0.194
0.208
0.276723
0.21995
0.243378
0.263
0.204795
0.2255
0.25025
0.00598802
0.207792
0.257614
0.208396
0.210895
0.23027
0.262606
0.1965
0.235382
0.2215
0.2665
0.228044
0.203297
0.192
0.207792
0.252
0.158921
0.271864
0.215392
0.251623
0.229
0.198401
0.262107
0.2545
0.253746
0.0114885
0.231
0.25
0.197204
0.21995
0.258612
0.241879
0.164835
0.25025
0.254873
0.270365
0.258871
0.20979
0.2235
0.227
0.1935
0.228
0.229
0.2245
0.187032
0.191404
0.229271
0.232884
0.191404
0.248252
0.2335
0.238
0.203491
0.270365
0.250499
0.214
0.236
0.253992
0.2335
0.232
0.227
0.243878
0.17973
0.155345
0.267
0.242258
0.011988
0.2075
0.253
0.253873
0.256372
0.025
0.227273
0.2205
0.209395
0.183908
0.263868
0.1795
0.215392
0.229271
0.2295
0.233416
0.24663
0.187
0.264
0.277
0.231
0.227886
0.206
0.225
0.212894
0.230885
0.230885
0.197303
0.1945
0.009
0.216392
0.241138
0.23976
0.229
0.232152
0.188811
0.224388
0.205192
0.243878
0.0125
0.223665
0.188406
0.249
0.207792
0.214
0.1875
0.262606
0.221889
0.213
0.209
0.185814
0.238761
0.232884
0.2205
0.252621
0.257614
0.227
0.184316
0.253373
0.0125
0.271864
0.20979
0.193307
0.193
0.216783
0.2585
0.2155
0.2235
0.233416
0.256372
0.2335
0.211894
0.265
0.231384
0.200799
0.231768
0.2205
0.193
0.207688
0.25
0.187
0.15
0.233
0.2055
0.162419
0.265734
0.189405
0.213
0.2004
0.2085
0.249126
0.196902
0.235382
0.190714
0.184316
0.237
0.285857
0.238
0.247253
0.262107
0.238381
0.265968
0.2145
0.200799
0.25
0.184316
0.261108
0.229156
0.2575
0.235
0.1925
0.237144
0.238881
0.284216
0.193
0.251249
0.201697
0.258741
0.271364
0.195706
0.252874
0.190905
0.182227
0.245632
0.270594
0.2195
0.242258
0.237144
0.239
0.263368
0.295
0.212575
0.228657
0.231537
0.238381
0.214286
0.007
0.252621
0.24014
0.208
0.2185
0.22089
0.245377
0.262475
0.209895
0.210895
0.189
0.1595
0.208
0.2305
0.23988
0.187
0.1895
0.183724
0.253746
0.246753
0.194
0.246
0.255117
0.026973
0.281078
0.237881
0.2275
0.2355
0.204296
0.263105
0.205295
0.2225
0.195804
0.237026
0.215285
0.227386
0.191404
0.224052
0.182
0.2055
0.184408
0.261239
0.203297
0.241879
0.2685
0.2399
0.24
0.197303
0.235382
0.2255
0.175
0.237144
0.22089
0.21967
0.232884
0.183
0.188406
0.238143
0.226274
0.227386
0.1895
0.007996
0.232
0.243878
0.236264
0.208292
0.1945
0.221389
0.18091
0.238262
0.213
0.22
0.217673
0.246753
0.193403
0.236
0.221168
0.2355
0.166917
0.255872
0.218173
0.175824
0.270688
0.162419
0.237144
0.169415
0.226
0.197401
0.2305
0.209
0.261
0.191404
0.22
0.214393
0.196
0.232384
0.216392
0.230385
0.230654
0.1625
0.2195
0.15
0.210185
0.213287
0.238262
0.228771
0.252747
0.176324
0.196
0.198401
0.245
0.235382
0.229
0.1955
0.199301
0.214
0.215
0.24026
0.2215
0.2375
0.237
0.236146
0.202197
0.2245
0.227
0.2285
0.250749
0.0109945
0.221889
0.232884
0.211788
0.1815
0.156422
0.178
0.227
0.22039
0.249251
0.195305
0.221889
0.271322
0.2565
0.221
0.242137
0.235
0.204398
0.289355
0.0065
0.2145
0.213287
0.2425
0.158
0.268098
0.238881
0.1985
0.205295
0.29
0.254373
0.2825
0.198203
0.015
0.236882
0.236763
0.231384
0.202899
0.2085
0.239641
0.2009
0.036
0.250875
0.207
0.203796
0.216783
0.223388
0.272092
0.191404
0.003996
0.227386
0.239141
0.22
0.252
0.193
0.0049975
0.2035
0.25
0.2105
0.246753
0.265734
0.247
0.156922
0.00798403
0.1625
0.234383
0.206897
0.218391
0.268597
0.2275
0.223553
0.183
0.213393
0.193
0.254618
0.233
0.1965
0.233883
0.2125
0.25025
0.246008
0.0125
0.226
0.247
0.00049975
0.28036
0.249
0.252874
0.2245
0.24038
0.277084
0.194209
0.215392
0.225662
0.162419
0.187
0.235764
0.188312
0.2004
0.242137
0.273863
0.247
0.202
0.2515
0.189905
0.247
0.236882
0.24038
0.172
0.1575
0.235382
0.239641
0.246377
0.00798802
0.217391
0.193307
0.1895
0.2375
0.2565
0.188933
0.238262
0.251996
0.228771
0.1885
0.170744
0.201697
0.172414
0.235147
0.173413
0.235882
0.222278
0.191
0.256
0.267
0.188406
0.18091
0.255372
0.0325
0.213786
0.204795
0.202899
0.2135
0.218563
0.225
0.287356
0.201399
0.170744
0.2235
0.201798
0.227659
0.203398
0.15
0.229
0.192904
0.2465
0.0125
0.235382
0.253992
0.2155
0.247376
0.234883
0.236763
0.207396
0.24088
0.261
0.1745
0.193307
0.225
0.216783
0.232
0.1825
0.2235
0.193
0.241379
0.266
0.188406
0.2015
0.246377
0.204898
0.227545
0.273363
0.214393
0.295
0.246008
0.243378
0.2375
0.1905
0.270365
0.0095
0.214393
0.240639
0.215892
0.255872
0.2535
0.172
0.214393
0.2165
0.236382
0.1795
0.1965
0.275862
0.222889
0.2475
0.212182
0.211
0.22028
0.1895
0.221889
0.206088
0.2435
0.2385
0.241138
0.004
0.273227
0.223665
0.230654
0.188
0.229
0.220449
0.187
0.228272
0.224
0.243878
0.176324
0.0164835
0.246
0.190714
0.21967
0.205794
0.1965
0.216392
0.196902
0.201299
0.179321
0.17982
0.22039
0.205
0.269461
0.243635
0.220779
0.248376
0.253992
0.244633
0.232
0.226887
0.213786
0.2195
0.2055
0.241259
0.036
0.243378
0.2115
0.21318
0.242258
0.2295
0.252874
0.2025
0.229
0.205897
0.2355
0.21
0.232
0.232
0.210395
0.243378
0.205192
0.218391
0.230769
0.2205
0.238642
0.195402
0.235382
0.21318
0.270365
0.2525
0.214785
0.2255
0.173
0.213287
0.225662
0.223888
0.2575
0.218282
0.217
0.22039
0.004
0.210185
0.221168
0.2335
0.154269
0.199301
0.197901
0.207396
0.2255
0.236882
0.197901
0.232384
0.2235
0.295
0.207688
0.2415
0.19031
0.175824
0.283
0.237381
0.246507
0.235529
0.29
0.189905
0.1985
0.212681
0.286357
0.007
0.22977
0.211788
0.175824
0.241259
0.223888
0.1495
0.244012
0.246
0.0049975
0.228771
0.2455
0.205
0.238881
0.2515
0.236382
0.2085
0.234266
0.246377
0.258871
0.181727
0.224
0.223888
0.246377
0.202
0.0184908
0.2385
0.221667
0.2205
0.226887
0.282
0.210895
0.188
0.215392
0.22977
0.232268
0.205295
0.1995
0.2235
0.247
0.245754
0.239
0.229
0.260739
0.2225
0.231421
0.2095
0.25
0.232884
0.269865
0.227886
0.250499
0.154269
0.289355
0.22089
0.20669
0.228386
0.1965
0.229
0.268098
0.226
0.2335
0.206897
0.0095
0.2825
0.157421
0.209895
0.244378
0.176324
0.253
0.23988
0.16092
0.285857
0.20669
0.203
0.197106
0.234383
0.18
0.247
0.263
0.2235
0.213893
0.213679
0.269365
0.273363
0.235882
0.227273
0.2425
0.265
0.1994
0.2
0.273726
0.263105
0.2105
0.0065
0.2085
0.216892
0.2195
0.18091
0.24975
0.203796
0.266
0.257
0.172414
0.224
0.252122
0.00349476
0.2515
0.1994
0.1875
0.1965
0.0085
0.252
0.234883
0.27359
0.20979
0.170744
0.209291
0.250375
0.198
0.2375
0.234383
0.247376
0.2245
0.169
0.272864
0.196
0.242379
0.2415
0.242879
0.227886
0.211788
0.2225
0.01998
0.218391
0.232268
0.197802
0.227386
0.252747
0.229885
0.251874
0.1835
0.212894
0.247
0.245754
0.211289
0.240759
0.223277
0.2195
0.2295
0.220559
0.0065
0.243756
0.2245
0.006
0.239
0.233766
0.245877
0.251874
0.176412
0.192
0.225
0.214
0.266
0.2185
0.226773
0.235882
0.207378
0.1745
0.234149
0.00649675
0.271864
0.251996
0.199301
0.232268
0.2005
0.242258
0.244633
0.0109726
0.230654
0.00849575
0.2565
0.2295
0.2075
0.237263
0.210789
0.203398
0.233766
0.18091
0.214179
0.209895
0.229
0.233766
0.193307
0.256372
0.255617
0.00999001
0.232268
0.00649675
0.1975
0.232
0.251249
0.197802
0.2004
0.265734
0.226
0.211
0.313843
0.246753
0.198401
0.254873
0.219281
0.232651
0.233267
0.2125
0.229
0.256
0.262
0.203
0.225
0.201
0.2185
0.239
0.271864
0.0109945
0.231269
0.22394
0.218391
0.24501
0.21939
0.235382
0.197401
0.206897
0.188406
0.225
0.26037
0.253247
0.250125
0.172741
0.249501
0.22
0.267
0.221778
0.272092
0.24088
0.2385
0.222389
0.216567
0.00898204
0.2305
0.252994
0.238381
0.251249
0.214
0.23976
0.217891
0.2045
0.2685
0.22
0.226387
0.246
0.224
0.266
0.212894
0.275724
0.256743
0.00849575
0.265235
0.236382
0.28036
0.193307
0.0184815
0.252
0.215892
0.214179
0.195902
0.235882
0.225
0.207293
0.255744
0.226773
0.216
0.254373
0.227386
0.241879
0.164418
0.194
0.233883
0.208292
0.225662
0.251623
0.1985
0.25362
0.1965
0.00749251
0.243878
0.232767
0.214
0.202
0.247382
0.208791
0.184408
0.224
0.2605
0.235147
0.228044
0.247129
0.252374
0.226161
0.224
0.217283
0.2355
0.188906
0.259241
0.240759
0.217391
0.263105
0.249
0.232
0.24038
0.276862
0.23027
0.192
0.246
0.2075
0.203694
0.272864
0.159681
0.1895
0.249875
0.215784
0.2175
0.244633
0.0065
0.2295
0.196
0.214
0.25
0.186813
0.256
0.221058
0.245132
0.225
0.2695
0.2255
0.159681
0.241879
0.2055
0.27986
0.232884
0.2055
0.203297
0.243257
0.178411
0.215
0.226
0.2285
0.181409
0.240759
0.265602
0.2399
0.188717
0.217782
0.185
0.214
0.238
0.264868
0.223277
0.1835
0.196803
0.1855
0.01998
0.258371
0.2325
0.2399
0.207688
0.152424
0.223388
0.0345
0.256372
0.260739
0.213
0.204795
0.218391
0.1865
0.232268
0.247
0.206587
0.205897
0.243
0.162419
0.253
0.228386
0.247
0.2055
0.194903
0.2465
0.173413
0.2565
0.21939
0.224052
0.00349476
0.00848727
0.2735
0.226887
0.222389
0.0045
0.231768
0.262107
0.2335
0.175
0.213893
0.21507
0.241879
0.22089
0.229
0.253865
0.258612
0.249
0.1975
0.269
0.2185
0.215
0.208292
0.266
0.224
0.194708
0.243756
0.254373
0.267
0.226274
0.2305
0.208896
0.239141
0.00798802
0.227159
0.241259
0.19
0.235147
0.227659
0.190905
0.250375
0.261
0.282
0.206
0.218672
0.2355
0.2475
0.208292
0.218
0.206088
0.22
0.00749625
0.227159
0.261
0.216783
0.225
0.270459
0.209
0.218
0.203297
0.194
0.271864
0.261108
0.2055
0.207396
0.2225
0.235882
0.219
0.1335
0.2195
0.229
0.2055
0.00899101
0.2235
0.249
0.1685
0.237881
0.004995
0.2535
0.231884
0.199
0.254364
0.2185
0.226887
0.249
0.237381
0.219281
0.00799201
0.217283
0.0164835
0.207396
0.221667
0.007996
0.194
0.228272
0.0114943
0.201597
0.1965
0.00598802
0.244755
0.178911
0.00749251
0.257614
0.2435
0.164
0.235382
0.256
0.282
0.0089955
0.2205
