0.178411
0.103345
0.117
0.0964518
0.156922
0.115327
0.1365
0.184
0.108
0.065
0.0214678
0.121
0.156
0.112774
0.0934533
0.095952
0.114
0.0673653
0.124875
0.087
0.0164835
0.0109945
0.131172
0.162837
0.203398
0.130435
0.161919
0.0878682
0.116
0.107285
0.069965
0.109445
0.158683
0.159182
0.081959
0.1345
0.134
0.1375
0.037981
0.154923
0.125937
0.109445
0.097951
0.0275
0.1485
0.142
0.00699301
0.018
0.0709645
0.115942
0.121
0.009
0.1215
0.115385
0.167416
0.005
0.0125
0.011982
0.0664336
0.143
0.111944
0.138431
0.0325
0.115
0.123876
0.119381
0.097
0.0788423
0.00649351
0.0949051
0.115212
0.139
0.1595
0.0174913
0.0535
0.0673317
0.0948577
0.094
0.12038
0.0249875
0.00649675
0.0688623
0.112
0.0835
0.142
0.1155
0.124
0.0075
0.188717
0.139361
0.139361
0.011
0.188717
0.089
0.142287
0.079
0.0129805
0.0135
0.0895
0.1585
0.0369815
0.138861
0.136296
0.0204693
0.0204898
0.123
0.149127
0.00949525
0.107446
0.151349
0.0818772
0.005997
0.0095
0.0949051
0.122939
0.0365
0.121318
0.148
0.1335
0.00249875
0.006
0.0104948
0.024975
0.131868
0.151349
0.0889555
0.144428
0.0114943
0.0365
0.178411
0.110945
0.118323
0.108
0.1385
0.113829
0.149127
0.114443
0.1365
0.088
0.0989011
0.0034965
0.0325
0.14093
0.121939
0.158683
0.128936
0.0795
0.133433
0.117441
0.132934
0.15035
0.107946
0.1145
0.061
0.00849575
0.146853
0.094
0.1675
0.0615
0.1215
0.005
0.144928
0.164418
0.069965
0.115385
0.133433
0.149276
0.149
0.0149925
0.136932
0.172914
0.0664336
0.144783
0.097
0.195
0.161419
0.00699301
0.0709645
0.1195
0.1475
0.0434565
0.164
0.130435
0.0735
0.162919
0.046
0.0345
0.144
0.181319
0.130305
0.036
0.071
0.055
0.136
0.00449775
0.149775
0.126873
0.0205
0.005997
0.175
0.0833749
0.111
0.134798
0.036
0.048951
0.0129935
0.102949
0.0114943
0.011976
0.113772
0.125375
0.0135
0.093953
0.006
0.0654673
0.158
0.1275
0.125437
0.075962
0.0683974
0.0929535
0.1635
0.1475
0.0994503
0.1195
0.141787
0.158
0.0785
0.0545
0.164418
0.0334833
0.1165
0.130435
0.115385
0.124
0.012
0.134798
0.0154923
0.136863
0.0464535
0.124438
0.135
0.0135
0.0184908
0.11994
0.105395
0.149
0.1055
0.013
0.133799
0.128372
0.146354
0.129741
0.156
0.13993
0.138086
0.0224888
0.138861
0.1015
0.0733533
0.181319
0.0908637
0.127373
0.154423
0.0239641
0.132368
0.146427
0.12
0.141429
0.154923
0.123
0.114943
0.041958
0.139361
0.0959041
0.0229656
0.0114828
0.1805
0.0305
0.138931
0.170987
0.055
0.0369815
0.012
0.1805
0.0865
0.025
0.142429
0.123253
0.129935
0.017
0.066
0.0164835
0.143856
0.127936
0.121
0.1225
0.1365
0.1015
0.126873
0.00999001
0.0394408
0.122
0.0744256
0.139
0.163754
0.0164918
0.136
0.0234765
0.144638
0.0554723
0.127436
0.130804
0.135432
0.138931
0.14036
0.1515
0.111
0.0414585
0.041958
0.0315
0.0968547
0.0844156
0.0939061
0.1
0.035
0.135432
0.0359281
0.112444
0.1685
0.00698603
0.148426
0.0709645
0.011988
0.0805
0.0589411
0.124
0.05
0.125811
0.0225
0.1655
0.103345
0.0144783
0.1235
0.131369
0.0205
0.1645
0.00699301
0.0225
0.016983
0.00949051
0.0065
0.165917
0.0365
0.0799201
0.079
0.0774226
0.088
0.0335
0.16
0.125
0.0315
0.139361
0.111
0.165917
0.122816
0.104738
0.105342
0.136932
0.0174825
0.1255
0.0924538
0.0309536
0.131369
0.1595
0.149925
0.143856
0.133433
0.013
0.00949051
0.12038
0.00999001
0.133367
0.108
0.142429
0.127808
0.085957
0.13523
0.107946
0.0104948
0.1185
0.0144928
0.132934
0.0315
0.0164835
0.0939061
0.1075
0.0594109
0.1395
0.081959
0.1045
0.00949525
0.158
0.1295
0.0394408
0.0374625
0.0209685
0.017982
0.0984016
0.157921
0.112444
0.013993
0.0214678
0.1375
0.0335
0.005
0.111944
0.014
0.0105
0.0165
0.134232
0.1125
0.0244878
0.091
0.0085
0.2
0.135864
0.1245
0.1055
0.066
0.12032
0.155267
0.15942
0.085
0.046
0.105395
0.0953094
0.129805
0.0849575
0.079
0.072
0.112
0.172827
0.128936
0.115884
0.126937
0.134933
0.155
0.0124938
0.099
0.086
0.115385
0.0738523
0.0654673
0.00949525
0.1285
0.127
0.1485
0.034
0.125375
0.009
0.0325
0.0144928
0.1335
0.1645
0.139
0.109945
0.112332
0.135
0.113772
0.112
0.127
0.164254
0.1
0.139
0.141
0.125937
0.0144928
0.0109945
0.1475
0.0514743
0.0874563
0.1275
0.164336
0.103792
0.012
0.134
0.163754
0.103345
0.124
0.0139651
0.130305
0.168916
0.0713573
0.023
0.0139651
0.1535
0.1255
0.1325
0.0785
0.035
0.11994
0.112774
0.1405
0.0204898
0.149925
0.1195
0.1205
0.117265
0.195
0.156
0.135365
0.0444555
0.017
0.130435
0.154346
0.0204898
0.0235
0.104448
0.0885
0.0305
0.149925
0.1255
0.107446
0.0799201
0.0605
0.136863
0.0144783
0.0924538
0.014
0.124875
0.133433
0.0844578
0.10684
0.125375
0.00948577
0.134933
0.0235
0.119
0.1215
0.113387
0.1115
0.115884
0.0095
0.010989
0.0998004
0.0109945
0.1105
0.0943585
0.157
0.0069965
0.168332
0.0204898
0.0109945
0.117
0.2
0.142429
0.1595
0.142287
0.1205
0.101847
0.14093
0.0105
0.016
0.122
0.0105
0.102949
0.0224888
0.1285
0.1505
0.118941
0.148
0.0444555
0.113829
0.1145
0.1305
0.1495
0.0169915
0.1435
0.142857
0.0335
0.0135
0.129435
0.121878
0.0235
0.104396
0.112944
0.0414585
0.0858712
0.157
0.0164753
0.113943
0.125
0.0184723
0.008
0.161
0.125
0.1805
0.0464535
0.153
0.01999
0.111333
0.0325
0.158
0.092
0.0989011
0.13
0.0185
0.132368
0.0875
0.124
0.029985
0.0135
0.0345
0.151
0.0944528
0.007
0.168663
0.0394408
0.127936
0.152847
0.16042
0.09
0.103792
0.130804
0.146281
0.0925
0.00899101
0.101
0.136932
0.0985
0.079
0.164418
0.128871
0.1235
0.0289855
0.0935
0.0984016
0.017982
0.0144928
0.00948577
0.00549176
0.13943
0.134933
0.127
0.0349476
0.115385
0.135095
0.0714643
0.0295
0.005997
0.133866
0.115385
0.118941
0.101
0.117
0.0844156
0.122378
0.087
0.175
0.133433
0.154
0.167416
0.135
0.0805
0.028971
0.171571
0.0799201
0.021989
0.0609695
0.1515
0.114443
0.0135
0.102949
0.0828757
0.146853
0.125375
0.172914
0.12038
0.13
0.151848
0.0034965
0.12525
0.00949051
0.0749625
0.0204898
0.121878
0.006
0.0734633
0.0855
0.117823
0.123253
0.09
0.1205
0.0564436
0.0928607
0.0134865
0.0189715
0.0125
0.013
0.0734266
0.132
0.134
0.1165
0.1205
0.013
0.161178
0.136932
0.069965
0.0673317
0.1555
0.173413
0.16092
0.168916
0.0165
0.135432
0.00748503
0.128372
0.0934533
0.040959
0.131868
0.09
0.136
0.105395
0.024975
0.1
0.128936
0.111944
0.102949
0.0135
0.161258
0.00549176
0.017
0.117941
0.167333
0.116
0.105289
0.135932
0.111
0.167832
0.115442
0.138431
0.143
0.101
0.152847
0.0374625
0.0085
0.065
0.143
0.1655
0.1045
0.0104948
0.0089955
0.165917
0.0144783
0.154
0.186813
0.071
0.117441
0.012
0.101949
0.148204
0.133433
0.124376
0.1325
0.046
0.149925
0.0169915
0.0345
0.0155
0.115385
0.14985
0.0364635
0.141858
0.15035
0.0239641
0.012
0.158342
0.0164835
0.133433
0.107
0.01
0.107285
0.112774
0.117441
0.131868
0.16
0.1275
0.006
0.1445
0.131369
0.0985
0.148426
0.122816
0.0955
0.122378
0.03
0.0525
0.1255
0.105342
0.1515
0.1495
0.122439
0.124
0.0109945
0.142929
0.0959041
0.137431
0.0164835
0.114443
0.079
0.0939061
0.131434
0.1555
0.017982
0.139361
0.102346
0.0125
0.134366
0.0615
0.0953094
0.13217
0.0939061
0.069
0.113
0.101
0.013
0.123
0.133933
0.0125
0.0129935
0.131369
0.00799201
0.113943
0.103948
0.00899101
0.148
0.00649675
0.017
0.101
0.105447
0.0829585
0.0114943
0.0104948
0.139721
0.1735
0.120819
0.1115
0.161419
0.0205
0.005
0.0214571
0.129935
0.0344828
0.018
0.149
0.155689
0.0195
0.0135
0.107
0.134
0.028971
0.1055
0.00749251
0.104
0.1035
0.0309227
0.00549176
0.0345
0.102
0.148
0.113
0.1145
0.0884558
0.1095
0.149
0.00849151
0.0249875
0.0155
0.136795
0.105395
0.145355
0.181409
0.103948
0.034
0.13
0.0968547
0.0085
0.0415
0.077961
0.158
0.149
0.124
0.1245
0.00899101
0.102949
0.006
0.00949525
0.170245
0.123938
0.007
0.0085
0.00799201
0.150925
0.0989011
0.0709645
0.186
0.0055
0.181409
0.134299
0.0645
0.152847
0.011982
0.113
0.108392
0.1425
0.012
0.107946
0.0175
0.110279
0.0964518
0.0325
0.012
0.105447
0.1105
0.165917
0.1325
0.00749625
0.127373
0.1495
0.1455
0.094
0.0049975
0.1165
0.167416
0.134798
0.151772
0.06
0.0345
0.146927
0.1425
0.13217
0.0174913
0.132368
0.134433
0.1235
0.00698603
0.0144783
0.104396
0.021989
0.0109945
0.0189905
0.175
0.120259
0.012
0.0744256
0.1235
0.016
0.152695
0.095952
0.0673653
0.023988
0.0874126
0.136932
0.092
0.0798005
0.0819181
0.017
0.016
0.0584416
0.1215
0.00748503
0.1215
0.114943
0.0908637
0.147
0.103448
0.195
0.142358
0.1475
0.111389
0.12094
0.1145
0.0704648
0.148352
0.128936
0.142
0.106
0.1075
0.163
0.115442
0.113886
0.151772
0.0304848
0.0605
0.156765
0.1585
0.134
0.127808
0.138431
0.00848727
0.0554723
0.0089955
0.02
0.1135
0.1125
0.085957
0.028971
0.0105
0.1045
0.110889
0.115
0.0904548
0.024975
0.154423
0.15984
0.1255
0.130435
0.124
0.145355
0.116
0.0799201
0.159
0.0885
0.0325
0.0464535
0.0925
0.1215
0.097
0.105395
0.152847
0.147
0.018
0.117764
0.1155
0.13993
0.104843
0.1325
0.0275
0.105289
0.0235
0.1135
0.119
0.147
0.135932
0.0895
0.1375
0.1205
0.112944
0.0095
0.109945
0.157343
0.169246
0.1025
0.00849575
0.01998
0.018
0.0989505
0.128372
0.119
0.133933
0.1145
0.013986
0.154423
0.012987
0.015
0.149351
0.115942
0.159341
0.0335
0.104
0.1155
0.1185
0.005997
0.120259
0.152
0.113387
0.0125
0.0938124
0.103345
0.168332
0.128936
0.0904548
0.00799201
0.107446
0.150425
0.0934533
0.024
0.151
0.1175
0.0934533
0.137931
0.1555
0.0325
0.157921
0.136
0.137931
0.151924
0.16092
0.182409
0.0105
0.1285
0.0934533
0.110945
0.123438
0.072
0.161919
0.131434
0.0978532
0.150925
0.0284858
0.143713
0.101847
0.148
0.0095
0.0788423
0.115884
0.0095
0.013
0.0154923
0.04
0.138931
0.0049975
0.0924538
0.1275
0.0975
0.1595
0.117764
0.0925
0.112444
0.123938
0.142
0.123
0.0065
0.133799
0.0155
0.123938
0.100349
0.195305
0.118762
0.043
0.142429
0.0605
0.151848
0.147353
0.128372
0.012
0.0978532
0.0149775
0.075962
0.137226
0.1205
0.1345
0.125
0.0325
0.1365
0.170987
0.118441
0.0189905
0.0744256
0.103448
0.14
0.146427
0.112774
0.0605
0.129242
0.113943
0.0795
0.111944
0.0858712
0.0309845
0.136364
0.0189715
0.134933
0.161178
0.051974
0.116
0.145927
0.150774
0.1065
0.132434
0.116942
0.077961
0.124
0.1205
0.0104843
0.0209895
0.1335
0.150849
0.153423
0.1075
0.118
0.0049975
0.16042
0.00699301
0.106
0.0135
0.108891
0.1435
0.112718
0.0209895
0.159
0.103896
0.115884
0.103948
0.116384
0.173739
0.131369
0.139
0.0749625
0.049975
0.0155
0.1585
0.1175
0.146927
0.1155
0.089
0.112887
0.035
0.145709
0.098
0.170987
0.0109945
0.146354
0.128871
0.148
0.0415
0.100299
0.142
0.0189715
0.165917
0.114386
0.1065
0.0535
0.1475
0.12044
0.125437
0.128936
0.0594109
0.0334665
0.1135
0.101399
0.111944
0.114
0.15992
0.0104948
0.0939061
0.040959
0.135365
0.122378
0.0209895
0.112332
0.1395
0.0134865
0.138431
0.118941
0.09
0.104948
0.143713
0.006
0.14093
0.124
0.1135
0.131868
0.010989
0.171571
0.137157
0.007
0.177234
0.1285
0.114443
0.0988024
0.143
0.00848727
0.017982
0.145927
0.172914
0.118941
0.0049975
0.132
0.118382
0.138931
0.157343
0.155345
0.138224
0.00549176
0.149127
0.024975
0.0959041
0.14678
0.1065
0.0114943
0.149925
0.1445
0.0849575
0.143856
0.005997
0.0929535
0.13993
0.0784608
0.1045
0.0925
0.0994503
0.115884
0.1395
0.085957
0.143214
0.143214
0.11
0.11994
0.0109945
0.18023
0.116942
0.147
0.00849575
0.146354
0.0844578
0.016
0.119
0.102
0.0864136
0.165669
0.1155
0.00849575
0.0709645
0.1165
0.0525
0.15
0.141
0.00698603
0.1135
0.01
0.158263
0.0104843
0.156922
0.122754
0.175
0.173327
0.134433
0.103948
0.148
0.087
0.184
0.0114828
0.0775
0.148
0.119
0.1255
0.1135
0.0105
0.041979
0.0364635
0.1635
0.156422
0.1265
0.1395
0.094
0.113
0.10045
0.086
0.118762
0.0145
0.1325
0.0325
0.0504496
0.087
0.0394803
0.139
0.0359281
0.0164835
0.129435
0.16092
0.0184723
0.103948
0.122317
0.1255
0.136795
0.151697
0.164
0.1595
0.1205
0.0874126
0.00649675
0.012987
0.143428
0.137157
0.132
0.075962
0.156765
0.157685
0.1225
0.136364
0.15942
0.155766
0.1675
0.15942
0.0654673
0.158
0.154
0.165
0.110279
0.037981
0.0619071
0.0884558
0.144
0.150925
0.105395
0.121878
0.114943
0.147353
0.051974
0.137431
0.0864568
0.124
0.0844156
0.105395
0.154423
0.130804
0.00949525
0.177234
0.0369815
0.046953
0.0289855
0.142358
0.094
0.132368
0.011982
0.122255
0.05
0.1485
0.101399
0.117823
0.1295
0.1205
0.1545
0.00649675
0.118441
0.138293
0.136364
0.00649675
0.005
0.131434
0.0189905
0.1735
0.128871
0.104686
0.146927
0.129741
0.153423
0.143856
0.05
0.124875
0.0185
0.0745
0.0795
0.006
0.0114943
0.155766
0.161178
0.104343
0.0164918
0.118941
0.137931
0.134933
0.0924076
0.1285
0.1605
0.081959
0.1265
0.168663
0.0889555
0.0978532
0.048951
0.114443
0.135
0.143641
0.0545
0.136863
0.089
0.061969
0.104448
0.024
0.0134865
0.0089955
0.111389
0.159
0.0569715
0.105894
0.129805
0.0104948
0.1535
0.0414585
0.012
0.122195
0.137793
0.024975
0.115
0.132
0.0224888
0.144356
0.104
0.1595
0.156344
0.1535
0.0434565
0.0878682
0.156422
0.034
0.102949
0.122255
0.148426
0.146927
0.1015
0.11994
0.128871
0.114885
0.00699301
0.0774613
0.114943
0.137431
0.0069965
0.118822
0.0324513
0.181319
0.0225
0.137793
0.129435
0.035
0.0985
0.0289855
0.156344
0.119
0.146354
0.1735
0.158
0.108946
0.138931
0.00699301
0.0615
0.0075
0.125
0.007
0.0805
0.112332
0.0114943
0.0895
0.13943
0.104
0.105289
0.157343
0.0775
0.188811
0.133234
0.121
0.124376
0.104895
0.0104948
0.159
0.0289855
0.0564436
0.157
0.142287
0.081
0.154768
0.0704648
0.092
0.136795
0.136932
0.0795
0.0109945
0.0049975
0.00749625
0.107285
0.156344
0.133234
0.143214
0.0104948
0.0305
0.1565
0.011976
0.0055
0.018
0.162419
0.1265
0.0104948
0.124376
0.167832
0.152847
0.127936
0.024975
0.018
0.0135
0.1
0.132934
0.14
0.0164918
0.085957
0.083
0.128871
0.136296
0.12094
0.0349476
0.1535
0.148
0.101847
0.0224888
0.1535
0.11665
0.1365
0.1045
0.122816
0.0295
0.122939
0.0964518
0.0444555
0.0785
0.0999001
0.114
0.134366
0.0744256
0.128936
0.0109945
0.013
0.011976
0.107446
0.0189715
0.0865
0.053973
0.16042
0.017
0.091
0.136795
0.116384
0.115
0.00699301
0.0895
0.156
0.112944
0.0369815
0.018
0.024975
0.0214785
0.0105
0.125937
0.032967
0.00799201
0.138086
0.0149925
0.099351
0.166334
0.101449
0.1715
0.139
0.115
0.0135
0.0105
0.00848727
0.1245
0.103
0.0309845
0.011994
0.1255
0.0835
0.018
0.0774226
0.00899101
0.14043
0.0985
0.114943
0.14043
0.114386
0.088
0.157
0.112444
0.137931
0.0104948
0.0594109
0.137793
0.139721
0.161419
0.0325
0.128936
0.004995
0.0244878
0.0165
0.171914
0.0224888
0.118441
0.018
0.1415
0.0734266
0.142358
0.111389
0.171571
0.01
0.156
0.111944
0.0229541
0.154923
0.0673653
0.0135
0.012
0.141288
0.107446
0.008
0.142216
0.104
0.029
0.09995
0.142929
0.115
0.083
0.008
0.013993
0.0824588
0.00549725
0.142857
0.0733533
0.115385
0.0369815
0.0209685
0.155
0.118441
0.005997
0.0109945
0.0115
0.1665
0.141
0.0749625
0.122439
0.122255
0.118822
0.122754
0.107
0.135432
0.1225
0.0214678
0.0495
0.0135
0.128807
0.0988517
0.103345
0.046
0.0864136
0.0958084
0.175
0.119
0.011994
0.0435
0.119381
0.1255
0.118941
0.137931
0.118441
0.169246
0.120819
0.1265
0.0194708
0.0744628
0.102346
0.1655
0.112332
0.0948577
0.0125
0.102949
0.164254
0.1375
0.1085
0.0774613
0.111444
0.125375
0.0694306
0.0214678
0.0069965
0.157186
0.0195
0.0619071
0.112444
0.1185
0.128807
0.095952
0.0464768
0.0194611
0.0164753
0.102949
0.110834
0.14
0.114386
0.108
0.136795
0.0984508
0.095952
0.1685
0.1615
0.005
0.123938
0.159
0.00948577
0.134232
0.114943
0.127808
0.161258
0.0849151
0.149925
0.118941
0.148
0.0174913
0.018
0.0245
0.101847
0.0155
0.0069965
0.124938
0.130869
0.127373
0.1015
0.115884
0.117764
0.1105
0.125811
0.122939
0.135432
0.0673317
0.0115
0.084
0.151424
0.137294
0.104448
0.152847
0.099
0.0309536
0.113443
0.147
0.0174913
0.0115
0.151424
0.136296
0.00949051
0.107339
0.111
0.085957
0.0805
0.0968547
0.0125
0.124875
0.1245
0.0855
0.123938
0.168332
0.130804
0.156344
0.00849575
0.114885
0.107
0.0345
0.0175
0.171914
0.1155
0.115
0.138931
0.0415
0.03
0.003998
0.0995
0.012
0.1065
0.0654673
0.075962
0.1325
0.117823
0.1045
0.157
0.1375
0.110445
0.0229541
0.10095
0.141858
0.086
0.135864
0.014
0.0744256
0.0963555
0.005997
0.024
0.122255
0.124
0.172242
0.128936
0.0844156
0.156922
0.0988024
0.025
0.134165
0.1255
0.136
0.0184908
0.141429
0.008
0.0085
0.00699301
0.112944
0.0149925
0.0095
0.1165
0.112774
0.0925
0.007
0.1305
0.0174913
0.0085
0.0489266
0.152924
0.114
0.0774226
0.0104895
0.138431
0.158
0.017
0.138431
0.0369815
0.0995
0.137294
0.171571
0.151697
0.1335
0.12038
0.0948577
0.152771
0.1065
0.1585
0.0109945
0.146427
0.125
0.0125
0.107
0.13943
0.1215
0.102398
0.113387
0.04
0.0325
0.113
0.11665
0.154845
0.0185
0.0664668
0.0104843
0.0849151
0.1295
0.112
0.129935
0.0305
0.112332
0.163
0.122816
0.1515
0.1385
0.107946
0.115
0.007
0.159
0.097
0.157921
0.116
0.072
0.129805
0.141929
0.0184723
0.123876
0.134
0.1585
0.0309845
0.00849151
0.149351
0.0135
0.1205
0.008
0.137294
0.154845
0.149
0.0968547
0.160759
0.148
0.00849575
0.0844156
0.153923
0.12094
0.055
0.0174913
0.164418
0.011994
0.1655
0.036
0.149925
0.107446
0.0069965
0.145927
0.1425
0.132434
0.114386
