0.007996
0.135297
0.1795
0.108946
0.111
0.0184723
0.145854
0.018
0.0184723
0.157921
0.012987
0.1855
0.111944
0.212394
0.155
0.120819
0.18091
0.18
0.129371
0.009
0.169
0.163337
0.0994006
0.168
0.167
0.184908
0.0209895
0.15942
0.135432
0.134165
0.10989
0.159261
0.115385
0.153423
0.170415
0.0864136
0.141929
0.0114943
0.163418
0.15976
0.152348
0.156843
0.007996
0.16
0.18091
0.1615
0.153
0.123
0.166
0.177645
0.1445
0.162837
0.011988
0.194903
0.140789
0.184
0.153
0.006
0.14
0.0234765
0.142358
0.1615
0.116442
0.1795
0.149
0.168416
0.11333
0.0134865
0.19
0.1515
0.0155
0.00999001
0.012
0.154845
0.0924538
0.0124688
0.137862
0.00999001
0.1595
0.185315
0.18032
0.114828
0.0684316
0.115711
0.1585
0.153923
0.124
0.193903
0.158841
0.148
0.117441
0.146281
0.169415
0.182909
0.137656
0.0289566
0.116442
0.031
0.115884
0.134865
0.166417
0.184908
0.182909
0.105894
0.196
0.112332
0.170415
0.113
0.127
0.123938
0.162837
0.0404393
0.198302
0.154845
0.150774
0.193806
0.06
0.170915
0.1585
0.11333
0.0314528
0.12094
0.0923615
0.14414
0.1085
0.1585
0.0995
0.1325
0.189621
0.141929
0.153769
0.145854
0.178144
0.0905
0.146
0.13
0.0164835
0.174913
0.1195
0.1265
0.150699
0.21
0.0415
0.121878
0.115
0.1365
0.006
0.1435
0.130804
0.151424
0.1775
0.1855
0.171243
0.1135
0.0995
0.122816
0.174
0.1545
0.161838
0.167916
0.1
0.0633733
0.187313
0.135864
0.0909091
0.126374
0.13037
0.181
0.108946
0.133433
0.154923
0.0049975
0.0114943
0.127309
0.142358
0.0419371
0.201198
0.1435
0.147426
0.135932
0.137931
0.187406
0.1565
0.166917
0.121
0.173327
0.2055
0.0354823
0.138861
0.158421
0.155345
0.114943
0.121439
0.174825
0.0244511
0.176
0.163
0.170744
0.172242
0.14
0.1075
0.126
0.143285
0.1445
0.121318
0.175912
0.026
0.181409
0.168916
0.153
0.147926
0.168
0.18981
0.0244511
0.0165
0.158421
0.157842
0.163
0.201198
0.0105
0.145854
0.185407
0.164835
0.173413
0.164835
0.172
0.121939
0.0204693
0.176912
0.1745
0.142
0.1275
0.1555
0.0234765
0.148
0.154346
0.152847
0.10045
0.007
0.114443
0.151
0.0515
0.152847
0.182726
0.143285
0.105447
0.165917
0.210789
0.05
0.17207
0.192904
0.121318
0.135932
0.0195
0.00649351
0.2
0.1845
0.1595
0.0315
0.158421
0.134
0.1785
0.186407
0.1605
0.154845
0.157
0.0115
0.1655
0.183816
0.1095
0.015
0.145427
0.027986
0.0085
0.149
0.00149925
0.157921
0.111
0.167916
0.1225
0.0224888
0.105788
0.1455
0.221
0.1375
0.136432
0.127936
0.172914
0.153923
0.164336
0.0164753
0.1355
0.1265
0.132434
0.02
0.125937
0.158921
0.159521
0.18
0.0829171
0.021
0.181909
0.0829171
0.148426
0.0085
0.1425
0.1905
0.1525
0.0918622
0.191
0.1075
0.157
0.106
0.1605
0.176412
0.0049975
0.136
0.00849575
0.145927
0.143713
0.0995
0.012
0.137
0.154
0.15035
0.177822
0.0055
0.187812
0.141717
0.0633733
0.117441
0.186907
0.173913
0.00649675
0.166917
0.0435
0.193403
0.12
0.0775
0.153923
0.108837
0.152348
0.134366
0.146633
0.12
0.01
0.196304
0.16
0.159261
0.175
0.0864568
0.012
0.164
0.153769
0.117
0.161258
0.130935
0.189526
0.14985
0.118881
0.0179641
0.0075
0.182227
0.131
0.1425
0.182909
0.1595
0.086
0.14036
0.147926
0.192404
0.123
0.191904
0.1905
0.150699
0.131
0.159261
0.0089955
0.018
0.0564436
0.173
0.166917
0.029
0.114443
0.129
0.1385
0.182227
0.0114828
0.146
0.167
0.1185
0.0189621
0.013
0.012987
0.204
0.162
0.16092
0.012987
0.197802
0.161
0.2075
0.117
0.0989011
0.131303
0.188
0.162
0.1625
0.196902
0.101
0.141
0.0135
0.102398
0.0774613
0.1505
0.137363
0.081959
0.113443
0.017982
0.178911
0.217891
0.171243
0.184815
0.138362
0.009
0.161258
0.163337
0.00599401
0.1605
0.154923
0.161258
0.1605
0.154923
0.0124938
0.0705
0.13993
0.195902
0.1185
0.165
0.182
0.138362
0.138431
0.173913
0.128
0.153347
0.212894
0.130435
0.0135
0.1325
0.2
0.0995
0.174413
0.173913
0.173
0.172
0.125749
0.1695
0.174239
0.1375
0.1555
0.1175
0.1335
0.125937
0.15519
0.114443
0.0284858
0.152348
0.1735
0.018981
0.189905
0.1215
0.196705
0.0185
0.145427
0.191
0.1605
0.147705
0.0534733
0.163
0.165335
0.0435
0.0089955
0.1655
0.149425
0.155345
0.0564436
0.166417
0.0845
0.215392
0.0654673
0.0025
0.0485
0.125937
0.1455
0.14
0.114
0.120819
0.121817
0.149
0.1355
0.165335
0.153
0.0864136
0.177234
0.1215
0.114885
0.0115
0.147852
0.2005
0.171
0.147852
0.167
0.117383
0.183225
0.167748
0.164918
0.210789
0.0974513
0.12094
0.130435
0.153423
0.1435
0.151424
0.0958562
0.169
0.130935
0.0205
0.17033
0.113772
0.207
0.168416
0.153423
0.174
0.0215
0.138792
0.146
0.1155
0.124
0.180729
0.161258
0.177733
0.147353
0.0189621
0.1885
0.126
0.0774613
0.0104948
0.174152
0.118441
0.152924
0.0025
0.1502
0.161419
0.133933
0.173913
0.007
0.143357
0.1085
0.2
0.1365
0.123938
0.0929535
0.151349
0.102398
0.177
0.1605
0.210474
0.178911
0.155345
0.155345
0.1265
0.163
0.0189621
0.143
0.1775
0.2003
0.159521
0.005997
0.139291
0.114443
0.173
0.015992
0.108446
0.1004
0.162419
0.145927
0.104
0.173826
0.1845
0.122317
0.158421
0.1575
0.191
0.171
0.155345
0.14043
0.013993
0.1705
0.13979
0.187219
0.137
0.1325
0.174651
0.0205
0.167
0.174413
0.158762
0.137
0.121439
0.173413
0.1635
0.0294705
0.15984
0.1185
0.178732
0.165917
0.0204898
0.123938
0.011988
0.1535
0.1845
0.152348
0.1997
0.1465
0.015
0.144783
0.221
0.1535
0.1445
0.134
0.147705
0.1655
0.165
0.086
0.00949525
0.134933
0.0105
0.1775
0.212894
0.0324838
0.159
0.1655
0.139
0.13979
0.1375
0.0045
0.139
0.155267
0.152348
0.147
0.0345
0.165417
0.197
0.163836
0.0175
0.149351
0.147426
0.126374
0.137431
0.143713
0.025987
0.212894
0.166833
0.153423
0.103948
0.133433
0.0114943
0.151273
0.158421
0.172414
0.172242
0.193
0.00549725
0.1925
0.154845
0.152924
0.0294558
0.0239641
0.212288
0.0214893
0.187625
0.16
0.178732
0.166
0.162837
0.1115
0.180639
0.18981
0.158421
0.148926
0.139361
0.008
0.117441
0.157
0.158603
0.142358
0.00899101
0.109945
0.1095
0.012
0.1215
0.168416
0.146
0.195902
0.1225
0.106447
0.169
0.00949525
0.188623
0.137
0.126873
0.118441
0.169246
0.165751
0.166917
0.0918622
0.0184723
0.15976
0.161339
0.144783
0.179321
0.172242
0.192308
0.0564436
0.149276
0.173
0.1325
0.162419
0.18032
0.115884
0.125
0.00549451
0.188312
0.0274863
0.1385
0.174413
0.153423
0.102
0.017991
0.0044955
0.13993
0.174413
0.139
0.1815
0.181409
0.130935
0.148
0.112332
0.129
0.137931
0.161
0.152348
0.165917
0.192404
0.1475
0.172
0.01
0.0924538
0.112831
0.143357
0.1605
0.12
0.118441
0.153423
0.178821
0.0114885
0.132434
0.130435
0.0609391
0.14029
0.188623
0.1735
0.172914
0.164336
0.152348
0.130869
0.106947
0.1355
0.133
0.101
0.0215
0.1785
0.148926
0.1455
0.1265
0.013
0.1585
0.14093
0.108891
0.125125
0.0185
0.170829
0.0335
0.1445
0.00649026
0.1195
0.015992
0.134
0.168416
0.12
0.113772
0.1485
0.147926
0.146633
0.017
0.149775
0.0849575
0.1385
0.143428
0.157264
0.021
0.146
0.1095
0.0204693
0.1004
0.01997
0.209395
0.194708
0.108
0.173826
0.0404393
0.111832
0.137931
0.1695
0.137363
0.169246
0.2003
0.0314685
0.011
0.14
0.181727
0.012987
0.2
0.0025
0.142929
0.169415
0.074
0.00799201
0.144
0.114
0.133
0.172414
0.0684316
0.171
0.148
0.116442
0.148
0.145927
0.131868
0.173913
0.104396
0.0225
0.137862
0.171414
0.172
0.0089955
0.152
0.173413
0.168416
0.0929535
0.1825
0.0915
0.136
0.137363
0.141
0.157264
0.164835
0.150925
0.1865
0.125937
0.0775
0.1055
0.143357
0.124
0.01
0.147926
0.015
0.188218
0.206
0.141929
0.151924
0.018
0.171243
0.0104738
0.0369815
0.178144
0.165417
0.195902
0.146354
0.177
0.130869
0.165252
0.102449
0.027986
0.1215
0.153
0.0284858
0.15
0.152348
0.153
0.012
0.108446
0.110889
0.163918
0.1545
0.177
0.138362
0.141
0.153
0.166
0.137656
0.153423
0.143357
0.007
0.0049975
0.0775
0.0958562
0.1005
0.0145
0.0154923
0.166917
0.181727
0.166251
0.147705
0.188
0.15
0.189405
0.211289
0.134165
0.155422
0.138362
0.165
0.162837
0.0664668
0.153769
0.149351
0.154423
0.167
0.176912
0.1785
0.110889
0.1475
0.142929
0.1655
0.107892
0.158263
0.1845
0.174913
0.146281
0.184408
0.18
0.1545
0.0289421
0.133
0.1025
0.183
0.154423
0.187812
0.174651
0.0289421
0.16042
0.15984
0.124376
0.1075
0.1865
0.1895
0.0134933
0.149
0.174
0.147926
0.1065
0.0294558
0.018
0.1485
0.184408
0.0274863
0.182
0.1275
0.107946
0.170915
0.121
0.221
0.168831
0.177911
0.155
0.133
0.172655
0.143713
0.1705
0.161339
0.171
0.169246
0.1205
0.0195
0.130739
0.0785
0.182227
0.1665
0.097951
0.0244755
0.06
0.118441
0.208396
0.1285
0.2145
0.01
0.212288
0.1665
0.155
0.16675
0.175
0.149925
0.163836
0.1515
0.1775
0.167916
0.155844
0.158921
0.170245
0.1555
0.12094
0.171243
0.148703
0.1755
0.206793
0.1825
0.1605
0.155422
0.136
0.146208
0.1215
0.1865
0.130935
0.183541
0.129435
0.195902
0.192
0.165917
0.172914
0.0908184
0.1545
0.0908184
0.158263
0.156765
0.146633
0.128436
0.2005
0.152424
0.1565
0.1425
0.135932
0.0345
0.1335
0.18091
0.1325
0.210789
0.1085
0.183317
0.137226
0.00949525
0.172414
0.155
0.142929
0.157921
0.143713
0.130935
0.154
0.012
0.168831
0.123814
0.159
0.0085
0.165335
0.0705
0.1455
0.0265
0.0134865
0.138431
0.170245
0.147852
0.0864136
0.0114943
0.022977
0.1655
0.2195
0.177
0.117441
0.189432
0.135297
0.197901
0.201899
0.153423
0.194708
0.1535
0.0204693
0.00899101
0.00899101
0.011988
0.096
0.164835
0.087956
0.1435
0.158263
0.141
0.10989
0.136932
0.1955
0.168831
0.2
0.17973
0.1705
0.2045
0.18041
0.166417
0.141359
0.105
0.155422
0.1555
0.1595
0.169331
0.146354
0.127
0.149425
0.175325
0.166833
0.014985
0.131303
0.166917
0.1005
0.1595
0.137431
0.1645
0.149276
0.0075
0.133
0.2195
0.188623
0.035
0.2005
0.153923
0.134299
0.1795
0.148
0.027986
0.169
0.158263
0.0684316
0.171
0.198
0.136932
0.170915
0.155345
0.16092
0.164918
0.1475
0.151
0.194
0.1745
0.183
0.127
0.123315
0.144855
0.138931
0.034
0.209395
0.169331
0.1715
0.1515
0.007996
0.137363
0.167832
0.168831
0.190405
0.1655
0.0105
0.0484758
0.010989
0.137431
0.0448878
0.146927
0.166417
0.1615
0.1455
0.1795
0.1705
0.0908184
0.104
0.16
0.171243
0.166417
0.144855
0.0704296
0.1575
0.0085
0.155422
0.183
0.124875
0.0114943
0.15984
0.169
0.1915
0.1665
0.154423
0.198
0.171
0.108782
0.0224663
0.133866
0.0214893
0.173327
0.117
0.193307
0.157
0.1365
0.148926
0.176
0.128436
0.0404798
0.156765
0.118382
0.174
0.126311
0.139361
0.173327
0.155345
0.146281
0.1075
0.158762
0.012987
0.1435
0.0274863
0.151424
0.0124875
0.167249
0.144356
0.018981
0.165917
0.173826
0.1785
0.174913
0.153
0.00799201
0.143
0.182227
0.163
0.154346
0.1665
0.1315
0.0535
0.0185
0.171
0.121439
0.124
0.176912
0.1325
0.157264
0.166
0.162919
0.146853
0.1085
0.221
0.0049975
0.0215
0.00748503
0.0914543
0.1275
0.126311
0.13
0.1555
0.174326
0.168916
0.1895
0.0274863
0.181727
0.192807
0.153347
0.176412
0.163
0.104
0.18032
0.013
0.138431
0.131934
0.147778
0.163337
0.0335
0.192
0.187625
0.172242
0.1025
0.007996
0.102449
0.192308
0.00649351
0.168
0.0144928
0.130935
0.196902
0.143928
0.156765
0.146427
0.122439
0.0145
0.1825
0.133433
0.163337
0.0664668
0.136
0.1525
0.0124938
0.173913
0.0204693
0.171914
0.154346
0.122317
0.0675
0.0195
0.0359461
0.185037
0.184908
0.163337
0.168
0.0884558
0.0795
0.174738
0.157264
0.1115
0.142358
0.014985
0.1655
0.158263
0.029985
0.002997
0.027
0.140859
0.163
0.172914
0.151
0.149
0.0114828
0.166833
0.173913
0.031
0.0174651
0.113
0.162338
0.144356
0.173739
0.019
0.2085
0.0194611
0.206
0.142
0.117441
0.1285
0.138293
0.178322
0.114
0.145854
0.157
0.155844
0.183908
0.1425
0.1555
0.1115
0.181409
0.097951
0.0369446
0.008
0.170829
0.201399
0.0684316
0.139361
0.19
0.157
0.147926
0.118204
0.1185
0.166833
0.211289
0.0284858
0.175325
0.159261
0.15327
0.1215
0.155422
0.114943
0.109945
0.1425
0.149925
0.111832
0.198302
0.144783
0.196
0.107946
0.129
0.0149775
0.180819
0.1375
0.221
0.1375
0.107892
0.027
0.1445
0.174239
0.21
0.2
0.00999001
0.025974
0.169
0.112831
0.086
0.153423
0.1425
0.149
0.0274863
0.163
0.153923
0.199201
0.146427
0.15519
0.087956
0.095952
0.02
0.1735
0.203094
0.1615
0.198302
0.0929535
0.149925
0.144783
0.14093
0.127309
0.1575
0.155
0.171742
0.1865
0.189311
0.1665
0.00149925
0.162
0.208396
0.169331
0.182726
0.006
0.107178
0.131
0.178411
0.0145
0.149925
0.153423
0.143
0.1645
0.185721
0.172914
0.130869
0.15035
0.121318
0.110889
0.074
0.1375
0.1785
0.1355
0.170415
0.201899
0.025987
0.181
0.1385
0.193
0.19
0.161919
0.177
0.141717
0.114943
0.212288
0.1275
0.147852
0.162837
0.194708
0.166833
0.111832
0.013993
0.1095
0.156344
0.181409
0.137931
0.133
0.144928
0.1515
0.141717
0.170415
0.045977
0.014
0.153
0.146
0.0124813
0.074
0.0989011
0.126374
0.1775
0.178911
