0.188312
0.248
0.011988
0.264
0.188623
0.208896
0.216783
0.202399
0.19031
0.168416
0.199
0.199
0.186
0.194
0.157
0.174913
0.227545
0.211394
0.17991
0.187812
0.199201
0.200699
0.231153
0.00349301
0.198801
0.187812
0.1795
0.196
0.24014
0.1915
0.241259
0.1705
0.218891
0.238761
0.0169915
0.186221
0.185907
0.2055
0.208084
0.187812
0.195402
0.137157
0.161838
0.209895
0.242636
0.118263
0.2235
0.185721
0.196803
0.2055
0.2475
0.1975
0.192904
0.2235
0.183816
0.2075
0.216892
0.249
0.1865
0.129935
0.17
0.207
0.234648
0.007
0.186128
0.187906
0.225887
0.1925
0.156
0.209581
0.1595
0.215784
0.179
0.2005
0.1275
0.212
0.202399
0.206088
0.214893
0.227886
0.007
0.195
0.167
0.181228
0.202399
0.145709
0.244256
0.2265
0.178
0.189216
0.11994
0.2255
0.220669
0.20979
0.228657
0.265867
0.238
0.213893
0.250125
0.186939
0.192404
0.055
0.170829
0.1925
0.1994
0.215784
0.1998
0.206897
0.2285
0.1935
0.0125
0.170245
0.21
0.206294
0.184
0.0104895
0.231884
0.1995
0.19
0.179
0.1655
0.195
0.2
0.199
0.168
0.0668663
0.194903
0.2175
0.215784
0.245
0.217565
0.167416
0.177057
0.237762
0.18
0.135796
0.2755
0.230385
0.185907
0.195
0.143357
0.229
0.2205
0.190714
0.283358
0.212681
0.012987
0.258741
0.206897
0.194
0.0195
0.214286
0.215892
0.18041
0.224663
0.239
0.163418
0.018
0.0104948
0.193
0.232
0.234648
0.179321
0.206
0.11994
0.193709
0.184631
0.252
0.2545
0.175736
0.246753
0.225887
0.189405
0.187
0.2
0.1955
0.1295
0.22039
0.1495
0.015
0.2055
0.198901
0.175
0.22089
0.205897
0.1965
0.197901
0.2035
0.2305
0.216567
0.179321
0.220779
0.181
0.195
0.181818
0.185315
0.172914
0.183908
0.185222
0.195305
0.1195
0.1997
0.232268
0.190025
0.0185
0.210789
0.215676
0.183908
0.207293
0.1705
0.225
0.211289
0.212182
0.156
0.2095
0.219
0.071964
0.206793
0.196705
0.2435
0.18
0.019
0.13037
0.184815
0.00649675
0.011994
0.241895
0.2095
0.2175
0.213393
0.1885
0.195609
0.213786
0.216892
0.253373
0.1875
0.215392
0.211788
0.192
0.25987
0.235764
0.219
0.186
0.185407
0.194903
0.211
0.1994
0.17991
0.235764
0.217391
0.198
0.235764
0.1675
0.232767
0.0175
0.171
0.206897
0.258741
0.234648
0.2115
0.0049975
0.185407
0.212288
0.241879
0.2575
0.0035
0.227886
0.0055
0.17941
0.238761
0.229
0.2005
0.1625
0.225
0.197303
0.1485
0.197
0.221
0.196402
0.151
0.239022
0.2065
0.217348
0.176823
0.2185
0.207396
0.228158
0.242879
0.1995
0.247
0.189405
0.245
0.1995
0.226773
0.242137
0.2185
0.156843
0.2265
0.217565
0.0095
0.126437
0.229385
0.220669
0.264
0.1715
0.223054
0.1998
0.208396
0.211394
0.218891
0.205397
0.195804
0.237
0.174
0.212
0.13037
0.27
0.18023
0.011994
0.216284
0.218891
0.202399
0.198401
0.21939
0.197802
0.1865
0.191
0.21507
0.24088
0.197802
0.185
0.197303
0.212394
0.289855
0.215784
0.181409
0.207896
0.219281
0.238642
0.185
0.213
0.2515
0.194
0.00999001
0.237
0.207792
0.00848303
0.213
0.223388
0.176823
0.24663
0.0149925
0.156843
0.138293
0.207396
0.212894
0.2285
0.174913
0.227273
0.199301
0.184908
0.1815
0.198801
0.230385
0.239022
0.153846
0.168416
0.187812
0.208
0.197303
0.2125
0.21939
0.178055
0.214678
0.0075
0.201697
0.203694
0.216783
0.179
0.0049975
0.2335
0.215784
0.232384
0.225
0.248
0.2145
0.175325
0.217391
0.199201
0.210895
0.133433
0.227659
0.190215
0.212
0.245754
0.186
0.215892
0.2009
0.18
0.191
0.134433
0.2175
0.00549451
0.223
0.181818
0.195305
0.1805
0.174
0.202399
0.207086
0.23988
0.245877
0.198401
0.123
0.2515
0.232
0.206897
0.2275
0.145
0.174326
0.303
0.247
0.1865
0.2025
0.211394
0.205192
0.166
0.182318
0.209
0.2195
0.175912
0.1175
0.239641
0.1945
0.2625
0.196705
0.1935
0.243635
0.245754
0.195305
0.1295
0.205397
0.198901
0.27495
0.198901
0.189216
0.203898
0.201899
0.155844
0.228272
0.1997
0.208396
0.18023
0.176324
0.0085
0.223388
0.23
0.251
0.271364
0.012987
0.175325
0.242
0.169415
0.228
0.201
0.234765
0.17982
0.206294
0.25
0.24038
0.1905
0.190619
0.0125
0.197703
0.167916
0.237381
0.168
0.1895
0.0668663
0.241895
0.147426
0.192
0.220669
0.1875
0.210789
0.166417
0.19321
0.190215
0.232884
0.216392
0.183816
0.197901
0.203898
0.0044955
0.2005
0.235764
0.217565
0.208791
0.253
0.237381
0.171914
0.2305
0.184815
0.252874
0.1975
0.2045
0.192116
0.207
0.2095
0.207792
0.2335
0.231153
0.0175
0.0184908
0.0095
0.216783
0.221389
0.2005
0.248
0.17941
0.230385
0.175
0.1975
0.235764
0.224388
0.012987
0.240759
0.2595
0.2185
0.226773
0.1875
0.181409
0.164918
0.014
0.19031
0.221168
0.175912
0.189905
0.216
0.1445
0.169
0.204795
0.2245
0.222889
0.207896
0.202399
0.200799
0.0668663
0.207086
0.197901
0.208479
0.196304
0.174413
0.227886
0.303
0.011988
0.2175
0.215
0.182136
0.218391
0.211289
0.212787
0.208
0.166417
0.1545
0.197901
0.1285
0.172914
0.185
0.207086
0.2055
0.216284
0.205794
0.224388
0.233766
0.207792
0.165417
0.18
0.1975
0.213287
0.19031
0.212
0.204898
0.199301
0.168
0.235
0.2065
0.235882
0.0954523
0.214393
0.22089
0.1865
0.235882
0.242137
0.0049975
0.216783
0.225774
0.172827
0.173826
0.153846
0.222278
0.184908
0.159182
0.248
0.174913
0.218391
0.170829
0.1885
0.2
0.216783
0.1975
0.19012
0.178055
0.1775
0.00748503
0.198401
0.263105
0.1975
0.207792
0.194306
0.171828
0.228158
0.201399
0.177
0.229885
0.238642
0.138
0.2105
0.230155
0.253373
0.192212
0.22
0.206088
0.235382
0.186221
0.227273
0.212787
0.1975
0.199601
0.155267
0.233766
0.1805
0.211
0.2005
0.1455
0.198401
0.176912
0.2275
0.237644
0.204
0.221
0.143357
0.253373
0.170415
0.17941
0.215892
0.195
0.225887
0.00798802
0.257485
0.192212
0.191
0.242016
0.00649026
0.251249
0.27
0.15976
0.219561
0.221
0.2325
0.245877
0.190905
0.1795
0.196402
0.211394
0.2455
0.168416
0.164
0.2235
0.221279
0.254491
0.1975
0.211394
0.169
0.2065
0.2085
0.207792
0.2195
0.1585
0.23
0.14036
0.193
0.2375
0.177911
0.228771
0.242879
0.2345
0.225
0.1735
0.177
0.1935
0.206897
0.24501
0.018
0.214286
0.237644
0.235882
0.212894
0.217066
0.169415
0.207896
0.164418
0.19012
0.181
0.2335
0.203898
0.210684
0.22089
0.24038
0.169
0.243513
0.196902
0.0095
0.016
0.229
0.166
0.1997
0.224663
0.00848727
0.158921
0.2345
0.178
0.145
0.2025
0.1795
0.1955
0.236264
0.2265
0.238642
0.166917
0.1015
0.193403
0.212787
0.228771
0.237644
0.235882
0.1725
0.241
0.155
0.212
0.0314685
0.1705
0.2009
0.202899
0.232884
0.2255
0.198
0.169415
0.2155
0.17982
0.205794
0.2405
0.110889
0.210684
0.237026
0.156843
0.203398
0.0095
0.202399
0.153117
0.211289
0.145
0.196803
0.0095
0.181409
0.212
0.208396
0.241879
0.22089
0.158841
0.2445
0.225
0.179
0.222278
0.0134865
0.0125
0.19031
0.160839
0.207896
0.218672
0.2001
0.139361
0.191712
0.207189
0.206
0.228886
0.238903
0.188312
0.212288
0.246377
0.174
0.242
0.185315
0.225
0.227886
0.163918
0.1905
0.212
0.195305
0.228886
0.0125
0.237
0.17
0.194
0.203694
0.212
0.145
0.168
0.225887
0.201399
0.214393
0.187718
0.17982
0.207896
0.212894
0.1995
0.174738
0.209895
0.164254
0.227386
0.2105
0.0104895
0.216
0.189905
0.1895
0.229885
0.1175
0.00698952
0.163918
0.173913
0.2095
0.164254
0.190714
0.187625
0.192807
0.110889
0.2095
0.228429
0.2695
0.185814
0.181818
0.2515
0.0154768
0.236146
0.235294
0.199301
0.208
0.196402
0.164418
0.192212
0.246
0.0605
0.1705
0.216
0.266367
0.171243
0.209895
0.164
0.016
0.222278
0.249
0.0085
0.181818
0.2655
0.221389
0.193709
0.183225
0.21
0.215392
0.216892
0.176912
0.1345
0.1985
0.2025
0.218891
0.157921
0.235882
0.262
0.162837
0.158841
0.176912
0.212
0.158921
0.245877
0.206294
0.205
0.0124875
0.211394
0.199
0.1895
0.199102
0.187
0.231269
0.206294
0.202899
0.251748
0.202
0.188312
0.207896
0.239641
0.2065
0.161838
0.237644
0.177911
0.222278
0.1645
0.211394
0.196402
0.157
0.2415
0.216892
0.016983
0.222777
0.235
0.224388
0.251123
0.202
0.243756
0.1995
0.265
0.1935
0.1835
0.186407
0.198
0.169
0.007996
0.164418
0.027972
0.209
0.215
0.303
0.223
0.1975
0.2005
0.158921
0.00899101
0.00698952
0.213287
0.224052
0.219561
0.230385
0.254873
0.21318
0.198
0.175
0.197802
0.071964
0.195804
0.216
0.275362
0.195
0.2085
0.21318
0.188
0.237
0.193806
0.187
0.173413
0.1825
0.193806
0.199301
0.00598504
0.181
0.26037
0.1485
0.171
0.1855
0.2175
0.182909
0.2105
0.229156
0.1965
0.216783
0.2235
0.1865
0.238761
0.146927
0.179
0.00848303
0.22
0.00849575
0.167
0.224775
0.218391
0.211289
0.189405
0.224775
0.00898652
0.21978
0.1975
0.2065
0.179641
0.00349301
0.245877
0.168416
0.005
0.168
0.202197
0.210789
0.208
0.215892
0.202298
0.201399
0.197
0.0065
0.225
0.21318
0.206397
0.194
0.206397
0.241879
0.202899
0.2145
0.227886
0.207189
0.257
0.157421
0.211394
0.183908
0.19
0.212787
0.205897
0.0065
0.2065
0.262369
0.225887
0.19031
0.211
0.2505
0.205794
0.023
0.194903
0.245377
0.181409
0.205
0.197901
0.241
0.256872
0.225
0.214393
0.207189
0.192904
0.266367
0.201399
0.1735
0.2035
0.2125
0.245132
0.191
0.217891
0.0544184
0.199301
0.0089955
0.157343
0.245877
0.245377
0.186314
0.179
0.208896
0.182318
0.236264
0.003996
0.189905
0.217782
0.209895
0.2155
0.179
0.174413
0.235882
0.214
0.203898
0.223
0.01
0.1855
0.179321
0.177911
0.254873
0.249126
0.0184723
0.234383
0.262
0.215392
0.205794
0.229885
0.187
0.204591
0.21507
0.00898652
0.226887
0.0124875
0.198
0.0055
0.183908
0.0104895
0.262
0.245377
0.17941
0.190405
0.22039
0.208687
0.175736
0.174
0.215
0.1915
0.21029
0.194
0.192904
0.0065
0.00549451
0.230155
0.213393
0.1965
0.2025
0.195305
0.167916
0.2445
0.194
0.235382
0.139361
0.0104895
0.171414
0.190905
0.151349
0.176
0.197901
0.2045
0.250873
0.234765
0.208791
0.1755
0.1875
0.1485
0.175
0.218891
0.2595
0.211894
0.2325
0.209
0.1935
0.174413
0.209
0.211289
0.1855
0.239
0.0104895
0.256615
0.213786
0.25
0.217891
0.225
0.241879
0.1135
0.211289
0.195305
0.1999
0.18091
0.214893
0.00848303
0.245877
0.187906
0.183134
0.191904
0.157921
0.147206
0.250375
0.209895
0.195305
0.156922
0.217565
0.214893
0.21029
0.254873
0.193613
0.1635
0.216
0.1985
0.19031
0.2475
0.183408
0.0215
0.187812
0.2515
0.184
0.2295
0.2355
0.248
0.255372
0.182909
0.202797
0.1998
0.208479
0.241
0.1935
0.25937
0.188811
0.228886
0.00849151
0.006
0.2005
0.191
0.199301
0.2515
0.158184
0.189216
0.244256
0.206294
0.0125
0.1965
0.225
0.2345
0.238761
0.198
0.236
0.204
0.179321
0.23988
0.0215
0.242879
0.246
0.0605
0.209685
0.227886
0.2
0.242137
0.198203
0.159182
0.156
0.2125
0.187625
0.21
0.182409
0.197
0.2255
0.156
0.18091
0.24014
0.242137
0.21
0.251748
0.205192
0.132934
0.1845
0.176412
0.210895
0.194
0.0055
0.208396
0.161919
0.175912
0.225887
0.190905
0.2175
0.231884
0.192
0.188
0.147
0.235147
0.233915
0.22089
0.170915
0.1955
0.239261
0.189405
0.190905
0.234383
0.212
0.110889
0.2005
0.218781
0.239261
0.246
0.225
0.196206
0.2285
0.229885
0.1965
0.00549725
0.242137
0.219
0.2065
0.216
0.238
0.211394
0.21
0.245377
0.241895
0.198702
0.1825
0.2345
0.253373
0.178911
0.153117
0.178821
0.0184908
0.247876
0.1495
0.18981
0.228771
0.107946
0.2355
0.231653
0.232
0.181818
0.18091
0.185
0.0125
0.0075
0.2265
0.2055
0.245754
0.225
0.222
0.201399
0.169415
0.226274
0.1725
0.246377
0.218891
0.245255
0.2085
0.170744
0.223388
0.0124875
0.144928
0.242
0.215784
0.0095
0.178322
0.007996
0.214
0.212394
0.174
0.257
0.215892
0.241
0.1998
0.168416
0.215392
0.198702
0.266
0.225
0.236
0.009995
0.204898
0.203
0.154192
0.2655
0.231884
0.237381
0.224775
0.213287
0.208
0.245377
0.198401
0.171
0.198702
0.186221
0.167916
0.264
0.197
0.221
0.011994
0.245754
0.2175
0.163
0.1975
0.007
0.227886
0.185814
0.221778
0.206897
0.207896
0.238
0.005997
0.174738
0.231884
0.207896
0.181
0.234765
0.0964518
0.270095
0.1905
0.227159
0.192807
0.1805
0.2005
0.011994
0.195207
0.0049975
0.145
0.303
0.262369
0.218891
0.211394
0.203898
0.178
0.183816
0.212787
0.207396
0.0075
0.004
0.2025
0.153846
0.0125
0.2375
0.173739
0.188406
0.208396
0.228158
0.2235
0.21029
0.213
0.008
0.1875
0.227886
0.21318
0.144428
0.2105
0.19031
0.229
0.255872
0.21318
0.177057
0.190405
0.1975
0.194403
0.212394
0.18672
0.207896
0.187126
0.185315
0.23988
0.006
0.235382
0.007996
0.231768
0.252874
0.205794
0.143357
0.1815
0.184
0.206
0.211
0.190905
0.1999
0.225
0.203
0.168
0.204
0.2425
0.258741
0.18672
0.203898
0.0149925
0.178911
0.248
0.011994
0.202696
0.208084
0.153117
0.231884
0.250749
0.181
0.1945
0.196402
0.225
0.257
0.217565
0.214393
0.219281
0.229885
0.1955
0.139361
0.2025
0.194
0.202899
0.00898652
0.189
0.251748
0.224388
0.198
0.17991
0.288567
0.15976
0.0194903
0.2345
0.258741
0.214785
0.1915
0.197
