0.0205
0.1865
0.0034965
0.145355
0.0474525
0.136863
0.188
0.151924
0.1515
0.150425
0.0175
0.1505
0.0589705
0.13037
0.1545
0.176148
0.1245
0.128308
0.11944
0.047952
0.155422
0.148777
0.098
0.119261
0.107393
0.1205
0.169
0.168332
0.009
0.136
0.151349
0.134
0.0374813
0.0455
0.135932
0.0555
0.108446
0.1365
0.14521
0.0065
0.168248
0.159
0.117441
0.156
0.1305
0.114
0.162837
0.1595
0.163836
0.0774226
0.015
0.0134865
0.145355
0.159
0.00798802
0.2065
0.0055
0.110945
0.141929
0.1775
0.104
0.003998
0.140859
0.134798
0.0329835
0.031984
0.14036
0.0675
0.0229885
0.132
0.123
0.155844
0.141787
0.149925
0.166
0.157421
0.0134933
0.160759
0.0144711
0.1855
0.115826
0.144711
0.144284
0.172741
0.0065
0.129371
0.143214
0.075
0.1255
0.143428
0.047
0.145355
0.137931
0.1585
0.0174738
0.153
0.110945
0.105947
0.135661
0.0194805
0.147778
0.1315
0.167333
0.1485
0.112
0.1335
0.0089955
0.022977
0.113443
0.0329835
0.018
0.0075
0.047952
0.145854
0.190405
0.178732
0.145427
0.1275
0.0134933
0.137931
0.0095
0.151924
0.084
0.106893
0.1565
0.170829
0.132
0.0155
0.171
0.1745
0.0295
0.0274863
0.0905
0.025
0.1125
0.143214
0.168332
0.150849
0.1535
0.156608
0.131
0.127436
0.112944
0.15976
0.14985
0.135432
0.204693
0.0505
0.172414
0.08
0.147778
0.127436
0.00449775
0.141359
0.119321
0.156
0.150925
0.126185
0.1665
0.0269596
0.101898
0.012987
0.144928
0.113
0.163418
0.168332
0.144
0.161919
0.1285
0.0803794
0.115
0.0189715
0.12987
0.12
0.064
0.0115
0.1625
0.114943
0.144
0.1335
0.161258
0.11994
0.141218
0.1145
0.149775
0.1315
0.102449
0.117
0.05997
0.143428
0.12094
0.014
0.115884
0.187
0.166334
0.127936
0.161258
0.0204693
0.00849575
0.12987
0.014
0.127436
0.089955
0.114943
0.01
0.156608
0.0414793
0.147926
0.143
0.173913
0.196402
0.152924
0.0834166
0.1925
0.1365
0.119261
0.0943585
0.154
0.16092
0.147353
0.0545
0.0964518
0.021989
0.0849151
0.0365
0.0395
0.106447
0.118881
0.098
0.143
0.0114943
0.187219
0.129
0.1385
0.134933
0.102346
0.163673
0.158921
0.0104948
0.144783
0.0974513
0.12038
0.0894553
0.127872
0.0114828
0.0925
0.205691
0.0909545
0.125437
0.128308
0.0244755
0.1665
0.127436
0.1465
0.0114828
0.157421
0.1755
0.0909545
0.12038
0.15
0.1675
0.139291
0.146927
0.176412
0.018
0.0214785
0.1545
0.139
0.0558603
0.1015
0.0635
0.107
0.071964
0.162257
0.131
0.101399
0.0109945
0.162837
0.116
0.2005
0.0129805
0.168
0.124938
0.0589705
0.1425
0.069
0.115327
0.1675
0.134
0.105736
0.128308
0.123814
0.0394015
0.1825
0.144928
0.117
0.0793413
0.15992
0.0134933
0.1465
0.129306
0.115
0.134933
0.142929
0.0789211
0.0965
0.146927
0.157421
0.152424
0.144284
0.165417
0.127436
0.157264
0.0264868
0.0104895
0.102794
0.0144928
0.011
0.128372
0.156
0.015
0.137862
0.1355
0.174
0.113
0.139222
0.151
0.149276
0.137
0.174
0.1665
0.1425
0.0865
0.155345
0.0435
0.102
0.0104948
0.006
0.0675
0.135432
0.135432
0.0769615
0.173826
0.182726
0.157343
0.136228
0.173653
0.0204898
0.0709645
0.1333
0.144284
0.0129935
0.1225
0.1465
0.149425
0.0795
0.0275
0.115942
0.165
0.0995
0.00349476
0.1825
0.16026
0.111944
0.173913
0.0065
0.162837
0.157421
0.120879
0.173739
0.153423
0.169162
0.0049975
0.16092
0.093953
0.142857
0.106
0.142715
0.156922
0.131
0.132934
0.163
0.135432
0.00848727
0.0075
0.15992
0.118
0.176
0.1315
0.05
0.0134933
0.009
0.014
0.132934
0.106893
0.0164918
0.1333
0.0395
0.1015
0.145427
0.145927
0.142
0.1395
0.132368
0.125
0.036
0.147926
0.121
0.154691
0.012
0.140719
0.086
0.143
0.154346
0.14043
0.0244878
0.127436
0.151848
0.145427
0.1535
0.0365
0.123752
0.173653
0.1145
0.1075
0.154
0.143428
0.007
0.109
0.102
0.005997
0.134798
0.109
0.115942
0.021989
0.11944
0.154423
0.145427
0.1335
0.145427
0.054
0.145355
0.102794
0.1465
0.177
0.042
0.144284
0.154923
0.111888
0.14043
0.184
0.1865
0.1195
0.1555
0.123438
0.0945
0.0955
0.136364
0.145427
0.154346
0.1555
0.14022
0.012987
0.0075
0.130935
0.178911
0.17973
0.1575
0.145927
0.1485
0.145427
0.138224
0.1735
0.121878
0.1255
0.0204898
0.150925
0.00948577
0.169915
0.1075
0.140859
0.00899101
0.1335
0.163836
0.134798
0.02
0.159
0.0069965
0.134
0.130435
0.132368
0.112774
0.11944
0.1115
0.153347
0.1725
0.011976
0.1955
0.145927
0.178821
0.0974513
0.118822
0.102346
0.0585
0.0409795
0.117882
0.0895
0.158184
0.115942
0.123253
0.168916
0.108
0.169
0.03
0.0255
0.0688967
0.0724638
0.0834583
0.1545
0.116942
0.169415
0.008
0.137363
0.1385
0.158
0.11
0.158921
0.0129935
0.154346
0.0985
0.0905
0.154923
0.105447
0.12044
0.11
0.13523
0.17
0.007
0.0635
0.089
0.1665
0.0957606
0.01
0.0164835
0.136795
0.152348
0.160759
0.00798802
0.0144928
0.107946
0.1225
0.103948
0.1385
0.0503992
0.0165
0.137
0.0125
0.138431
0.1545
0.00849575
0.162837
0.1215
0.178
0.155422
0.131868
0.073963
0.107
0.0234765
0.084
0.150275
0.157842
0.164671
0.139222
0.135432
0.074
0.0354823
0.150425
0.186221
0.1735
0.0759241
0.0589705
0.159681
0.168
0.121939
0.14985
0.154346
0.0465
0.136
0.00449775
0.00449775
0.156
0.147926
0.065967
0.136
0.00649026
0.1355
0.151924
0.03
0.0244755
0.0244755
0.0774613
0.0959041
0.145355
0.0104948
0.118762
0.187
0.0104948
0.142786
0.071
0.014
0.104
0.144711
0.044955
0.101898
0.121
0.1485
0.024
0.11944
0.0865
0.1185
0.164835
0.139222
0.0104948
0.0169915
0.0215
0.1685
0.013
0.112444
0.151
0.151
0.1225
0.1215
0.164336
0.0689311
0.140859
0.156922
0.0793413
0.134366
0.132934
0.0124938
0.0065
0.165
0.151848
0.138931
0.111
0.117441
0.116384
0.118441
0.0945
0.144428
0.0114828
0.1245
0.037
0.0124938
0.0927681
0.003998
0.150275
0.1225
0.11944
0.0823764
0.0114943
0.0894553
0.0125
0.00549725
0.1285
0.13
0.0065
0.0953094
0.1585
0.149276
0.105447
0.148204
0.011994
0.0185
0.132
0.190215
0.148278
0.098
0.171243
0.157343
0.0405
0.173
0.1505
0.0049975
0.178
0.183408
0.141359
0.172741
0.108891
0.163418
0.1355
0.144284
0.120879
0.123438
0.00549451
0.141429
0.0194708
0.1515
0.156422
0.141787
0.113772
0.196402
0.129306
0.0673989
0.102346
0.128308
0.1725
0.1515
0.0843734
0.157343
0.161919
0.0969515
0.0985
0.0534733
0.153423
0.0974513
0.170744
0.142929
0.091954
0.047952
0.136
0.011
0.145
0.075
0.142786
0.178
0.156
0.133
0.0274863
0.175824
0.1135
0.132
0.15035
0.156608
0.1015
0.027
0.123438
0.007
0.107892
0.044955
0.045977
0.156
0.13037
0.120879
0.105447
0.1435
0.011
0.164
0.202298
0.102846
0.113886
0.206397
0.162919
0.173413
0.126937
0.1695
0.0689655
0.145927
0.168
0.115
0.14985
0.1215
0.150925
0.149925
0.155422
0.156843
0.1455
0.1675
0.134933
0.138931
0.171486
0.081
0.01
0.126311
0.14985
0.117265
0.104895
0.0134933
0.123438
0.154346
0.1355
0.00949051
0.123438
0.105894
0.169915
0.1865
0.15035
0.0249875
0.152
0.089
0.0474525
0.143428
0.1115
0.147852
0.176
0.175736
0.129371
0.029
0.194209
0.136364
0.1555
0.1715
0.0619071
0.00899101
0.173413
0.024
0.150623
0.0225
0.0185
0.134798
0.0845
0.0354823
0.0534733
0.164918
0.0154691
0.009
0.177323
0.1435
0.131
0.0329341
0.178322
0.139291
0.1385
0.0109945
0.125749
0.129306
0.0109945
0.132368
0.022
0.124
0.129306
0.112887
0.102846
0.0439341
0.0795
0.141288
0.0329341
0.0095
0.117265
0.004
0.141
0.1125
0.1465
0.1765
0.126937
0.166
0.113443
0.12
0.134865
0.011976
0.111
0.0474525
0.0965
0.00798802
0.173826
0.134865
0.164172
0.173826
0.1004
0.13943
0.161
0.0365
0.016
0.157264
0.1105
0.0294853
0.188
0.183908
0.137
0.00798802
0.169415
0.118881
0.102449
0.145927
0.141359
0.130435
0.148777
0.131
0.131
0.151924
0.151424
0.1335
0.147
0.169331
0.0995
0.145927
0.175736
0.1035
0.1415
0.009
0.017982
0.140789
0.1185
0.139
0.1515
0.0914543
0.0724638
0.0464304
0.136228
0.00549725
0.151
0.072
0.150925
0.116
0.0994503
0.157029
0.024
0.109336
0.157421
0.0865
0.034
0.111888
0.108446
0.014
0.110834
0.137931
0.02
0.155922
0.02
0.11944
0.031
0.0645
0.084
0.126311
0.105
0.089
0.0365
0.161677
0.102449
0.149775
0.135
0.0089955
0.134366
0.097951
0.136432
0.047
0.0395
0.0835
0.105
0.0985
0.132934
0.172741
0.054
0.0774226
0.169331
0.1565
0.1333
0.0109835
0.107393
0.107
0.127436
0.169915
0.156843
0.1755
0.0235
0.121
0.107
0.114885
0.141218
0.10634
0.135
0.1865
0.0909545
0.108392
0.150925
0.0769615
0.0129805
0.150925
0.129371
0.136364
0.1325
0.00999001
0.1075
0.0774613
0.0554723
0.113
0.167
0.0134731
0.108891
0.102449
0.105447
0.1555
0.115942
0.149925
0.173739
0.1205
0.138
0.123938
0.0069965
0.103896
0.1335
0.136228
0.111
0.183408
0.073
0.0914543
0.137931
0.044955
0.132934
0.1415
0.144783
0.12987
0.161515
0.189905
0.162257
0.0134933
0.143928
0.02997
0.093
0.0065
0.109445
0.1015
0.131934
0.157763
0.132934
0.1585
0.164
0.0929535
0.193806
0.171657
0.147426
0.186407
0.112887
0.116384
0.0995
0.177323
0.0955
0.136228
0.135
0.187406
0.124376
0.172914
0.016983
0.111
0.0905
0.1575
0.1465
0.0589705
0.158
0.114828
0.0144855
0.1145
0.184224
0.0823764
0.0284858
0.0065
0.0175
0.0663342
0.11
0.0355
0.0925
0.0055
0.12038
0.145355
0.149701
0.132
0.0195
0.142
0.0169915
0.0125
0.148
0.0955
0.12032
0.0629685
0.108446
0.155345
0.159
0.1385
0.154346
0.137431
0.0174738
0.081
0.1275
0.1465
0.2065
0.1725
0.095357
0.0204693
0.123
0.015
0.0629685
0.158421
0.097
0.169415
0.131868
0.136432
0.1165
0.112444
0.013
0.117941
0.0134865
0.134
0.128308
0.1375
0.16092
0.1265
0.122439
0.128244
0.109
0.126937
0.108446
0.127
0.0645
0.1415
0.1525
0.00549451
0.1755
0.142287
0.0365
0.142429
0.00849575
0.1265
0.034
0.1305
0.009
0.0944528
0.014
0.1105
0.149425
0.157763
0.0065
0.1945
0.0989505
0.151349
0.123814
0.145427
0.126437
0.1225
0.188406
0.155422
0.154423
0.0865
0.1235
0.147
0.0065
0.103896
0.0514743
0.127436
0.176823
0.0169576
0.1495
0.027972
0.0524738
0.16092
0.187219
0.150925
0.0878682
0.176
0.016
0.0395
0.122877
0.117941
0.122439
0.1585
0.152424
0.114943
0.0104895
0.00549725
0.141858
0.137
0.1685
0.1415
0.0275
0.175
0.15035
0.141
0.1565
0.0925
0.106
0.155422
0.0034965
0.187406
0.0965
0.12987
0.101949
0.009
0.13037
0.162837
0.0675
0.143428
0.1445
0.019
0.003998
0.159
0.149925
0.0975
0.134798
0.126937
0.085
0.16
0.0995
0.064
0.145927
0.0134933
0.130435
0.155422
0.102449
0.176
0.116942
0.0274725
0.1555
0.1005
0.0965
0.010978
0.204693
0.0065
0.00848727
0.166833
0.156843
0.0885
0.123438
0.137862
0.168
0.105447
0.007
0.0109945
0.1555
0.136432
0.101898
0.101949
0.1285
0.106893
0.0185
0.09
0.114
0.169915
0.137431
0.151924
0.0069965
0.14043
0.150849
0.0575
0.1345
0.037
0.154
0.144284
0.156
0.1425
0.131
0.147
0.1365
0.1085
0.1565
0.134
0.1335
0.107
0.128936
0.1315
0.145927
0.156922
0.143856
0.110889
0.126937
0.162
0.107393
0.146927
0.00849151
0.121939
0.0065
0.145927
0.105841
0.168831
0.086
0.1675
0.0065
0.144711
0.011982
0.0135
0.143428
0.175
0.0944528
0.0304543
0.162
0.0065
0.132302
0.118
0.111
0.142786
0.122877
0.0244755
0.15035
0.113
0.120879
0.101449
0.16
0.155267
0.165417
0.00349476
0.004
0.044955
0.113886
0.0673989
0.1025
0.167832
0.0149925
0.128244
0.108
0.155
0.12987
0.2065
0.173413
0.0823764
0.174
0.126937
0.012987
0.1475
0.148851
0.157842
0.0895
0.0164835
0.12987
0.138431
0.12987
0.101
0.005997
0.1765
0.14093
0.0365
0.12
0.162
0.0225
0.147705
0.027972
0.175
0.0675
0.0823764
0.0189715
0.0134933
0.138431
0.0844578
0.0895
0.11994
0.1545
0.125749
0.145927
0.157343
0.134165
0.0464304
0.1355
0.105947
0.155844
0.145355
0.0175
0.128244
0.120819
0.11
0.028
0.139
0.1555
0.147
0.0149925
0.178732
0.176
0.175912
0.09
0.1145
0.011
0.1475
0.164671
0.158
0.158921
0.005
0.147778
0.158
0.153423
0.182409
0.176912
0.137862
0.145427
0.145927
0.105947
0.11994
0.138431
0.127
0.118441
0.12987
0.0395
0.0049975
0.05997
0.1315
0.148926
0.0134731
0.157
0.140719
0.212575
0.1004
0.074
0.0174738
0.145927
0.144928
0.188406
0.0957606
0.125437
0.096
0.0249875
0.15035
0.109945
0.129306
0.0125
0.169415
0.141
0.0834583
0.182726
0.127617
0.0289421
0.158
0.152924
0.14036
0.0365
0.1515
0.158921
0.01999
0.0604698
0.157264
0.1215
0.125375
0.0329835
0.12094
0.170744
0.141
0.117324
0.016983
0.1645
0.109445
0.098
0.159681
0.018
0.134
0.152348
0.05997
0.13
0.144
0.055972
0.170829
0.143
0.0984508
0.0129935
0.147852
0.1225
0.126311
0.10989
0.118881
0.1345
0.132368
0.150925
0.122439
0.0049975
0.158421
0.107946
0.1555
0.13993
0.141359
0.116
0.00899101
0.0514743
0.113943
0.1365
0.0904548
0.145427
0.139222
0.0085
0.1415
0.014
0.156843
0.096
0.013986
0.116942
0.1145
0.1025
0.179
0.0104948
0.0514743
0.00749625
0.171414
0.134798
0.165
0.148777
0.153923
0.009
0.147353
0.020979
0.133933
0.151
0.117383
0.121817
0.011
0.0214785
0.00949525
0.106893
0.1125
0.0774226
0.132302
0.121878
0.143428
0.136364
0.0789211
0.194708
0.004
0.139721
0.177
