0.190809
0.141429
0.157842
0.122939
0.130435
0.163
0.151848
0.121
0.179
0.209
0.18032
0.0095
0.154423
0.189
0.165335
0.151
0.118941
0.167832
0.206294
0.170415
0.014
0.193806
0.171
0.184908
0.157
0.162
0.170915
0.0444555
0.010978
0.165335
0.233766
0.1515
0.189311
0.163836
0.133866
0.16042
0.173413
0.157842
0.205295
0.170245
0.158
0.197
0.005
0.1985
0.180819
0.172914
0.141717
0.161677
0.147
0.1125
0.135365
0.185407
0.18032
0.143
0.18981
0.114885
0.201697
0.1625
0.138931
0.0274588
0.147
0.196402
0.175412
0.217391
0.1785
0.1895
0.038
0.073963
0.164418
0.189405
0.179
0.175736
0.174413
0.0204795
0.1675
0.175412
0.184815
0.133933
0.154
0.0164835
0.0104843
0.0135
0.00349825
0.147
0.160839
0.18032
0.143784
0.1355
0.1705
0.1675
0.106893
0.1875
0.15992
0.14
0.203398
0.183408
0.2035
0.0325
0.187
0.0969031
0.12681
0.171414
0.182909
0.201899
0.147279
0.187406
0.190809
0.151349
0.126873
0.1585
0.128
0.191
0.176912
0.205397
0.156422
0.1785
0.0404798
0.153423
0.14043
0.107339
0.1735
0.00849575
0.154923
0.137862
0.171414
0.166334
0.175912
0.043
0.01999
0.172914
0.163
0.144
0.193806
0.171828
0.0445
0.186314
0.142929
0.19202
0.106394
0.174326
0.032
0.1665
0.1985
0.131369
0.18023
0.136432
0.144284
0.1735
0.126374
0.155345
0.0129935
0.1415
0.192711
0.1805
0.007996
0.184408
0.142929
0.103844
0.171828
0.0089955
0.1875
0.161419
0.12681
0.177911
0.163
0.185907
0.18041
0.017
0.1255
0.1455
0.115
0.14043
0.147426
0.171243
0.175412
0.125811
0.1285
0.186907
0.1005
0.155422
0.160759
0.159
0.1325
0.1495
0.198
0.186314
0.227772
0.199301
0.189
0.153693
0.029
0.1605
0.1765
0.206397
0.199
0.1495
0.207
0.1425
0.172156
0.1515
0.171742
0.186907
0.13943
0.203398
0.13986
0.0174825
0.0204795
0.161419
0.14
0.0135
0.182817
0.0274588
0.085
0.154346
0.1705
0.16
0.0169915
0.011994
0.1845
0.167
0.1705
0.110445
0.188312
0.145
0.0989011
0.155844
0.148352
0.157921
0.121379
0.15992
0.16026
0.169915
0.168332
0.160839
0.123938
0.146427
0.145854
0.144928
0.1975
0.165417
0.146853
0.171914
0.165417
0.193806
0.171414
0.183908
0.144
0.152424
0.147
0.1999
0.087
0.166251
0.227772
0.168416
0.16026
0.187
0.171
0.125312
0.193
0.151424
0.143285
0.169915
0.178
0.200799
0.184815
0.178911
0.130435
0.138
0.157
0.0329835
0.15992
0.176
0.145
0.1355
0.158421
0.164172
0.15
0.175412
0.01
0.152348
0.0275
0.018
0.175824
0.2035
0.066
0.162338
0.005997
0.125811
0.170829
0.0144928
0.149925
0.148426
0.171414
0.147778
0.1333
0.1502
0.175736
0.0289855
0.12681
0.0075
0.175736
0.18023
0.144356
0.013993
0.180819
0.16983
0.146853
0.12987
0.123315
0.0124813
0.16
0.1785
0.174239
0.162176
0.168747
0.197401
0.1665
0.157921
0.029
0.066
0.201798
0.165917
0.157
0.1825
0.182
0.1285
0.141
0.192404
0.202
0.203
0.170915
0.209186
0.217174
0.190405
0.183816
0.13
0.15992
0.029
0.0129935
0.167916
0.010989
0.169
0.147778
0.181
0.1755
0.073963
0.007
0.185
0.166251
0.1855
0.182909
0.188
0.203898
0.151924
0.0145
0.0869565
0.120819
0.188406
0.0125
0.170829
0.13993
0.124376
0.0269461
0.134798
0.164418
0.15976
0.1575
0.166
0.176
0.175237
0.194209
0.155345
0.1505
0.211394
0.0155
0.179
0.156922
0.0929071
0.145854
0.158
0.0755
0.0735
0.176912
0.176823
0.168747
0.123
0.106893
0.181727
0.00999001
0.142429
0.1235
0.172414
0.185
0.1615
0.00849575
0.198104
0.161419
0.1415
0.203195
0.0404798
0.158421
0.224276
0.188406
0.163836
0.171414
0.137363
0.142
0.1225
0.158
0.0489266
0.1845
0.00349825
0.161919
0.1175
0.175412
0.14
0.202899
0.15992
0.111277
0.1605
0.0164835
0.178144
0.154423
0.2055
0.154423
0.163754
0.197901
0.170415
0.152771
0.169415
0.1565
0.165751
0.144
0.019
0.1505
0.13037
0.141
0.01998
0.200799
0.189
0.134798
0.0964518
0.203898
0.158184
0.191
0.189
0.215354
0.0095
0.162675
0.1555
0.087
0.15992
0.13943
0.121379
0.187906
0.165
0.0104843
0.163337
0.1785
0.161419
0.177
0.0109726
0.178055
0.110778
0.1245
0.178411
0.17515
0.141929
0.0589705
0.153
0.142
0.158524
0.203
0.1745
0.096
0.174
0.133933
0.1515
0.0149925
0.181
0.201399
0.136932
0.161
0.147426
0.157
0.168416
0.1865
0.16042
0.1185
0.0194903
0.0169915
0.153
0.198901
0.174825
0.165417
0.1785
0.151924
0.16034
0.142715
0.143784
0.0925
0.18041
0.199
0.126
0.171657
0.163
0.148777
0.123938
0.156843
0.032
0.228
0.172827
0.12094
0.147426
0.170245
0.1605
0.157842
0.1565
0.0075
0.1875
0.1502
0.183
0.015
0.138653
0.18404
0.00949525
0.142786
0.115711
0.168916
0.148426
0.0964518
0.147778
0.12987
0.182318
0.168916
0.182726
0.108337
0.1645
0.174825
0.126
0.0065
0.150425
0.014
0.033
0.188
0.149925
0.00949525
0.130435
0.132368
0.147
0.014985
0.185222
0.152424
0.125312
0.202
0.147926
0.175736
0.0519221
0.168747
0.1645
0.096
0.191309
0.1855
0.192904
0.146208
0.161419
0.124376
0.1685
0.118263
0.1502
0.149925
0.136932
0.154
0.205
0.1505
0.216284
0.126747
0.172414
0.00349825
0.007
0.174
0.163918
0.133933
0.205397
0.164172
0.0978532
0.228
0.167416
0.189
0.137363
0.117
0.168747
0.123377
0.0924538
0.172328
0.134
0.0404798
0.1615
0.175912
0.1955
0.189405
0.137862
0.014985
0.165335
0.176823
0.149127
0.188312
0.1999
0.174326
0.147
0.1415
0.0335
0.118703
0.177411
0.0605
0.186314
0.1515
0.1415
0.1745
0.156
0.15327
0.1415
0.176
0.172741
0.192308
0.175412
0.168416
0.151772
0.1555
0.189905
0.0525
0.188124
0.0095
0.154845
0.143784
0.157921
0.1245
0.1525
0.183908
0.132867
0.158263
0.143285
0.173413
0.146853
0.231
0.172328
0.00899101
0.214
0.138
0.142786
0.15942
0.203
0.0274588
0.153347
0.1165
0.191904
0.153
0.176324
0.0389416
0.125312
0.206294
0.1175
0.105947
0.0214893
0.143285
0.172
0.00549725
0.178322
0.1675
0.164336
0.0605
0.177
0.147426
0.172
0.105894
0.2
0.182909
0.131434
0.162837
0.18032
0.01998
0.147
0.1325
0.122939
0.0134865
0.181727
0.13986
0.1665
0.144356
0.18981
0.105
0.202797
0.175325
0.158
0.0215
0.110445
0.04
0.148426
0.137931
0.178322
0.161677
0.144
0.149425
0.126374
0.144
0.153423
0.1625
0.019
0.152272
0.17324
0.132434
0.164918
0.149351
0.172328
0.206294
0.12
0.130435
0.190905
0.159
0.1755
0.162
0.0519221
0.163918
0.1875
0.182227
0.165834
0.0215
0.161
0.1735
0.1785
0.154
0.116384
0.189905
0.15
0.161919
0.139
0.1665
0.17324
0.176412
0.141
0.17324
0.177
0.173913
0.188
0.163836
0.201399
0.16034
0.0325
0.164418
0.096
0.150849
0.166
0.218672
0.1505
0.1595
0.125937
0.1985
0.164418
0.218391
0.022
0.187
0.173913
0.165669
0.174326
0.193806
0.139291
0.019
0.052
0.197
0.142429
0.0164753
0.173826
0.0129935
0.158921
0.1635
0.158184
0.151424
0.133933
0.171
0.197
0.147
0.152272
0.12681
0.125125
0.128308
0.191
0.18023
0.151349
0.165
0.123876
0.138792
0.132434
0.1635
0.0104843
0.157921
0.177411
0.193806
0.142929
0.100849
0.154269
0.143285
0.1345
0.146
0.22089
0.1435
0.1135
0.0194903
0.165417
0.184408
0.175824
0.199
0.0215
0.1925
0.14
0.16
0.183408
0.1745
0.1655
0.194
0.1515
0.189
0.123
0.144
0.1165
0.15942
0.168747
0.123938
0.1625
0.0209895
0.182817
0.1925
0.171
0.1755
0.217174
0.123377
0.128678
0.143784
0.174326
0.1725
0.148
0.1405
0.185907
0.15327
0.0164835
0.178055
0.176735
0.133933
0.188906
0.133933
0.16
0.141858
0.201
0.0315
0.130435
0.17324
0.01997
0.0045
0.175
0.146208
0.17515
0.1475
0.1485
0.0325
0.163836
0.184408
0.165335
0.003996
0.182
0.1425
0.085
0.193
0.152424
0.198
0.117441
0.175412
0.15942
0.189905
0.132
0.120819
0.0584708
0.1375
0.1485
0.193806
0.0474289
0.223
0.22089
0.1735
0.137931
0.169915
0.015984
0.214393
0.0069965
0.172
0.1575
0.132434
0.182
0.141429
0.154923
0.135365
0.161919
0.161419
0.1875
0.149925
0.1955
0.144356
0.1825
0.176
0.0279581
0.134933
0.231
0.117941
0.165417
0.150275
0.191
0.123
0.0209895
0.1325
0.125937
0.171243
0.0154691
0.0613772
0.136932
0.197
0.185721
0.161
0.1535
0.1855
0.128678
0.138
0.185721
0.187406
0.1745
0.202797
0.171742
0.0998004
0.165417
0.136432
0.181909
0.102398
0.144783
0.142
0.193
0.0269461
0.118941
0.168916
0.136932
0.00649675
0.176324
0.0315
0.169415
0.0069965
0.205295
0.198203
0.14093
0.181909
0.140859
0.1875
0.0789211
0.194209
0.014
0.18041
0.198104
0.123
0.1675
0.128436
0.187906
0.138653
0.1665
0.1135
0.0095
0.175
0.175824
0.0229885
0.161419
0.182409
0.130305
0.177411
0.0214893
0.1275
0.126374
0.177
0.201899
0.156188
0.155345
0.134798
0.1085
0.1795
0.158762
0.0859141
0.166
0.183908
0.1955
0.124875
0.123938
0.121379
0.1865
0.1155
0.171828
0.199
0.0534733
0.0904096
0.182909
0.032
0.16983
0.188906
0.190809
0.160839
0.1515
0.121439
0.171
0.2015
0.017
0.16026
0.0679321
0.116384
0.107339
0.187
0.175412
0.1735
0.1355
0.186
0.201697
0.143784
0.174326
0.164918
0.17982
0.134798
0.0104843
0.169415
0.157421
0.16034
0.1395
0.017982
0.231
0.121439
0.13037
0.180819
0.09
0.1325
0.188312
0.169246
0.168
0.150925
0.1855
0.1615
0.162338
0.156922
0.011994
0.1695
0.1905
0.14093
0.185407
0.20979
0.0085
0.18041
0.157421
0.128
0.150925
0.182
0.11
0.176148
0.0065
0.16026
0.0135
0.183408
0.175912
0.13993
0.0869565
0.1975
0.181
0.137294
0.185407
0.175237
0.1355
0.147926
0.1395
0.187
0.121379
0.141
0.17324
0.14043
0.0085
0.132302
0.168747
0.195207
0.178732
0.18
0.200799
0.154423
0.205397
0.163918
0.144
0.0169915
0.0274588
0.1665
0.0519221
0.13943
0.185222
0.136
0.131934
0.0375
0.011
0.138293
0.0934533
0.161919
0.146927
0.0285
0.1915
0.0934533
0.183408
0.0194903
0.0289566
0.13986
0.0134731
0.1545
0.188
0.163337
0.197
0.127936
0.126
0.203
0.1545
0.205397
0.182409
0.169915
0.162338
0.149351
0.168164
0.151924
0.115
0.158421
0.1735
0.203
0.134433
0.126937
0.152424
0.1855
0.158105
0.009
0.171
0.0224775
0.142929
0.0464768
0.162837
0.011994
0.142
0.0584708
0.167249
0.0125
0.216
0.129435
0.106394
0.166917
0.0065
0.132
0.162
0.1635
0.168747
0.196402
0.131369
0.13993
0.236382
0.197901
0.187906
0.161919
0.161919
0.125811
0.124376
0.175
0.1995
0.1625
0.008
0.218672
0.131369
0.173739
0.0209895
0.186907
0.182726
0.182
0.136432
0.157421
0.0699301
0.1715
0.1265
0.182817
0.163337
0.114443
0.214393
0.177645
0.144783
0.181909
0.015
0.136
0.15942
0.1515
0.178411
0.180819
0.18
0.011994
0.1465
0.1575
0.172156
0.193806
0.171657
0.0613772
0.047976
0.1502
0.174
0.129435
0.217391
0.206294
0.1445
0.191
0.1675
0.111277
0.201597
0.147778
0.188906
0.133933
0.179231
0.132
0.009
0.151
0.1795
0.011994
0.158421
0.015984
0.0884558
0.166251
0.13037
0.176
0.196206
0.169246
0.1675
0.1675
0.133866
0.20979
0.15992
0.116384
0.1825
0.0164835
0.126937
0.1755
0.1495
0.182817
0.167416
0.177911
0.165917
0.0534733
0.0104843
0.161919
0.181
0.134865
0.161838
0.0448654
0.13943
0.128936
0.0884558
0.217391
0.196902
0.124813
0.130305
0.1095
0.198302
0.011994
0.185222
0.1675
0.175736
0.1333
0.1105
0.00549725
0.103844
0.121
0.0699301
0.1585
0.017982
0.133933
0.102398
0.163337
0.0135
0.168164
0.166833
0.126374
0.116
0.161
0.1685
0.178
0.136
0.183908
0.142358
0.188406
0.134299
0.182909
0.022
0.172414
0.157
0.0315
0.181228
0.017982
0.121939
0.00549725
0.155689
0.183908
0.155766
0.107446
0.1345
0.182227
0.178411
0.11944
0.121
0.1695
0.1825
0.0069965
0.1645
0.159
0.1185
0.130435
0.1635
0.111389
0.184316
0.154
0.19
0.164
0.151924
0.197901
0.153423
0.1485
0.164172
0.13993
0.02
0.178411
0.143784
0.1625
0.158263
0.142358
0.170915
0.066
0.165
0.192308
0.176
0.189
0.1425
0.1495
0.128871
0.197901
0.165335
0.176
0.164918
0.188
0.191
0.186314
0.128
0.061
0.197
0.0954523
0.181
0.139
0.194306
0.16983
0.1245
0.1635
0.121439
0.132434
0.175
0.129
0.137862
0.169915
0.1175
0.151848
0.1705
0.162837
0.105947
0.144
0.132302
0.0859141
0.1865
0.174
0.128436
0.157421
0.114885
0.107446
0.011994
0.169
0.168747
0.1004
0.176
0.1165
0.1615
0.1875
0.218891
0.148703
0.0474525
0.14
0.147
0.174913
0.0989011
0.1715
0.143784
0.1455
0.202
0.1705
0.152
0.201697
0.172414
0.151924
0.1705
0.192904
0.0075
0.185
0.1605
0.1435
0.151
0.163836
0.164418
0.143928
0.137363
0.176
0.0209895
0.171
0.193806
0.01997
0.128
0.157842
0.177911
0.1325
0.056
0.193613
0.128936
0.147
0.154423
0.019
0.103
0.149925
0.2015
0.125874
0.17973
0.12
0.0904096
0.15942
0.1505
0.142929
0.144284
0.018
0.1235
0.197901
0.153769
0.00899101
0.168747
0.136863
0.141
0.136
0.134798
0.138861
0.0169915
0.125811
0.167
0.156422
0.205
0.1705
0.043
0.216
0.1425
0.127
0.1745
0.215354
0.133733
0.1755
0.168747
0.209395
0.203195
0.168916
0.003996
0.137363
0.115
0.0149925
0.153
0.170415
0.1665
0.176
0.0085
0.118941
0.1999
0.2035
0.1905
0.209186
0.16034
0.192904
0.149351
0.148426
0.161
0.1745
0.0125
0.181409
0.192
0.1485
0.0095
0.0105
0.1485
0.168916
0.0925
