0.221279
0.214286
0.16
0.177822
0.253247
0.224775
0.22977
0.212681
0.232767
0.202399
0.226
0.008
0.215892
0.0075
0.187406
0.1985
0.226161
0.237762
0.132934
0.236882
0.2005
0.208292
0.089955
0.181409
0.2165
0.233
0.221058
0.200799
0.202899
0.2315
0.201299
0.242757
0.234266
0.224775
0.2135
0.186813
0.185907
0.227
0.216783
0.249375
0.2175
0.1925
0.1475
0.24975
0.227772
0.232535
0.193903
0.16092
0.2005
0.172
0.2075
0.219171
0.2215
0.222278
0.18023
0.204
0.211
0.204795
0.247752
0.208896
0.163
0.236908
0.108946
0.252874
0.193307
0.1895
0.200699
0.232384
0.2225
0.1435
0.00399002
0.177822
0.205897
0.003998
0.195
0.227159
0.1965
0.202797
0.244378
0.0125
0.16042
0.2395
0.232
0.185907
0.128
0.0069965
0.201399
0.210789
0.205397
0.222389
0.211894
0.176912
0.009
0.192615
0.232884
0.258
0.200799
0.227386
0.149
0.237144
0.109945
0.182227
0.188717
0.202696
0.213
0.204
0.2215
0.245377
0.271093
0.245377
0.156
0.22666
0.0105
0.201299
0.015
0.213786
0.243878
0.227
0.207
0.164418
0.1875
0.187126
0.168747
0.193903
0.249
0.2115
0.17973
0.2245
0.164918
0.259
0.236
0.015
0.135365
0.1845
0.204898
0.246254
0.2535
0.224888
0.199201
0.217174
0.2415
0.223388
0.2475
0.00649351
0.1865
0.1745
0.228886
0.1865
0.214286
0.1975
0.19031
0.243257
0.188811
0.185721
0.21029
0.191
0.233883
0.211183
0.1865
0.21939
0.206294
0.2125
0.224
0.173327
0.234266
0.259611
0.2005
0.227886
0.185721
0.198
0.210185
0.1895
0.205192
0.214893
0.232
0.216675
0.215392
0.232268
0.2225
0.2155
0.2565
0.193
0.227
0.2445
0.237381
0.198603
0.2345
0.223553
0.199
0.18014
0.183908
0.195
0.243756
0.232268
0.20979
0.177234
0.178322
0.17941
0.187406
0.0095
0.200799
0.208396
0.187906
0.185
0.157763
0.173
0.255117
0.237881
0.227659
0.0164835
0.2005
0.211
0.187906
0.218282
0.213393
0.224775
0.221889
0.1835
0.177323
0.241638
0.233883
0.245377
0.2135
0.232419
0.203
0.209395
0.253373
0.19031
0.257614
0.194903
0.234266
0.228886
0.245877
0.208188
0.213786
0.2455
0.242757
0.198603
0.275948
0.2435
0.2045
0.236
0.2165
0.135365
0.235382
0.2555
0.240759
0.191904
0.190405
0.201299
0.2285
0.25987
0.193903
0.268366
0.209395
0.191808
0.216
0.285714
0.237
0.107446
0.223277
0.225662
0.2265
0.233533
0.248252
0.181818
0.2395
0.235764
0.174413
0.242757
0.184
0.245754
0.228
0.208292
0.21
0.21978
0.191118
0.171414
0.1825
0.209895
0.217391
0.234266
0.022
0.225275
0.209395
0.208
0.283
0.228044
0.1965
0.221
0.177323
0.168416
0.233766
0.17941
0.128
0.2305
0.2003
0.173
0.197
0.149425
0.227386
0.1755
0.17991
0.266867
0.201899
0.1985
0.215392
0.18023
0.275948
0.261
0.2115
0.2315
0.230385
0.1995
0.1925
0.195804
0.238262
0.207
0.2395
0.182227
0.1965
0.198702
0.247376
0.242757
0.25
0.2455
0.184132
0.216068
0.243635
0.215
0.2165
0.225662
0.224
0.1945
0.201
0.24663
0.218391
0.009
0.11944
0.194306
0.156
0.226
0.161
0.00449775
0.2009
0.223388
0.2675
0.2035
0.1975
0.1935
0.213893
0.21029
0.248252
0.224164
0.193903
0.238
0.207792
0.198302
0.226
0.173154
0.23938
0.2085
0.2
0.212
0.215177
0.22039
0.193903
0.0085
0.1815
0.25025
0.243
0.201399
0.198603
0.146853
0.1855
0.212394
0.25
0.17941
0.182
0.1925
0.197605
0.225774
0.215392
0.258
0.206397
0.2255
0.1935
0.189
0.198901
0.185721
0.207293
0.2035
0.184723
0.1935
0.186
0.240759
0.253373
0.2455
0.238
0.2075
0.197
0.00748877
0.191213
0.248627
0.208292
0.198603
0.00649675
0.269
0.175412
0.242258
0.0075
0.216284
0.16042
0.2165
0.203398
0.108946
0.234765
0.17941
0.0125
0.243378
0.263
0.223776
0.263237
0.285714
0.197
0.234883
0.168416
0.198603
0.182227
0.234648
0.233533
0.217174
0.193403
0.225887
0.224888
0.2035
0.184723
0.01998
0.203898
0.172414
0.214785
0.2205
0.00249875
0.2255
0.248
0.2009
0.213679
0.108283
0.228386
0.196
0.22028
0.232384
0.2145
0.005
0.1765
0.011994
0.217891
0.246377
0.220669
0.218
0.190405
0.214179
0.149
0.224775
0.241138
0.007
0.195402
0.2095
0.162
0.2005
0.208292
0.188406
0.202399
0.008
0.202899
0.18023
0.217283
0.204
0.203796
0.1845
0.196803
0.206088
0.217174
0.196402
0.23988
0.194
0.185814
0.191904
0.221279
0.22089
0.251249
0.236382
0.2245
0.18
0.2335
0.234266
0.22666
0.232767
0.134865
0.22
0.203898
0.203694
0.2745
0.0155
0.158421
0.234266
0.180729
0.21939
0.203694
0.2315
0.208896
0.135365
0.206897
0.180729
0.232884
0.21029
0.2155
0.136
0.0105
0.207
0.211394
0.0045
0.232384
0.189311
0.246131
0.236882
0.203593
0.2315
0.213679
0.2175
0.269596
0.188218
0.168747
0.174738
0.181
0.234266
0.192404
0.197
0.217283
0.244
0.223
0.198702
0.214785
0.221889
0.003996
0.0049975
0.173413
0.118941
0.1885
0.171
0.214
0.155345
0.245877
0.202
0.242379
0.23938
0.172328
0.190619
0.2245
0.011994
0.237144
0.234648
0.234383
0.199
0.226161
0.1997
0.225887
0.223165
0.2675
0.2245
0.227
0.204795
0.1995
0.208292
0.232384
0.226387
0.226
0.0385
0.156843
0.203593
0.218781
0.021989
0.0269865
0.196705
0.18672
0.187906
0.1845
0.00649351
0.2009
0.2465
0.206897
0.15327
0.184
0.215354
0.0095
0.2165
0.176412
0.214393
0.2009
0.23988
0.203796
0.275862
0.205295
0.215569
0.101
0.23027
0.215892
0.2005
0.208896
0.223
0.249
0.206397
0.216392
0.218391
0.2455
0.2085
0.205897
0.22089
0.2445
0.225436
0.181818
0.174326
0.181
0.212394
0.202
0.218282
0.0095
0.24014
0.243756
0.118441
0.218891
0.221
0.225
0.263237
0.2245
0.1495
0.188811
0.187
0.228
0.198801
0.22666
0.194611
0.192615
0.1905
0.2125
0.231421
0.219
0.26024
0.01
0.187406
0.269865
0.275862
0.188811
0.005997
0.2295
0.187
0.2085
0.2245
0.22028
0.22977
0.185
0.243769
0.218391
0.1855
0.241758
0.2135
0.2225
0.224551
0.208583
0.258
0.22
0.223277
0.23365
0.211894
0.240759
0.185407
0.230885
0.170829
0.21
0.229
0.269
0.185907
0.223
0.008
0.17207
0.25025
0.145927
0.199
0.233
0.222555
0.01
0.189
0.190714
0.212787
0.224775
0.201697
0.203094
0.232268
0.0049975
0.196
0.222389
0.0129935
0.0154923
0.1765
0.225162
0.223277
0.214393
0.23
0.211394
0.230155
0.246377
0.215392
0.230885
0.187718
0.2415
0.221889
0.206
0.2195
0.208896
0.209895
0.242879
0.217673
0.182318
0.166334
0.2009
0.216783
0.01
0.146853
0.26037
0.22039
0.204194
0.181909
0.230769
0.1725
0.01
0.205192
0.191
0.249375
0.209895
0.173327
0.2385
0.22028
0.2315
0.2455
0.185
0.003
0.269365
0.2035
0.2095
0.233
0.228386
0.003996
0.2165
0.17016
0.225935
0.241638
0.203898
0.209895
0.195804
0.181409
0.203
0.239141
0.195
0.2135
0.223665
0.198
0.1675
0.175
0.1835
0.180549
0.2285
0.2445
0.2495
0.01
0.2395
0.1495
0.242379
0.234149
0.207
0.173413
0.177234
0.204898
0.128
0.18023
0.197605
0.1915
0.207792
0.1935
0.2205
0.186907
0.0049975
0.211
0.196304
0.244
0.168416
0.2315
0.2135
0.229042
0.1445
0.2165
0.2165
0.192404
0.223
0.257614
0.2035
0.207896
0.226387
0.1905
0.2005
0.164418
0.218891
0.205192
0.2145
0.248751
0.236
0.265
0.131434
0.212
0.221
0.193403
0.2255
0.1805
0.236264
0.208896
0.201399
0.217891
0.2245
0.230885
0.207
0.2025
0.234
0.00649675
0.199
0.196
0.17991
0.225
0.234266
0.171
0.254873
0.1955
0.257371
0.1895
0.193403
0.00399002
0.2185
0.204296
0.21318
0.1885
0.191213
0.2645
0.221889
0.1765
0.254873
0.211
0.2105
0.241138
0.269365
0.252
0.214393
0.015
0.200699
0.238
0.155422
0.215177
0.235147
0.210789
0.234383
0.1855
0.216392
0.195804
0.1865
0.222666
0.242379
0.1805
0.1805
0.2415
0.189216
0.197802
0.254873
0.197303
0.116442
0.1994
0.2355
0.204795
0.135
0.00848727
0.178411
0.221279
0.1805
0.011994
0.229385
0.224663
0.0085
0.168
0.2455
0.154423
0.202797
0.210895
0.2255
0.17515
0.184723
0.182409
0.273
0.228886
0.00549176
0.005997
0.107446
0.2565
0.225887
0.181818
0.233383
0.181
0.1905
0.2645
0.229
0.185814
0.196304
0.218
0.225887
0.204898
0.0175
0.187906
0.203898
0.185907
0.236
0.26011
0.176912
0.212
0.191213
0.196705
0.217
0.244
0.193403
0.2175
0.232
0.234765
0.0164918
0.194
0.198401
0.17991
0.244633
0.0129935
0.248503
0.199
0.175237
0.23938
0.005997
0.265367
0.169415
0.215
0.201399
0.214893
0.227
0.188
0.2355
0.155611
0.0229541
0.216
0.00399401
0.167748
0.199
0.189905
0.2175
0.256116
0.0135
0.170829
0.225436
0.250624
0.202
0.265
0.207396
0.246008
0.208896
0.232268
0.135
0.216392
0.221446
0.248252
0.1875
0.257371
0.185814
0.197303
0.201
0.21
0.231421
0.2245
0.221889
0.261
0.190405
0.181909
0.222389
0.135365
0.201
0.233883
0.241138
0.191118
0.204092
0.25987
0.158421
0.242879
0.220779
0.2255
