0.206397
0.207
0.0045
0.24026
0.207
0.234
0.2095
0.245632
0.201399
0.282859
0.259611
0.234883
0.211
0.236264
0.239
0.237881
0.229
0.2465
0.205
0.227886
0.235882
0.226387
0.277861
0.161258
0.247876
0.2285
0.230769
0.236763
0.264868
0.1945
0.27
0.2025
0.254491
0.245
0.2435
0.252874
0.2015
0.2465
0.231
0.248627
0.2285
0.213679
0.228
0.222
0.230385
0.230885
0.2345
0.206397
0.262869
0.2055
0.229271
0.029985
0.263605
0.271229
0.2775
0.2105
0.173
0.2555
0.2305
0.226887
0.231
0.2725
0.189905
0.233
0.206897
0.24
0.2025
0.2485
0.294059
0.242258
0.2275
0.130435
0.232384
0.22
0.235
0.242379
0.249251
0.163255
0.251996
0.237144
0.245
0.257114
0.215
0.243878
0.225387
0.217
0.245377
0.2255
0.283358
0.1655
0.249377
0.24
0.232384
0.219
0.2004
0.213393
0.223
0.205397
0.216392
0.01
0.21
0.218391
0.252747
0.241879
0.222167
0.2205
0.196705
0.2615
0.0025
0.0065
0.222
0.242636
0.243756
0.231384
0.234383
0.177645
0.23315
0.2215
0.2285
0.2003
0.238
0.2615
0.236763
0.210895
0.226
0.205397
0.205397
0.246254
0.290355
0.217891
0.2375
0.253373
0.241379
0.17991
0.2235
0.2545
0.2365
0.201899
0.243135
0.251874
0.196304
0.194
0.22089
0.272364
0.246377
0.252374
0.192
0.2265
0.221889
0.2075
0.225549
0.226387
0.214179
0.251874
0.2175
0.2315
0.209895
0.229
0.217391
0.166917
0.2135
0.198
0.218391
0.2375
0.23976
0.182726
0.2225
0.222278
0.264868
0.226
0.2445
0.215285
0.227159
0.243257
0.179231
0.217
0.217391
0.154768
0.243
0.193403
0.242757
0.253
0.202
0.219281
0.2525
0.233
0.267233
0.151349
0.249002
0.199501
0.215392
0.236763
0.210395
0.0044955
0.212
0.147
0.239261
0.2385
0.1825
0.185
0.252
0.281718
0.138
0.226274
0.235
0.243
0.202899
0.206397
0.255372
0.2245
0.242
0.245877
0.231153
0.270365
0.198
0.213786
0.209
0.206191
0.228386
0.215285
0.241
0.1675
0.2515
0.241379
0.226387
0.261869
0.242879
0.291354
0.25
0.223277
0.244
0.247
0.221389
0.2275
0.247
0.2555
0.235882
0.225
0.1985
0.2775
0.25937
0.233
0.2745
0.222666
0.258982
0.00949525
0.207293
0.213
0.21989
0.2135
0.250875
0.00948104
0.2105
0.24
0.237881
0.192
0.213
0.195207
0.202
0.2595
0.192404
0.207792
0.233533
0.190809
0.224
0.236882
0.2215
0.233883
0.1385
0.253373
0.216892
0.2015
0.258
0.2365
0.012987
0.229271
0.1855
0.244
0.209291
0.231884
0.219171
0.250375
0.226
0.2465
0.2495
0.210395
0.257
0.229
0.219
0.185
0.235382
0.152
0.206
0.179231
0.194
0.2375
0.224276
0.145282
0.182409
0.2365
0.00199601
0.227
0.25937
0.2665
0.195
0.22
0.203593
0.15942
0.248004
0.205
0.258371
0.267
0.242379
0.278222
0.21939
0.220779
0.178911
0.2745
0.245
0.2305
0.213393
0.2075
0.282359
0.18
0.170245
0.214893
0.2305
0.241879
0.222889
0.22089
0.203694
0.2315
0.23976
0.201399
0.260739
0.2135
0.245377
0.270365
0.257114
0.0114943
0.0049975
0.244
0.2205
0.227
0.252
0.198801
0.277
0.243257
0.251748
0.204898
0.2335
0.239261
0.229385
0.210895
0.234383
0.256372
0.232767
0.277861
0.251874
0.266
0.239521
0.2235
0.0065
0.231
0.283
0.226161
0.2785
0.203898
0.224888
0.266966
0.251
0.224276
0.2455
0.0044955
0.207896
0.2535
0.25
0.230385
0.219
0.232419
0.263736
0.2495
0.216783
0.2025
0.213287
0.2235
0.226773
0.258612
0.191712
0.179231
0.240759
0.211
0.00349825
0.013
0.227886
0.2003
0.2395
0.210579
0.008
0.272864
0.223054
0.157343
0.206897
0.197401
0.251
0.224
0.237144
0.261608
0.250125
0.210579
0.216
0.219281
0.252874
0.230885
0.219561
0.263736
0.221889
0.257614
0.217391
0.215285
0.216
0.236
0.247006
0.205794
0.235
0.251748
0.215392
0.232
0.193709
0.264868
0.246877
0.254
0.272364
0.217782
0.206294
0.242757
0.195305
0.185407
0.262869
0.2465
0.234
0.0125
0.208978
0.00849575
0.1915
0.241879
0.201995
0.0294705
0.191
0.235882
0.227159
0.148278
0.232384
0.2145
0.16092
0.281718
0.2035
0.236382
0.193
0.177645
0.231
0.2005
0.22028
0.190809
0.254
0.244
0.2295
0.210395
0.278222
0.241
0.23976
0.234032
0.190405
0.266966
0.2295
0.207293
0.255372
0.2805
0.206397
0.208
0.2745
0.24014
0.248503
0.237881
0.22089
0.198801
0.223165
0.2195
0.2195
0.2025
0.221389
0.017991
0.20669
0.23027
0.1805
0.217391
0.22666
0.0089955
0.239261
0.2035
