0.267366
0.224276
0.226274
0.234883
0.255
0.208896
0.263368
0.28086
0.239141
0.292354
0.283858
0.2405
0.012
0.268
0.2075
0.227386
0.2485
0.273363
0.222777
0.183633
0.221667
0.2505
0.258
0.216284
0.250375
0.251374
0.295205
0.248627
0.1975
0.281859
0.276
0.1997
0.225887
0.263368
0.242016
0.227159
0.2765
0.21939
0.270865
0.2285
0.271956
0.218781
0.2595
0.241879
0.249
0.2285
0.267366
0.23938
0.2655
0.284358
0.262869
0.2375
0.2975
0.28657
0.244755
0.188906
0.267366
0.244878
0.252
0.237263
0.21978
0.265102
0.218391
0.258242
0.262
0.269865
0.275724
0.245877
0.210395
0.227886
0.243257
0.2285
0.253
0.2125
0.24
0.223388
0.232802
0.243635
0.234
0.253873
0.20979
0.216892
0.2375
0.22089
0.254873
0.264735
0.2695
0.2365
0.232
0.289211
0.271864
0.234383
0.252
0.2915
0.218672
0.267866
0.0184815
0.225
0.207688
0.235265
0.226
0.324838
0.297851
0.276862
0.249875
0.265734
0.227772
0.25
0.2165
0.2275
0.0084788
0.2255
0.227886
0.250125
0.207
0.217673
0.21
0.00748503
0.2485
0.2545
0.2515
0.28022
0.00699301
0.262869
0.307193
0.2395
0.248376
0.273863
0.00699301
0.225887
0.262369
0.2325
0.238381
0.324513
0.262344
0.285072
0.218781
0.303348
0.228272
0.249375
0.286
0.274
0.28086
0.2335
0.246
0.257871
0.263105
0.225
0.216284
0.221389
0.1985
0.2705
0.271364
0.249626
0.228657
0.2455
0.267366
0.2825
0.270865
0.276224
0.226887
0.224
0.0195
0.2335
0.292707
0.274
0.238881
0.282077
0.291854
0.2004
0.1855
0.2165
0.26
0.256116
0.216284
0.279441
0.2335
0.238881
0.2915
0.212894
0.264735
0.00848727
0.272092
0.193918
0.225162
0.010989
0.218672
0.287213
0.2725
0.25
0.239022
0.2655
0.00699301
0.229885
0.2185
0.272319
0.202696
0.234149
0.2295
0.208896
0.254373
0.228272
0.252994
0.2225
0.2155
0.012987
0.2165
0.281078
0.206897
0.278222
0.232884
0.246877
0.265734
0.249875
0.279081
0.250375
0.275724
0.293853
0.219281
0.269365
0.2535
0.270365
0.251123
0.258242
0.2695
0.214393
0.284
0.2435
0.24
0.003998
0.222777
0.293207
0.252
0.256615
0.259241
0.2695
0.193709
0.261369
0.197
0.243378
0.211894
0.250499
0.204
0.2385
0.27
0.210395
0.254119
0.294206
0.262238
0.282154
0.228
0.271364
0.2905
0.285215
0.00898652
0.221389
0.226
0.2615
0.234149
0.2255
0.3145
0.29
0.192404
0.2125
0.2695
0.2925
0.27
0.283858
0.236
0.275724
0.239641
0.271864
0.2795
0.257
0.0095
0.224775
0.258612
0.271364
0.2215
0.271364
0.25025
0.2435
0.2505
0.2435
0.263105
0.238024
0.24088
0.26037
0.2855
0.282077
0.202899
0.2125
0.262606
0.21318
0.189
0.2445
0.2145
0.217283
0.233
0.247629
0.284358
0.00649351
0.00449326
0.23988
0.0049975
0.203398
0.248376
0.210789
0.219281
0.250499
0.234
0.272727
0.282359
0.264868
0.245
0.223
0.2555
0.212
0.291563
0.012
0.3155
0.240898
0.2695
0.252248
0.224888
0.247876
0.266
0.288567
0.244755
0.229541
0.175325
0.259241
0.21939
0.2285
0.2565
0.254119
0.275587
0.293853
0.286713
0.2645
0.2325
0.244888
0.281078
0.276862
0.24038
0.202899
0.208396
0.242379
0.175
0.21
0.234883
0.231153
0.232884
0.248376
0.242016
0.258741
0.273227
0.257114
0.248
0.238381
0.192404
0.252122
0.258371
0.2004
0.251
0.211894
0.232384
0.224
0.251748
0.290355
0.287856
0.2565
0.225774
0.2355
0.235265
0.243257
0.275
0.29021
0.23315
0.24088
0.168
0.178643
0.221279
0.004995
0.2355
0.285072
0.250624
0.268597
0.2715
0.0104948
0.2525
0.225275
0.222
0.227659
0.246254
0.2605
0.262
0.307193
0.298053
0.256872
0.209895
0.233
0.289211
0.24663
0.2545
0.25362
0.231384
0.256615
0.286
0.227386
0.2505
0.183
0.251
0.1997
0.215569
0.245632
0.2625
0.296
0.257742
0.267866
0.211289
0.261477
0.2535
0.2385
0.230385
0.1855
0.221389
0.235
0.2165
0.221389
0.289855
0.2525
0.1995
0.263972
0.222777
0.2615
0.202197
0.2435
0.2715
0.237881
0.269
0.244378
0.287
0.309345
0.275724
0.305694
0.2535
0.2045
0.0174825
0.211289
0.191309
0.216
0.236382
0.279581
0.223388
0.234383
0.278361
0.246
0.242
0.267366
0.276862
0.248876
0.2325
0.2505
0.2975
0.292561
0.261347
0.15942
0.259
0.27972
0.2595
0.2535
0.251874
0.223277
0.2465
0.2355
0.232884
0.221778
0.225162
0.0125
0.226387
0.277861
0.255872
0.26996
0.2845
0.234032
0.224439
0.257371
0.214785
0.238404
0.281859
0.23938
0.2635
0.20979
0.212894
0.272
0.214893
0.007
0.24088
0.270865
0.249626
0.235382
0.222666
0.261347
0.261869
0.2725
0.289855
0.24026
0.2475
0.244888
0.263736
0.216284
0.29
0.254373
0.234883
0.2975
0.2445
0.2485
0.2725
0.253373
0.00748503
0.241259
0.283575
0.24038
0.2355
0.2715
0.261869
0.222777
0.229541
0.223776
0.248876
0.231
0.25987
0.0055
0.213287
0.202797
0.265867
0.228657
0.283716
0.232384
0.282359
0.2825
0.26973
0.22
0.241638
0.251
0.2675
0.242016
0.215784
0.2225
0.265734
0.281
0.261869
0.284216
0.267366
0.3002
0.253873
0.01
0.345327
0.227772
0.29021
0.24
0.256615
0.262737
0.213786
0.210684
0.221778
0.233
0.274363
0.2325
0.235882
0.218391
0.135
0.2285
0.273
0.214893
0.239141
0.251748
0.248128
0.23
0.298053
0.248128
0.2595
0.2445
0.282793
0.1735
0.270365
0.27
0.239022
0.250499
0.252874
0.00699301
0.2755
0.237881
0.283358
0.227273
0.282218
0.271864
0.246753
0.275587
0.254373
0.2135
0.279081
0.19
0.215569
0.246377
0.225275
0.2535
0.256116
0.252248
0.232036
0.2625
0.274
0.00748503
0.288567
0.255
0.26973
0.204
0.236763
0.204398
0.266
0.251748
0.243257
0.294353
0.2485
0.238642
0.187718
0.264868
0.231884
0.246
0.205794
0.24014
0.007
0.221279
0.2025
0.267
0.271
0.232802
0.2455
0.2485
0.241879
0.235882
0.2135
0.27936
0.234032
0.275862
0.271364
0.2315
0.2185
0.26024
0.1855
0.252122
0.255372
0.018
0.263105
0.238881
0.225387
0.292354
0.251
0.2535
0.228158
0.257742
0.211
0.2425
0.2615
0.199301
0.298053
0.0055
0.248376
0.129
0.2155
0.2065
0.2575
0.255
0.3155
0.277722
0.248627
0.262344
0.277223
0.232
0.2305
0.247752
0.254373
0.201299
0.269231
0.259241
0.267
0.251874
0.230885
0.265734
0.20979
0.224775
0.291354
0.234383
0.181727
0.227772
0.249875
0.258242
0.216392
0.217
0.25987
0.288567
0.224775
0.2625
0.235764
0.2565
0.2655
0.2515
0.274
0.2475
0.294353
0.24026
0.271
0.291354
0.24088
0.268
0.21318
0.281796
0.266867
0.24038
0.203
0.2285
0.263
0.2485
0.274363
0.22666
0.203
0.235382
0.268232
0.250875
0.216783
0.2705
0.2695
0.282359
0.24014
0.262238
0.228044
0.012
0.254373
0.290855
0.1985
0.1915
0.294353
0.2185
0.290355
0.222
0.204898
0.196902
0.248376
0.215285
0.238381
0.304
0.2705
0.2825
0.267866
0.258113
0.0174825
0.246
0.24088
0.228886
0.29
0.226387
0.2565
0.239641
0.213287
0.2845
0.242379
0.2585
0.2855
0.237762
0.2145
0.242379
0.0114943
0.206
0.267
0.250125
0.263
0.0165
0.267866
0.271
0.3145
0.211682
0.286857
0.285357
0.228272
0.2115
0.233766
0.246753
0.284358
0.263368
0.270865
0.289211
0.268
0.177
0.252248
0.281
0.2325
0.268
0.21989
0.260609
0.267732
0.232
0.281219
0.241379
0.23938
0.239141
0.26996
0.234383
0.246877
0.263868
0.215177
0.266
0.242137
0.2525
0.246254
0.189311
0.2415
0.2285
0.242879
0.224775
0.262869
0.2455
0.231768
0.291563
0.276946
0.251374
0.2805
0.2365
0.2775
0.2625
0.252747
0.262369
0.241397
0.2265
0.245754
0.2745
0.2575
0.217891
0.271364
0.26996
0.24663
0.2295
0.21989
0.266867
0.2265
0.261608
0.011
0.276086
0.290355
0.250125
0.2795
0.181727
0.2565
0.28022
0.290355
0.238
0.2275
0.214893
0.287213
0.27936
0.29
0.234
0.254491
0.266867
0.243378
0.177
0.238881
0.276362
0.220559
0.257742
0.2955
0.247253
0.276362
0.233383
0.233
0.2575
0.196304
0.21
0.252994
0.231768
0.2405
0.216284
0.259
0.240759
0.2595
0.279081
0.2665
0.2135
0.267866
0.222777
0.252994
0.216392
0.2255
0.238642
0.231153
0.2395
0.2505
0.276862
0.217891
0.308
0.213893
0.217283
0.129
0.221389
0.2085
0.2515
0.26783
0.1985
0.24038
0.234383
0.280439
0.27986
0.276447
0.2575
0.220669
0.22
0.281078
0.252
0.26024
0.264
0.232802
0.007996
0.248128
0.252
0.238404
0.225275
0.28086
0.2225
0.261976
0.2675
0.1995
0.2715
0.227772
0.217391
0.225
0.233
0.253247
0.289855
0.314843
0.2795
0.262606
0.275587
0.2345
0.257114
0.2295
0.223388
0.248376
0.2485
0.251623
0.2965
0.231384
0.23938
0.233766
0.237144
0.232802
0.22
0.257371
0.26087
0.2485
0.2525
0.2605
0.275724
0.284216
0.2705
0.2235
0.308
0.240898
0.26783
0.005
0.192404
0.257
0.280579
0.247876
0.264735
0.2425
0.253247
0.012
0.22
0.229156
0.2485
0.293353
0.291563
0.241879
0.256244
0.263736
0.193403
0.3035
0.2445
0.268866
0.269865
0.2285
0.204898
0.312375
0.231153
0.250375
0.223776
0.247129
0.215285
0.250375
0.24038
0.268597
0.244
0.2365
0.273
0.251748
0.221389
0.0049975
0.2665
0.285357
0.276447
0.28657
0.291708
0.2485
0.243878
0.231
0.272818
0.276362
0.2705
0.278861
0.28008
0.308346
0.286071
0.253373
0.241879
0.177
0.00649351
0.262869
0.2175
0.268
0.243257
0.264104
0.238381
0.270865
0.00649351
0.018
0.249875
0.252374
0.254373
0.218781
0.246
0.2975
0.2455
0.2665
0.2905
0.222
0.235
0.247752
0.27
0.211289
0.2275
0.266
0.303348
0.256372
0.267732
0.254373
0.230539
0.272319
0.294353
0.234266
0.274
0.24026
0.23315
0.0165
0.249626
0.15942
0.273317
0.272
0.3035
0.261869
0.227886
0.253873
0.262869
0.2225
0.2715
0.26024
0.259241
0.00649675
0.257114
0.269231
0.250875
0.248627
0.24038
0.271864
0.003998
0.24
0.244755
0.262
0.2565
0.263605
0.276086
0.259
0.2935
0.24038
0.305694
0.263736
0.261608
0.00849151
0.21029
0.291854
0.252994
0.268866
0.29306
0.275362
0.242879
0.2195
0.199301
0.245255
0.2615
0.218563
0.209395
0.225887
0.221667
0.228657
0.2615
0.250875
0.244
0.184
0.262369
0.272092
0.288567
0.2405
0.188906
0.273363
0.26
0.264735
0.2425
0.240898
0.2655
0.2365
0.2345
0.236382
0.229385
0.2455
0.26996
0.259
0.2235
0.237381
0.010989
0.0104948
0.231884
0.218391
0.277
0.239022
0.272727
0.243378
0.262238
0.226387
0.207396
0.275
0.2355
0.011
0.194903
0.2465
0.263368
0.294
0.292354
0.285357
0.248627
0.2725
0.187906
0.251623
0.238143
0.254119
0.216892
0.224775
0.27
0.28008
0.3045
0.2225
0.202096
0.2565
0.2725
0.249251
0.271
0.222666
0.289855
0.264
0.261869
0.251874
0.2165
0.255617
0.244378
0.293706
0.23988
0.294
0.253247
0.24014
0.245754
0.192404
0.224775
0.286713
0.23315
0.018
0.233
0.2635
0.263868
0.267866
0.233383
0.294353
0.262737
0.177911
0.2745
0.2535
0.251
0.148426
0.253
0.2515
0.276447
0.252994
0.2665
0.2465
0.2645
0.2325
0.271956
0.274
0.255
0.262869
0.196902
0.163
0.257742
0.242879
0.256372
0.262
0.256372
0.247876
0.2075
0.247129
0.232036
0.28008
0.251
0.280439
0.286071
0.195402
0.247629
0.263368
0.226387
0.263736
0.235882
0.251874
0.2335
0.245877
0.228272
0.2575
0.26087
0.202
0.218781
0.2215
0.310689
0.260349
0.268
0.253247
0.273863
0.251874
0.260609
0.2245
0.208188
0.26783
0.281
0.2345
0.2235
0.224276
0.224388
0.276723
0.25025
0.2675
0.24088
0.2335
0.222389
0.293207
0.2415
0.2465
0.287856
0.229
0.263473
0.245
0.247253
0.246877
0.211682
0.26973
0.254491
0.285857
0.2275
0.195305
0.222
0.223776
0.26087
0.246877
0.22089
0.187906
0.227886
0.255988
0.218391
0.276086
0.251123
0.291563
0.218391
0.276447
0.280439
0.29935
0.247129
0.263473
0.272228
0.244888
0.263972
0.2735
0.21939
0.2325
0.243635
0.211289
0.242137
0.254
0.218173
0.219281
0.219
0.252
0.29
0.24038
0.1775
0.259241
0.2915
0.294411
0.262869
0.2215
0.257243
0.271864
0.278861
0.254246
0.269
0.264368
0.273363
0.3035
0.226
0.248
0.274
0.2325
0.223776
0.177
0.249126
0.275
0.254873
0.277223
0.276362
0.238
0.281859
0.271864
0.2235
0.213679
0.2555
0.252
0.279081
0.233
0.193918
0.2705
0.1998
0.267732
0.249251
0.268
0.269865
0.227886
0.2265
0.183724
0.226274
0.2815
0.233383
0.257984
0.243878
0.250875
0.312375
0.250875
0.187718
0.2525
0.0095
0.3155
0.280579
0.21
0.248252
0.298053
0.261976
0.251874
0.224
0.24663
0.2695
0.216675
0.2175
0.284216
0.238642
0.2945
0.2195
0.2385
0.2575
0.256372
0.2755
0.276946
0.2735
0.255872
0.130739
0.258741
0.251748
0.199301
0.248376
0.214393
0.257371
0.24088
0.249626
0.251123
0.249875
0.267
0.263237
0.248
0.2325
0.211289
0.22
0.0114943
0.296204
0.2235
0.226
0.291209
0.201299
0.285215
0.219
0.2305
0.235764
0.235882
0.2615
0.261
0.223277
0.256244
0.273363
0.247376
0.256
0.2375
0.307193
0.2235
0.209395
0.2665
0.253
0.27
0.23
0.2445
0.249126
0.252122
0.258242
0.2715
0.1895
0.268597
0.249875
0.242757
0.226887
0.281
0.183633
0.222889
0.241259
0.197703
0.241638
0.276086
0.225387
0.237762
0.2075
0.276862
0.2635
0.262369
0.2865
0.26973
0.2004
0.266
0.248128
0.2165
0.2545
0.189216
0.2125
0.257984
0.222
0.29306
0.222
0.260349
0.2485
0.2615
0.2595
0.2575
0.2925
0.2
0.216284
0.0084788
0.2215
0.2725
0.225774
0.257742
0.24
0.245754
0.258
0.2255
0.1995
0.2285
0.222
0.26973
0.283575
0.283575
0.24088
0.261477
0.303545
0.264735
