0.161178
0.1485
0.161
0.161838
0.1765
0.2205
0.0185
0.2115
0.0104895
0.149
0.1575
0.188218
0.1997
0.187406
0.118762
0.148777
0.128936
0.184224
0.148777
0.19
0.168
0.0259481
0.1635
0.1505
0.113
0.184539
0.159341
0.178643
0.167249
0.15942
0.184
0.007
0.122754
0.184224
0.178233
0.161339
0.167416
0.146
0.204398
0.029
0.142929
0.1735
0.11477
0.143357
0.145709
0.1685
0.198
0.008
0.171414
0.156
0.146707
0.031984
0.1555
0.0075
0.104448
0.169415
0.011994
0.1635
0.1825
0.175
0.195402
0.138224
0.136932
0.183
0.020979
0.0949525
0.125749
0.0899101
0.046
0.170915
0.0404798
0.146281
0.14985
0.181138
0.166917
0.157921
0.185407
0.176912
0.1545
0.137793
0.1615
0.158421
0.187313
0.1585
0.185721
0.16675
0.111888
0.191
0.163418
0.166417
0.141
0.0109835
0.13943
0.0169915
0.159102
0.134366
0.1905
0.155
0.1745
0.176912
0.170915
0.170415
0.0925
0.153846
0.17
0.164418
0.166
0.1475
0.124875
0.180639
0.172827
0.134933
0.1825
0.162919
0.172414
0.1985
0.107
0.0089955
0.02997
0.185721
0.1645
0.126437
0.180639
0.0814593
0.183724
0.124875
0.14985
0.105395
0.0154845
0.1415
0.156422
0.15984
0.1375
0.15984
0.17
0.124875
0.171914
0.0935
0.1375
0.177822
0.153423
0.0125
0.12
0.172414
0.189
0.191309
0.157264
0.186627
0.0854146
0.176324
0.0634683
0.175325
0.207688
0.189
0.152924
0.155922
0.164418
0.184908
0.149775
0.22977
0.187906
0.158
0.023
0.1435
0.1325
0.1935
0.152924
0.1998
0.129
0.191404
0.035982
0.205
0.158026
0.1994
0.134299
0.14036
0.183408
0.224164
0.179321
0.107
0.159
0.157763
0.1615
0.129371
0.018
0.155422
0.1765
0.184908
0.178821
0.148
0.163754
0.17941
0.142287
0.1875
0.156422
0.183908
0.164
0.161838
0.1535
0.216284
0.0109835
0.167
0.00698952
0.00698952
0.134933
0.173327
0.171
0.135297
0.186221
0.147
0.0114943
0.177323
0.168416
0.195402
0.1999
0.166
0.008
0.149775
0.017
0.0665
0.189
0.206
0.183
0.1625
0.185
0.15942
0.149425
0.1635
0.201399
0.184539
0.105894
0.0954523
0.134933
0.161419
0.164
0.155
0.1055
0.0144711
0.1175
0.174326
0.1415
0.124314
0.170245
0.177733
0.116883
0.176412
0.153923
0.155345
0.153423
0.159681
0.0855
0.0155
0.156
0.147353
0.124
0.153923
0.15942
0.103448
0.132
0.189905
0.20979
0.135
0.0114885
0.114386
0.025987
0.0114885
0.11477
0.1405
0.117207
0.1475
0.169246
0.0235
0.1355
0.190809
0.138931
0.015984
0.155
0.1445
0.159601
0.157
0.1765
0.0144928
0.135932
0.124
0.148
0.0869131
0.183
0.128
0.145
0.00998502
0.130935
0.1715
0.144
0.14043
0.115942
0.130935
0.1745
0.198
0.134433
0.126311
0.185907
0.0559441
0.018
0.175
0.1685
0.0375
0.18
0.1835
0.033
0.148
0.174
0.164172
0.136932
0.138931
0.1625
0.2025
0.15984
0.15942
0.0959041
0.152771
0.187313
0.125
0.130869
0.027986
0.208687
0.166
0.146208
0.194403
0.184908
0.0369815
0.1295
0.167832
0.149925
0.135796
0.154845
0.133666
0.14
0.175237
0.197605
0.152348
0.155
0.14093
0.154
0.154923
0.017
0.177911
0.158921
0.141
0.149
0.183408
0.124314
0.1695
0.183816
0.1245
0.152272
0.114
0.2205
0.182227
0.107393
0.149276
0.153
0.13993
0.183816
0.1265
0.148926
0.15984
0.20979
0.195402
0.102346
0.1435
0.086
0.158
0.0075
0.1905
0.197
0.1905
0.147426
0.161
0.204092
0.162919
0.162837
0.1825
0.174
0.111888
0.163918
0.154
0.1565
0.17941
0.1505
0.181409
0.0104895
0.2
0.185407
0.117324
0.1965
0.136863
0.010989
0.187406
0.1645
0.0174738
0.0294853
0.182909
0.126937
0.17982
0.121756
0.210395
0.224164
0.156
0.164
0.141429
0.156843
0.157343
0.145854
0.196
0.148926
0.204092
0.151273
0.109445
0.215392
0.181319
0.163918
0.1695
0.157264
0.1935
0.1935
0.161
0.196
0.0339321
0.178911
0.151424
0.2004
0.148
0.00949525
0.1555
0.161
0.185629
0.0155
0.178911
0.145427
0.0224888
0.0294705
0.152924
0.1515
0.186221
0.16675
0.155422
0.154923
0.008
0.18091
0.188
0.149276
0.163
0.0075
0.18091
0.184
0.174825
0.197802
0.169415
0.1795
0.0949525
0.152771
0.172414
0.161
0.1755
0.158
0.147426
0.146
0.00649026
0.202
0.045
0.0154923
0.157921
0.17982
0.1825
0.183908
0.1755
0.142358
0.172414
0.186907
0.00349825
0.163337
0.2015
0.1415
0.169915
0.134
0.17941
0.154768
0.147
0.019
0.1635
0.156266
0.205897
0.195804
0.0215
0.1905
0.0765
0.177411
0.146208
0.1355
0.152
0.129306
0.1805
0.1815
0.158342
0.15
0.0259481
0.138362
0.0909545
0.147353
0.17033
0.156
0.1955
0.027986
0.162419
0.2055
0.163918
0.17941
0.165917
0.173
0.156266
0.1465
0.143357
0.185
0.104448
0.1245
0.1475
0.162338
0.150425
0.0734633
0.128244
0.0114943
0.152
0.141
0.0934533
0.173
0.155922
0.188717
0.172242
0.145427
0.1855
0.128936
0.183225
0.18091
0.019
0.1615
0.171243
0.173913
0.16675
0.1295
0.179321
0.19031
0.151273
0.198901
0.146427
0.1565
0.163754
0.187313
0.198901
0.158026
0.17324
0.0369815
0.203195
0.196
0.148
0.1535
0.10989
0.1565
0.171414
0.189621
0.19
0.196
0.203898
0.176
0.17941
0.1505
0.141147
0.16
0.189
0.204
0.0114943
0.0944056
0.194
0.159601
0.180819
0.115942
0.147852
0.1555
0.15942
0.164418
0.013993
0.152924
0.014
0.149
0.0285
0.139361
0.124
0.153
0.1705
0.0735
0.148
0.1735
0.149925
0.170245
0.193403
0.156422
0.175325
0.18041
0.154845
0.159
0.16
0.0285
0.156422
0.178411
0.164
0.184
0.170829
0.191712
0.157
0.0745
0.179321
0.171329
0.164172
0.0095
0.187936
0.1255
0.190905
0.1375
0.1405
0.017
0.158
0.156843
0.1545
0.145355
0.157343
0.173
0.188
0.1595
0.161419
0.121878
0.173739
0.177234
0.137
0.1755
0.161838
0.161339
0.010989
0.00749251
0.155267
0.195402
0.1585
0.18091
0.1405
0.0114943
0.175
0.168
0.151
0.0344655
0.1275
0.156922
0.131
0.183
0.00949525
0.155922
0.152348
0.177411
0.126937
0.15
0.184908
0.185407
0.1275
0.155112
0.179
0.139361
0.182227
0.177911
0.1595
0.133367
0.2065
0.138931
0.117207
0.159341
0.196902
0.138362
0.0224888
0.1055
0.113
0.023
0.0899101
0.127681
0.011994
0.15327
0.116883
0.1465
0.1994
0.1195
0.14022
0.173327
0.144855
0.177323
0.130435
0.158841
0.0955
0.0294853
0.187718
0.103293
0.00949051
0.0065
0.15611
0.148926
0.185
0.156922
0.136364
0.170245
0.0065
0.173327
0.167748
0.0164918
0.175412
0.129
0.143357
0.154
0.164
0.130935
0.209395
0.1555
0.173413
0.191
0.008
0.1335
0.159341
0.224164
0.0244878
0.158263
0.1725
0.1215
0.209895
0.144928
0.1365
0.00899101
0.15942
0.2005
0.142857
0.15519
0.1905
0.197
0.149925
0.0244878
0.1905
0.148926
0.1515
0.0235
0.1655
0.1345
0.0164918
0.155844
0.156266
0.167
0.115653
0.1605
0.1502
0.1475
0.181818
0.182409
0.17
0.156
0.0169915
0.00699301
0.195402
0.185629
0.181409
0.146354
0.142358
0.177822
0.0144928
0.0044955
0.186
0.144928
0.189216
0.027986
0.163918
0.136932
0.196
0.167416
0.1815
0.1725
0.0044955
0.1755
0.152348
0.198104
0.128
0.187625
0.149351
0.139
0.167916
0.149
0.086
0.173826
0.167416
0.165335
0.156
0.13993
0.145854
0.124938
0.0765
0.1735
0.124
0.14022
0.1245
0.204898
0.1695
0.183408
0.1285
0.1825
0.166417
0.158
0.1625
0.184908
0.00949051
0.164
0.0185
0.2025
0.0869131
0.15992
0.1555
0.149
0.0239401
0.167916
0.212469
0.147
0.15942
0.013986
0.134366
0.1185
0.188218
0.1565
0.1435
0.00499251
0.146
0.126311
0.011994
0.00699301
0.12032
0.046
0.19
0.1625
0.0169915
0.1715
0.18041
0.179231
0.018
0.141787
0.164418
0.176912
0.13943
0.0085
0.146427
0.176324
0.144356
0.195804
0.15035
0.02997
0.1575
0.1295
0.110445
0.105395
0.161
0.1885
0.155922
0.019
0.1385
0.1375
0.1595
0.116384
0.15984
0.163
0.146
0.144783
0.1825
0.117207
0.098
0.127681
0.1785
0.177911
0.1155
0.0629685
0.0125
0.1475
0.1725
0.191808
0.193709
0.135
0.14985
0.109945
0.025987
0.0075
0.0369261
0.1825
0.123
0.1905
0.126937
0.148
0.132801
0.156
0.146927
0.166667
0.161
0.189311
0.133
0.13037
0.154768
0.1435
0.1345
0.181909
0.187625
0.177234
0.136932
0.1895
0.0185
0.152
0.1815
0.15327
0.22039
0.179
0.18041
0.123
0.110889
0.009
0.144
0.197
0.205397
0.206
0.0115
0.167416
0.165417
0.171
0.161258
0.134433
0.1975
0.157264
0.1565
0.1865
0.0164918
0.190405
0.1475
0.0484515
0.129371
0.190714
0.132
0.136364
0.154845
0.152924
0.187219
0.1855
0.1345
0.153347
0.150275
0.172242
0.151273
0.17
0.215
0.155267
0.168916
0.13986
0.191712
0.164
0.185222
0.190405
0.1615
0.111
0.151
0.16
0.143928
0.0234765
0.147279
0.153
0.165917
0.136
0.188
0.207585
0.2245
0.122939
0.176912
0.188312
0.168916
0.124938
0.144356
0.169415
0.212469
0.175
0.157343
0.123
0.1295
0.149
0.121379
0.174651
0.190905
0.147852
0.089955
0.162338
0.1895
0.170245
0.173913
0.171742
0.177411
0.201399
0.150774
0.16026
0.0104895
0.168
0.1985
0.158
0.007996
0.0374438
0.171243
0.103397
0.130435
0.117
0.165417
0.021
0.2
0.125937
0.1315
0.00949525
0.182409
0.142287
0.16983
0.107
0.00399202
0.1715
0.194403
0.168
0.017991
0.1815
0.171742
0.172242
0.121756
0.178821
0.122
0.163418
0.172414
0.215
0.1985
0.156
0.0109835
0.158
0.188406
0.19
0.0954523
0.164
0.141
0.00499251
0.173327
0.0125
0.178643
0.110945
0.0155
0.210579
0.179
0.0975
0.1705
0.186407
0.013979
0.089
0.017991
0.161
0.0235
0.138931
0.0339321
0.1635
0.182409
0.161
0.173913
0.164
0.157264
0.189216
0.0089955
0.179321
0.015992
0.014985
0.172414
0.171243
0.145427
0.151273
0.174413
0.163918
0.1445
0.0109835
0.231384
0.0104843
0.018
0.168916
0.1365
0.1375
0.130869
0.00749625
0.109
0.207585
0.143
0.171742
0.1915
0.169246
0.1425
0.183816
0.1815
0.177822
0.165335
0.0914543
0.173826
0.15984
0.156
0.186
0.1815
0.145427
0.157264
0.145709
0.1725
0.0245
0.00949051
0.170915
0.143641
0.173826
0.0165
0.182409
0.210895
0.1245
0.142
0.1805
0.138
0.166917
0.1995
0.16034
0.162
0.1635
0.168
0.0095
0.0739261
0.1275
0.0164918
0.165917
0.162176
0.1405
0.144356
0.0155
0.178
0.0444778
0.1195
0.1865
0.144
0.1705
0.165917
0.1755
0.114386
0.129935
0.171742
0.147926
0.197703
0.124376
0.16
0.173739
0.15611
0.130935
0.1685
0.059
0.173
0.0165
0.159261
0.0135
0.0104843
0.187313
0.013993
0.117
0.152924
0.138224
0.149425
0.0454319
0.0114885
0.195402
0.17941
0.173327
0.141429
0.106
0.197703
0.18
0.150774
0.1605
0.0104843
0.0174738
0.0209895
0.189
0.1705
0.155112
0.152272
0.134299
0.193403
0.167416
0.165834
0.1825
0.027986
0.156922
0.190405
0.1415
0.190809
0.171914
0.1675
0.192807
0.171
0.196402
0.158342
0.1565
0.154768
0.136932
0.150774
0.1685
0.1095
0.163337
0.18
0.1965
0.183816
0.158421
0.0104948
0.142429
0.191404
0.140859
0.1915
0.098
0.172414
0.1335
0.171329
0.131
0.17982
0.173
0.1825
0.133
0.0085
0.019
0.1805
0.14093
0.15035
0.175325
0.145427
0.133367
0.148352
0.086
0.182
0.172914
0.150774
0.1665
0.190025
0.184908
0.146281
0.134433
0.186314
0.061
0.190025
0.1095
0.0779221
0.011982
0.172242
0.025
0.150275
0.105395
0.2065
0.152
0.00949525
0.135
0.156843
0.156
0.128
0.181409
0.144356
0.14036
0.170245
0.162419
0.157
0.133433
0.158026
0.1405
0.182409
0.142358
0.145
0.174413
0.1685
0.013
0.035982
0.190405
0.167916
0.147926
0.131434
0.130935
0.011994
0.126937
0.011994
0.10045
0.181909
0.1805
0.17207
0.168
0.1502
0.185315
0.156266
0.15984
0.181909
0.138431
0.178821
0.156266
0.158
0.0095
0.181138
0.123
0.183
0.0114943
0.15942
0.1255
0.024
0.0704296
0.103448
0.181409
0.157186
0.18091
0.170415
0.1635
0.1435
0.153347
0.198
0.164254
0.12032
0.013
0.176
0.1998
0.0484515
0.14
0.173826
0.0115
0.146281
0.157264
0.0149925
0.142
0.152924
0.0515
0.16034
0.193403
0.1685
0.00749251
0.171914
0.158762
0.1998
0.157921
0.1805
0.169415
0.135297
0.103397
0.185907
0.131
0.1535
0.170744
0.134433
0.16026
0.072
0.134
0.194805
0.167916
0.187812
0.0944056
0.161919
0.167249
0.114
0.107
0.0309845
0.173739
0.15984
0.128244
0.197
0.1935
0.169415
0.186221
0.1825
0.154923
0.169
0.0185
0.157
0.163918
0.149276
0.167748
0.187
0.1465
0.2135
0.209395
0.151924
0.1505
0.0109726
0.144855
0.183408
0.1575
0.1997
0.0245
0.0089955
0.161258
0.175325
0.1465
0.129
0.10045
0.191617
0.1665
0.151924
0.174913
0.155922
0.029
0.160839
0.161
0.2065
0.128
0.214893
0.1695
0.191
0.136932
0.185629
0.0104843
0.0899101
0.121439
0.164
0.130869
0.00798802
0.02997
0.033
0.196803
0.154923
0.046
0.18032
0.163337
0.153923
0.0104843
0.0115
0.161919
0.16
0.0155
0.168416
0.17033
0.10989
0.147
0.188218
0.146
0.168
0.1895
0.1945
0.142358
0.182
0.124938
0.154
0.156266
0.171742
0.01997
0.146208
0.161419
0.159
0.177323
0.198603
0.1445
0.1575
0.173653
0.1925
0.144356
0.189905
0.135
0.0069965
0.130869
0.0244633
0.0129935
0.2115
0.152
0.0899101
0.1505
0.18032
0.145854
0.13986
0.15327
0.130435
0.134
0.1815
0.177822
0.1605
0.151424
0.00699301
0.127681
0.146427
0.1755
0.164
0.191404
0.1485
0.0864568
0.165335
0.0044955
0.177323
0.1685
0.156266
0.168747
0.0444778
0.161419
0.136795
0.134
0.1415
0.181409
0.182
0.175412
0.1375
0.153194
0.156922
0.187812
0.111888
0.15327
0.153347
0.143928
0.1795
0.205691
0.205897
0.154923
0.182951
0.1205
0.1635
0.0734633
0.128936
0.174326
0.167748
0.1525
0.185814
0.2045
0.123938
0.1855
0.168916
0.121
0.1735
0.192
0.1565
0.1485
0.1485
0.0854146
0.1635
0.15984
0.1815
0.166
0.124938
0.2015
0.181
0.154768
0.1365
0.138931
0.0739261
0.0294853
0.191
0.0065
0.186314
0.169415
0.137431
0.196
0.166334
0.185629
0.0984016
0.225
0.171
0.134433
0.2045
0.137294
0.177822
0.1505
0.166417
0.1355
0.1715
0.1585
0.179321
0.167
0.149775
0.141
0.131737
0.1255
0.164
0.167916
0.1135
0.181
0.1645
0.150925
0.171
0.1825
0.02997
0.167916
0.1999
0.130435
0.199301
0.15984
0.018981
0.1275
0.14985
0.0334665
0.126437
0.123
0.188717
0.1685
0.1525
0.182409
0.167916
0.0075
0.19321
0.104448
0.091954
0.138931
0.152272
0.00849151
0.142358
0.1595
0.0125
0.117324
0.131434
0.135
0.017
0.175
0.171
0.174
0.1515
0.172414
0.182409
0.149925
0.134299
0.201399
0.150849
0.186627
0.187625
0.1315
0.12032
0.0109726
0.174152
0.1535
0.148
0.146281
0.158
0.1615
0.154
0.198005
0.16
0.159261
0.0119641
0.175325
0.1945
0.117
0.154768
0.00949051
0.0129935
0.176
0.131
0.13037
0.003996
0.017
0.231384
0.160839
0.1655
0.142287
0.153769
0.184224
0.149202
0.164835
0.174913
0.173413
0.122378
0.1865
0.152196
0.138792
0.1515
0.219171
0.1085
0.0244633
0.145781
0.2245
0.156
0.007
0.194403
0.131
0.114828
0.129
0.17
0.177411
0.19321
0.13986
0.154423
0.188717
0.132934
0.131
0.15984
0.168
0.1999
0.201399
0.169661
0.0169915
0.153423
0.154923
0.186907
0.16
0.143856
0.190405
0.163
0.188
0.18091
0.1705
0.128936
0.2045
0.164418
0.136364
0.18
0.121379
0.0585
0.00349825
0.158342
0.0129935
0.1215
0.162837
0.0114943
0.134433
0.214893
0.1095
0.171742
0.0209895
0.164
0.196
0.011994
0.2015
0.176
0.179321
0.210395
0.132801
0.1765
0.015984
0.185407
0.137431
0.172242
0.188218
0.174913
0.142358
0.197802
0.0089955
0.131238
0.15611
0.160839
0.130869
0.1995
0.145427
0.1115
0.125937
0.105947
0.173
0.197401
0.013
0.125937
0.182409
0.1435
0.196803
0.152924
0.135
0.0234414
0.00699301
0.1999
0.0959041
0.178
0.156922
0.136
0.1485
0.181909
0.155922
0.157343
0.191808
0.1435
0.162338
0.17207
0.134433
0.1405
0.1997
0.0065
0.1355
0.0105
0.181409
0.2015
0.086
0.173413
0.0095
0.0765
0.131434
0.195402
0.183816
0.179
0.178821
0.197
0.174
0.15984
0.134433
0.125749
0.1835
0.131934
0.175325
0.14093
0.0374438
0.107
0.163918
0.176
0.13037
0.104448
0.126937
0.176912
0.168747
0.173
0.147279
0.0974513
0.16034
0.174913
0.1365
0.083958
0.112275
0.190405
0.141858
0.0174738
0.152771
0.141
0.008
0.164
0.188
0.138362
0.00949525
0.185407
0.0249875
0.0955
0.1665
0.198
0.12
0.161258
0.164
0.132434
0.149
0.188
0.0984016
0.153923
0.17941
0.202797
0.1835
0.171742
0.0934533
0.166251
0.1745
0.162
0.1355
0.196
0.129
0.0259481
0.1695
0.196
0.0104843
0.0984016
0.019
0.1295
0.167748
0.163418
0.012
0.106786
0.164172
0.122693
0.1395
0.2205
0.166
0.178
0.143
0.1815
0.202797
0.173739
0.129
0.128244
0.017
0.2095
0.188124
0.210185
0.1875
0.072
0.153923
0.110945
0.1415
0.169415
0.1815
0.153923
0.154923
0.1075
0.14043
0.046
0.1885
0.012
0.18981
0.199301
0.181409
0.168416
0.0165
0.134299
0.1435
0.153
0.172242
0.209685
0.186407
0.172242
0.178411
0.186907
0.170829
0.144428
0.017991
0.018
0.142
0.166334
0.0224775
0.1565
0.13
0.205
0.197703
0.131
0.204898
0.2245
0.1315
0.1825
0.1994
0.142358
0.138431
0.199
0.00548902
0.1325
0.0119641
0.175
0.163836
0.0065
0.198603
0.178411
0.1415
0.224164
0.0734633
0.0109945
0.1445
0.1985
0.176324
0.194403
0.161838
0.163418
0.141858
0.0174738
0.168
0.167832
0.196402
0.17973
0.157921
0.0095
0.149425
0.00949525
0.156
0.164172
0.137862
0.174913
0.1565
0.0294853
0.17941
0.168916
0.189905
0.173739
0.190405
0.00549725
0.13943
0.10045
0.102346
0.005997
0.1315
0.0515
0.1815
0.1465
0.176912
0.181409
0.190405
0.1865
0.1335
0.117207
0.145854
0.174913
0.183908
0.195402
0.114
0.007996
0.210579
0.18
0.163
0.1515
0.152
0.173
0.158
0.152771
0.1705
0.125937
0.193
0.1405
0.15
0.02997
0.142358
0.207688
0.176236
0.1415
0.1675
0.042
