0.114
0.0988024
0.133367
0.0265
0.0698603
0.017
0.0985
0.0144855
0.111444
0.00849575
0.0829585
0.016983
0.027
0.017
0.006
0.014
0.011994
0.0814593
0.0389222
0.12987
0.087956
0.0855
0.081959
0.01
0.114885
0.0075
0.0345
0.073
0.011
0.0124938
0.016
0.122939
0.00849575
0.0255
0.0764236
0.0294705
0.0789605
0.0529735
0.0335
0.0909091
0.037962
0.13616
0.127
0.144928
0.071964
0.05
0.01999
0.0194903
0.0289566
0.0889555
0.0645
0.0985
0.094
0.0618762
0.0279581
0.027
0.01999
0.081
0.0918164
0.138931
0.0988517
0.0444778
0.0194903
0.0065
0.0804196
0.0234883
0.052
0.0184815
0.0709645
0.017
0.017
0.012987
0.105
0.124875
0.123752
0.018
0.005997
0.015992
0.0309845
0.007996
0.0858712
0.0304848
0.0629056
0.03998
0.0872818
0.0673653
0.0988517
0.013993
0.00799201
0.0214678
0.0859141
0.0804598
0.014985
0.0405
0.0209895
0.1295
0.0579421
0.0085
0.00549725
0.115884
0.0594703
0.040959
0.121439
0.0654673
0.123752
0.0629685
0.065
0.0929535
0.0125
0.017982
0.085957
0.0165
0.0394803
0.0184908
0.0175
0.125437
0.011
0.0629685
0.016
0.101949
0.139361
0.0334498
0.119
0.103
0.0694653
0.11994
0.01999
0.089
0.0729635
0.088
0.0949525
0.114943
0.046
0.041
0.0644678
0.0928607
0.0705
0.0814593
0.061
0.0255
0.1245
0.0484274
0.0189432
0.122439
0.0409795
0.0155
0.0574426
0.0673653
0.016
0.0939061
0.0684658
0.00649675
0.011994
0.012
0.0389416
0.0964518
0.0505
0.101
0.0659011
0.071964
0.0874126
0.021978
0.0675
0.0575
0.029
0.057
0.138
0.0714643
0.0224888
0.00798802
0.0554446
0.0638723
0.018
0.027
0.111
0.109336
0.0985
0.0129935
0.119
0.105
0.0889555
0.024
0.0574713
0.0723192
0.0814593
0.00899101
0.14015
0.087956
0.124875
0.04995
0.040959
0.0595
0.041958
0.0185
0.11944
0.013
0.0395
0.0514229
0.0204898
0.101949
0.0419162
0.007996
0.0525
0.0354823
0.029
0.0683633
0.0115
0.0149775
0.0625
0.077961
0.0359461
0.027986
0.0289855
0.067
0.0529735
0.108946
0.015984
0.028971
0.086
0.111444
0.021989
0.046
0.026973
0.041958
0.0514229
0.0843734
0.0125
0.0595
0.101399
0.045977
0.0645
0.0509745
0.0684316
0.0673989
0.0255
0.010978
0.095
0.0395
0.0754623
0.00848727
0.1075
0.107
0.0145
0.0693959
0.0629056
0.00949525
0.0104895
0.0945
0.114885
0.0804196
0.0124938
0.0864568
0.0654346
0.012
0.06
0.0184908
0.151772
0.1265
0.093
0.0465
0.111832
0.100899
0.147426
0.0784216
0.0104843
0.0205
0.097
0.0594406
0.1115
0.0209895
0.128678
0.137363
0.153
0.0788817
0.0185
0.051974
0.152424
0.0853719
0.149925
0.00849151
0.0455
0.09995
0.035964
0.0474052
0.0204898
0.119
0.0614386
0.109336
0.0085
0.0209895
0.100349
0.105894
0.0115
0.013
0.0229541
0.0369815
0.095
0.047976
0.0235
0.107
0.00849151
0.045977
0.0349825
0.118
0.0334498
0.0565
0.0239641
0.011
0.0925
0.124875
0.055972
0.029
0.016
0.0784608
0.0114885
0.005997
0.0849575
0.081
0.0174913
0.0135
0.0874126
0.0104843
0.125437
0.0105
0.021967
0.14015
0.126374
0.046953
0.0684316
0.00599401
0.0214893
0.0129935
0.0788817
0.0585
0.0264868
0.0814593
0.0439341
0.118382
0.0129935
0.1035
0.0255
0.0855
0.0799201
0.0359461
0.006
0.023
0.0964518
0.009
0.012
0.082
0.0169915
0.0875
0.0429785
0.143856
0.118441
0.009
0.145
0.0854146
0.101449
0.028971
0.0234765
0.013986
0.0234883
0.0045
0.100798
0.0869131
0.0374813
0.0935
0.012
0.121939
0.064
0.017991
0.15
0.0239641
0.0595
0.0105
0.017
0.0948104
0.0579421
0.0155
0.07996
0.043
0.0969031
0.111444
0.0284573
0.012
0.006
0.0673989
0.1285
0.00549451
0.0129935
0.04995
0.114
0.144428
0.0315
0.102949
0.0065
0.085
0.135593
0.0089955
0.0684658
0.0594703
0.115826
0.0095
0.133433
0.1075
0.0784216
0.0855
0.00699301
0.004995
0.094
0.0854146
0.109945
0.051
0.0359461
0.00848727
0.0924538
0.0224663
0.1
0.0115
0.0209895
0.110889
0.00599401
0.0905
0.067966
0.0724276
0.087956
0.0988517
0.0754623
0.120819
0.132934
0.0654346
0.0075
0.0684658
0.0729635
0.00548902
0.0109945
0.147353
0.0129935
0.0849575
0.0109945
0.0855
0.1055
0.0275
0.011994
0.118
0.0429356
0.0065
0.11994
0.00549725
0.0529735
0.0069965
0.0599401
0.115884
0.146
0.125
0.074
0.0245
0.101
0.0875
0.0525
0.0729635
0.0105
0.101
0.0605
0.085957
0.007996
0.1315
0.0524476
0.0605
0.0439341
0.0235
0.111944
0.031
0.0175
0.102
0.118382
0.010989
0.106947
0.0935
0.108337
0.00798802
0.0584708
0.0135
0.1155
0.0689311
0.015976
0.0314843
0.0609086
0.0104895
0.1245
0.108946
0.0729635
0.055
0.0069965
0.121939
0.067
0.013
0.0125
0.012
0.010989
0.0809191
0.024
0.0713573
0.075962
0.0875
0.105841
0.0065
0.0129935
0.0184723
0.125437
0.0164835
0.0965
0.098
0.0755
0.0735
0.0155
0.0375
0.0349825
0.0823353
0.02
0.051974
0.0448878
0.0624688
0.0655
0.00548902
0.021978
0.0774613
0.0795
0.100899
0.0424788
0.064
0.00849151
0.114
0.0939061
0.0884558
0.0724276
0.0798403
0.106786
0.004995
0.0734266
0.0335
0.104948
0.06
0.0284858
0.0269865
0.11944
0.0214785
0.0895
0.124
0.097
0.009995
0.071964
0.067
0.0224888
0.009995
0.043956
0.101949
0.07996
0.0809595
0.0269865
0.147426
0.0095
0.0224775
0.1235
0.0929071
0.108446
0.07996
0.0194903
0.083958
0.115884
0.0145
0.071964
0.0109945
0.0963555
0.0964518
0.0155
0.011994
0.031
0.101
0.0134933
0.108
0.041958
0.0144928
0.081959
0.0918164
0.128436
0.00549176
0.1105
0.0923615
0.116
0.0544456
0.0125
0.05
0.111
0.1425
0.116
0.057
0.0174738
0.0889555
0.0664336
0.0069965
0.0875
0.123752
0.009
0.0964518
0.0109835
0.096
0.0469765
0.086
0.0955
0.017
0.011994
0.078
0.073
0.0725
0.124
0.122439
0.1415
0.0169745
0.0755
0.0295
0.0224775
0.014
0.0709645
0.0494259
0.110834
0.0825
0.0895
0.036963
0.0918164
0.0674663
0.0797607
0.00549725
0.1395
0.0104948
0.010978
0.119
0.110889
0.038
0.11
0.0275
0.0159681
0.144928
0.0788817
0.0539461
0.0354823
0.0804598
0.0855
0.0105
0.122939
0.123876
0.0694653
0.005
0.119381
0.0095
0.0184723
0.0134663
0.0729635
0.101
0.1035
0.0364818
0.111444
0.0784608
0.068
0.0925
0.0235
0.0144855
0.108446
0.053973
0.03998
0.0249626
0.0065
0.015
0.0129805
0.1355
0.0688623
0.0909091
0.011
0.0593812
0.0949051
0.0444778
0.0124875
0.137931
0.0354823
0.02
0.1325
0.0918622
0.009995
0.009995
0.0918164
0.01
0.0085
0.0989011
0.0514229
0.0369815
0.038961
0.00848727
0.0244755
0.031
0.0629371
0.0854573
0.123752
0.124875
0.043
0.0269865
0.0065
0.0075
0.029
0.0988024
0.145427
0.0114943
0.0863273
0.0579421
0.123938
0.01
0.12094
0.0705
0.014
0.134
0.01
0.028971
0.1005
0.0934533
0.006
0.106394
0.0609086
0.0249626
0.123
0.087956
0.0584708
0.0795
0.0324675
0.136
0.0124938
0.0349127
0.0799201
0.023988
0.0104843
0.0414793
0.1005
0.1335
0.0165
0.0175
0.0309845
0.011994
0.052
0.0939061
0.045
0.102449
0.052
0.143856
0.0955
0.06
0.0605
0.02997
0.126374
0.0994006
0.0764236
0.0455
0.1245
0.0949525
0.118382
0.105
0.014
0.1035
0.123
0.0814593
0.1055
0.0144928
0.0185
0.0369815
0.0994006
0.138
0.0939061
0.12094
0.05
0.105947
0.0334833
0.099351
0.158762
0.105289
0.143
0.089955
0.0095
0.0718563
0.0264735
0.0534733
0.123752
0.016
0.0125
0.012
0.0724276
0.12
0.03996
0.028971
0.109945
0.00549725
0.036
0.111444
0.0664004
0.0909091
0.0825
0.0698603
0.0265
0.097951
0.123
0.1595
0.0954523
0.0285
0.0174738
0.147778
0.097951
0.0794603
0.0949051
0.1635
0.0354468
0.043956
0.137431
0.134
0.133433
0.00848727
0.077
0.009995
0.042957
0.106447
0.0275
0.0825
0.0575
0.051974
0.011994
0.043956
0.0819181
0.09
0.005997
0.0549725
0.0884558
0.0089955
0.130435
0.0245
0.0774226
0.114443
0.149
0.105947
0.014
0.0309845
0.0934533
0.0264868
0.0075
0.082
0.0314685
0.0075
0.0665
0.0664004
0.0999001
0.027986
0.026973
0.0983034
0.097
0.0964518
0.081959
0.1375
0.0105
0.0705
0.0095
0.157
0.043
0.0465
0.117383
0.0244878
0.029
0.0645
0.126374
0.089
0.103448
0.0895
0.0225
0.00849151
0.009
0.110834
0.0534733
0.133433
0.0945
0.111444
0.0394408
0.0234883
0.0395
0.027
0.105
0.124438
0.0304848
0.00749625
0.0065
0.0209895
0.102949
0.011994
0.0555
0.0465
0.1095
0.053973
0.0594703
0.0105
0.0444778
0.00748503
0.145
0.0709645
0.11988
0.0884558
0.020979
0.0134663
0.0155
0.087956
0.0818772
0.00899101
0.0984508
0.101
0.0849575
0.062
0.0874126
0.0304695
0.0929535
0.102
0.0615
0.121439
0.0575
0.0584708
0.015
0.0848727
0.0144928
0.0674663
0.099
0.0949051
0.0783824
0.0995
0.0668997
0.0295
0.013
0.097951
0.010989
0.0895
0.0935
0.0784608
0.067966
0.0104843
0.0135
0.0314685
0.033983
0.0294705
0.012
0.0129741
0.1375
0.06
0.016
0.127936
0.089955
0.135593
0.033983
0.0104948
0.00949525
0.0419162
0.0069965
0.122439
0.003998
0.124438
0.085
0.0509491
0.0239641
0.0529735
0.0349825
0.124875
0.00949051
0.00449326
0.108337
0.0925
0.071964
0.012
0.0664004
0.0149925
0.0129935
0.125811
0.1235
0.0105
0.0315
0.0125
0.0985
0.101399
0.101949
0.0889111
0.054
0.015
0.017
0.0095
0.0449102
0.138431
0.029
0.0374813
0.0269596
0.0855
0.0589116
0.0705
0.1375
0.0809595
0.093
0.0324675
0.102949
0.113
0.0345
0.016
0.124875
0.114
0.100798
0.125437
0.0914543
0.084
0.124438
0.012
0.0425
0.027
0.0144783
0.067966
0.006
0.0159681
0.047
0.0125
0.128
0.0694653
0.00649675
0.0214785
0.0065
0.00798802
0.00749625
0.0529735
0.146427
0.0245
0.102897
0.0105
0.039
0.119381
0.007
0.0165
0.10989
0.086
0.0799201
0.1245
0.0189905
0.0875
0.025987
0.0644678
0.0334833
0.11994
0.067
0.027986
0.121439
0.0693959
0.128436
0.0239521
0.0683974
0.0825
0.109281
0.036963
0.126937
0.0184723
0.1415
0.0924538
0.109445
0.00849575
0.0823353
0.0395
0.0154768
0.0404192
0.0185
0.0125
0.0579131
0.0155
0.0115
0.0665
0.0189432
0.0095
0.0455
0.0224663
0.013986
0.0414172
0.105289
0.006
0.0474763
0.1295
0.0818772
0.0254873
0.0135
0.005997
0.00649026
0.126
0.115942
0.132434
0.011
0.0184815
0.137931
0.0194903
0.011994
0.1095
0.108891
0.0579131
0.123
0.0365
0.106786
0.0994006
0.0279581
0.0125
0.143
0.00799201
0.01
0.0209895
0.137363
0.005997
0.0579421
0.0983525
0.107946
0.0284573
0.0989505
0.1015
0.048
0.00849151
0.11
0.0314843
0.119
0.016983
0.0234531
0.1135
0.1225
0.150425
0.041
0.0144855
0.013
0.0305
0.0918164
0.017991
0.113943
0.052
0.012
0.0714643
0.015
0.0124938
0.052
0.119
0.0929535
0.00549451
0.0225
0.0224775
0.00649675
0.0729635
0.005
0.00798802
0.0425
0.0714643
0.0289855
0.105447
0.0559161
0.125437
0.004995
0.106786
0.126374
0.087956
0.0184908
0.011994
0.111944
0.098
0.0758862
0.0105
0.0369815
0.034
0.0124938
0.009
0.0235
0.0675
0.0075
0.0345
0.152771
0.0634683
0.01
0.0424788
0.004995
0.0234883
0.106447
0.0924538
0.0104948
0.1375
0.0984508
0.0104843
0.028971
0.0274863
0.134933
0.015992
0.0045
0.0935
0.12987
0.0209895
0.0169915
0.081959
0.1025
0.031968
0.016
0.0429785
0.0104843
0.0809191
0.0385
0.11994
0.12
0.0918164
0.0425
0.061
0.008
0.015
0.0129805
0.008
0.0349127
0.038961
0.119
0.0209895
0.0595
0.01999
0.091
0.0748877
0.07996
0.0129805
0.011
0.1005
0.011994
0.028971
0.0124813
0.0589705
0.1035
0.012
0.0295
0.136
0.0705
0.0359461
0.00798802
0.0149775
0.114885
0.00648703
0.0764236
0.133433
0.153846
0.016
0.00849151
0.0379431
0.011
0.127
0.0229885
0.123
0.1065
0.036
0.04
0.106447
0.101
0.0234765
0.1295
0.097
0.0214893
0.0104895
0.126873
0.0169915
0.1185
0.1635
0.007
0.098
0.133
0.0275
0.1375
0.115826
0.015992
0.0129935
0.0614386
0.095
0.005
0.00848303
0.0714643
0.0924538
0.0615
0.0985
0.100798
0.014985
0.0599401
0.037962
0.019
0.099
0.007
0.0104895
0.101449
0.0615
0.103792
0.0889555
0.0104843
0.0229885
0.0664336
0.0685
0.0619381
0.0235
0.0593812
0.0409795
0.0134933
0.0325
0.059
0.0284715
0.021989
0.0355
0.0244878
0.0814593
0.0404393
0.0655
0.0575
0.011994
0.016983
0.1135
0.1065
0.0654346
0.0364818
0.028
0.036
0.00948104
0.0369815
0.0708229
0.003998
0.0129741
0.123752
0.02
0.009
0.0065
0.0055
0.103
0.0723192
0.0284573
0.010989
0.097
0.101949
0.047
0.0214785
0.0164835
0.0075
0.0825
0.0729635
0.0615
0.0149925
0.0444555
0.0814593
0.02
0.017
0.015
0.0554723
0.149
0.0095
0.0125
0.055972
0.0824588
0.123
0.0405
0.11994
0.0269865
0.117441
0.1035
0.0895
0.011994
0.0315
0.029
0.136795
0.116442
0.0799201
0.024
0.0989505
0.0418953
0.013986
0.0798802
0.0104843
0.0774613
0.126937
0.099
0.0194903
0.023
0.0194708
0.036
0.009
0.0988517
0.0855
0.0755
0.0069965
0.0114943
0.115942
0.132934
0.0939061
0.0564436
0.009995
0.052
0.0905
0.1145
0.058
0.0684658
0.0774226
0.125437
0.0945
0.025
0.1095
0.0629056
0.0249875
0.153
0.0364818
0.0797607
0.0189905
0.0763473
0.048
0.1025
0.0998502
0.015
0.012
0.0405
0.051
0.0754623
0.123814
0.00848303
0.078
0.1595
0.0345
0.085
0.017991
0.014
0.0574713
0.111277
0.136795
0.02997
0.101
0.0923615
0.0974026
0.1295
0.064
0.0409795
0.106447
0.0275
0.0683974
0.11
0.069
0.016
0.0174913
0.0169661
0.087956
0.1235
0.027986
0.0674663
0.109445
0.112388
0.054
0.0664004
0.0204898
0.132867
0.0075
0.016983
0.0534733
0.0984508
0.0124938
0.0075
0.0269596
0.148926
0.0145
0.0085
0.0055
0.09995
0.0229885
0.0804196
0.0245
0.135864
0.041958
0.105894
0.023988
0.087956
0.0594406
0.007
0.0175
0.016
0.091
0.0855
0.00449326
0.0444778
0.138931
0.0115
0.0724276
0.0769615
0.00749625
0.0295
0.110279
0.011
0.0405
0.0965
0.0125
0.0135
0.0109945
0.097951
0.105447
0.061
0.1355
0.049975
0.0585
0.142929
