0.271364
0.3285
0.255744
0.291708
0.286357
0.275087
0.24975
0.241
0.279221
0.280579
0.26973
0.284358
0.256872
0.311344
0.29021
0.251374
0.286071
0.280719
0.287712
0.2905
0.2685
0.285
0.212394
0.307
0.28
0.261
0.307
0.272727
0.293353
0.3395
0.273863
0.221168
0.224775
0.263868
0.0124938
0.29021
0.255245
0.326846
0.297851
0.2645
0.285572
0.264
0.3085
0.299
0.2825
0.238381
0.235
0.244
0.278
0.007
0.261
0.276862
0.27936
0.284216
0.271
0.258612
0.259
0.295704
0.252747
0.301698
0.2745
0.324014
0.258371
0.265
0.281219
0.2855
0.306194
0.258483
0.278
0.295
0.309845
0.248
0.257
0.318
0.271322
0.277722
0.29
0.285
0.215
0.224388
0.277861
0.228
0.294206
0.275724
0.2305
0.272228
0.291354
0.282
0.278942
0.272
0.285357
0.235
0.248876
0.27936
0.26
0.257871
0.2595
0.2555
0.290855
0.323838
0.24975
0.244134
0.218891
0.281
0.251623
0.256116
0.2975
0.248
0.24038
0.229885
0.246377
0.29021
0.254246
0.27309
0.270365
0.294705
0.285
0.312344
0.215285
0.264
0.298851
0.235882
0.333999
0.267
0.267732
0.2505
0.259241
0.2825
0.258741
0.265235
0.2935
0.26
0.277445
0.296852
0.2915
0.2495
0.282
0.3005
0.26973
0.244378
0.24389
0.2905
0.219451
0.2555
0.274363
0.289211
0.229385
0.266467
0.249126
0.242394
0.245
0.282
0.284858
0.3002
0.270365
0.295
0.00799201
0.267233
0.2835
0.290355
0.277722
0.308346
0.253373
0.254373
0.273
0.244256
0.256
0.2435
0.27986
0.2865
0.283858
0.212
0.23027
0.2795
0.0049975
0.2415
0.286
0.2645
0.293207
0.287712
0.251123
0.2645
0.2735
0.2485
0.283217
0.253373
0.259111
0.248376
0.277361
0.2815
0.270729
0.246
0.235529
0.224663
0.190714
0.258371
0.28036
0.293
0.2755
0.250375
0.287069
0.298202
0.286214
0.292062
0.281
0.284715
0.2975
0.254
0.219
0.272364
0.273363
0.2665
0.290855
0.270095
0.281859
0.0044955
0.238381
0.225387
0.253746
0.00948577
0.264
0.242137
0.245754
0.295352
0.272364
0.27
0.269231
0.284074
0.2745
0.291354
0.317524
0.19
0.2785
0.224775
0.3065
0.255245
0.269
0.267233
0.2405
0.267
0.2535
0.294
0.266
0.253746
0.252374
0.197
0.257
0.256
0.274
0.268597
0.279441
0.226387
0.0145
0.258
0.281
0.245377
0.237881
0.247876
0.2825
0.278222
0.2445
0.2515
0.233383
0.258741
0.297203
0.239
0.2435
0.334333
0.26973
0.284715
0.267
0.210789
0.276086
0.277445
0.254373
0.270865
0.285215
0.272
0.284715
0.2915
0.2515
0.26
0.255
0.2665
0.2375
0.284
0.275862
0.2555
0.22028
0.324014
0.269865
0.2765
0.27
0.265
0.256872
0.275362
0.3035
0.268366
0.26011
0.212288
0.30654
0.304
0.276723
0.266
0.289211
0.214
0.2595
0.280719
0.0114943
0.264368
0.271
0.305736
0.287425
0.281
0.2385
0.2245
0.2795
0.227
0.240759
0.282359
0.235
0.2845
0.0055
0.2755
0.244
0.2545
0.2675
0.278
0.273
0.2615
0.2845
0.278
0.255245
0.278361
0.248876
0.292707
0.278721
0.275362
0.284216
0.277861
0.238381
0.212394
0.2745
0.275862
0.282
0.296352
0.218891
0.283858
0.2735
0.264236
0.294853
0.277861
0.233383
0.248
0.241
0.264
0.281359
0.227
0.216783
0.2245
0.24038
0.290709
0.277223
0.246377
0.295704
0.237881
0.27495
0.252
0.243
0.273363
0.2675
0.304848
0.2315
0.282859
0.271
0.244755
0.251249
0.2265
0.0124938
0.240759
0.265
0.267732
0.269
0.25998
0.011994
0.00449775
0.2755
0.236409
0.243878
0.267465
0.241259
0.227886
0.294705
0.293
0.2385
0.237
0.262
0.2735
0.202899
0.27936
0.237381
0.0144928
0.28
0.257371
0.267732
0.271
0.214
0.261
0.222889
0.282077
0.279221
0.264368
0.2885
0.317841
0.273
0.254
0.254873
0.2665
0.223
0.256116
0.29
0.2995
0.261
0.247876
0.302349
0.275362
0.285
0.262869
0.282934
0.252122
0.231384
0.303045
0.2985
0.2975
0.250375
0.277861
0.276862
0.0049975
0.254373
0.294705
0.278
0.226274
0.296852
0.220559
0.26
0.214
0.256372
0.249626
0.2785
0.275
0.245877
0.300549
0.269327
0.244378
0.247253
0.2745
0.00949525
0.217
0.288
0.261239
0.266367
0.0049975
0.263972
0.2605
0.273726
0.29021
0.252374
0.256487
0.302198
0.2585
0.2565
0.3095
0.308
0.216675
0.297851
0.281936
0.261608
0.234883
0.0075
0.269365
0.258371
0.255
0.27
0.24389
0.201
0.229156
0.235
0.307
0.247
0.3002
0.212
0.281219
0.268098
0.29356
0.2525
0.2666
0.291127
0.231884
0.258242
0.264236
0.213
0.319
0.2625
0.262238
0.24975
0.309381
0.27023
0.0305
0.2495
0.249251
0.288212
0.27359
0.2625
0.2805
0.27986
0.210789
0.326673
0.269
0.2285
0.226887
0.235882
0.286214
0.269
0.219
0.2795
0.236409
0.274
0.281859
0.272864
0.269
0.282077
0.2815
0.300549
0.243
0.292854
0.269
0.271093
0.279221
0.28
0.254373
0.189405
0.277361
0.2755
0.265867
0.26
0.303
0.2465
0.291563
0.297203
0.197
0.279
0.26
0.281359
0.313843
0.2275
0.305042
0.28008
0.233383
0.285215
0.270594
0.302349
0.285357
0.271
0.3145
0.29356
0.26
0.30654
0.278222
0.270594
0.276723
0.221667
0.24501
0.301349
0.286
0.264
0.251748
0.333333
0.3005
0.292124
0.3035
0.298851
0.262
0.266966
0.223
0.224
0.283858
0.297554
0.296352
0.269365
0.255245
0.286713
0.272228
0.2625
0.294
0.285857
0.2975
0.2905
0.224388
0.268694
0.2685
0.2835
0.2815
0.277861
0.305694
0.281219
0.257
0.3075
0.2825
0.26
0.2615
0.25974
0.010989
0.30654
0.26
0.250125
0.2945
0.255872
0.0075
0.2575
0.2745
0.2385
0.266
0.2785
0.207688
0.2805
0.268098
0.30085
0.27309
0.243
0.258
0.00449775
0.261
0.2635
0.281359
0.284358
0.273
0.221279
0.26037
0.241379
0.262869
0.266867
0.313843
0.2845
0.2935
0.2495
0.283932
0.289355
0.2625
0.2775
0.277
0.2865
0.257371
0.294206
0.270365
0.284715
0.278222
0.247
0.281
0.2955
0.271
0.248128
0.264236
0.266
0.222
0.2665
0.234883
0.291708
0.222889
0.251374
0.258741
0.276862
0.275087
0.27023
0.274863
0.2635
0.0114943
0.251623
0.2375
0.289066
0.252994
0.285857
0.289855
0.233383
0.291354
0.2666
0.253373
0.2695
0.288356
0.2945
0.277223
0.281859
0.279441
0.274363
0.2805
0.261369
0.2535
0.2535
0.281359
0.2515
0.2975
0.247376
0.231884
0.311344
0.24676
0.2905
0.245877
0.252747
0.253373
0.24038
0.289211
0.2855
0.284358
0.2535
0.305347
0.245754
0.3005
0.0175
0.238381
0.262606
0.2435
0.258242
0.226887
0.254
0.252
0.277722
0.005997
0.294
0.284358
0.252
0.295
0.258483
0.2385
0.263736
0.270095
0.256
0.237381
0.278361
0.282077
0.266
0.288856
0.253
0.217
0.2545
0.30654
0.275362
0.2725
0.23938
0.251374
0.0104948
0.2666
0.282859
0.261738
0.270459
0.304
0.282218
0.261
0.266
0.290918
0.299551
0.281936
0.0049975
0.239
0.2725
0.264
0.29021
0.0114943
0.0049975
0.2835
0.2405
0.286
0.244134
0.2675
0.224663
0.215
0.304695
0.221667
0.266234
0.284358
0.245877
0.017
0.296
0.282
0.284358
0.2885
0.251623
0.2425
0.2515
0.281
0.244256
0.262869
0.00649026
0.277861
0.256872
0.29356
0.306
0.266733
0.274
0.279
0.244256
0.2375
0.292768
0.248252
0.283433
0.256487
0.287569
0.251374
0.249
0.228
0.265367
0.3085
0.294353
0.235382
0.256487
0.285
0.2725
0.232419
0.2555
0.225162
0.2595
0.286357
0.314343
0.29021
0.256
0.299051
0.287712
0.284715
0.2775
0.273
0.296352
0.2805
0.204795
0.195305
0.284358
0.2535
0.276808
0.249375
0.295352
0.301199
0.322839
0.281859
0.254873
0.251623
0.27936
0.237263
0.28
0.256372
0.237
0.042
0.282077
0.294353
0.258371
0.2555
0.281
0.256
0.284715
0.2666
0.267
0.2265
0.252248
0.26087
0.3135
0.28992
0.27
0.24088
0.275
0.2505
0.2695
0.279221
0.271864
0.284
0.2485
0.255744
0.264
0.255744
0.263868
0.23027
0.285
0.2685
0.281219
0.294
0.261869
0.216
0.261
0.2495
0.195305
0.244
0.287712
0.222889
0.27936
0.258371
0.232884
0.195305
0.2405
0.258242
0.278
0.2385
0.212394
0.306194
0.254491
0.270365
0.244256
0.2605
0.2785
0.272864
0.2765
0.2515
0.2605
0.23938
0.256
0.275087
0.315868
0.277584
0.250624
0.2825
0.294353
0.284358
0.191309
0.25987
0.290918
0.255744
0.3075
0.3255
0.248751
0.292354
0.23938
0.2635
0.230769
0.305
0.283858
0.24038
0.29
0.21989
0.277
0.248376
0.21989
0.249875
0.25937
0.3035
0.2915
0.2725
0.249
0.00449775
0.226274
0.289211
0.21989
0.241379
0.244755
0.280579
0.243
0.282359
0.2785
0.19
0.2905
0.2745
0.0314685
0.2355
0.2745
0.262869
0.3145
0.247
0.272864
0.246877
0.270365
0.265367
0.264368
0.303045
0.294353
0.288068
0.289211
0.306847
0.244256
0.261
0.3135
0.297203
0.219171
0.247376
0.278
0.281219
0.229656
0.30654
0.2845
0.265734
0.297554
0.193806
0.24014
0.291354
0.2975
0.2395
0.262869
0.213786
0.225
0.267
0.292062
0.26973
0.266367
0.288356
0.247629
0.0065
0.245
0.270865
0.246131
0.295704
0.282359
0.2955
0.258242
0.240759
0.2505
0.27318
0.264
0.245
0.241379
0.290355
0.2695
0.21989
0.277722
0.284358
0.289355
0.247129
0.241259
0.244256
0.286214
0.273363
0.267
0.225387
0.271
0.2745
0.281
0.29356
0.251874
0.277861
0.2995
0.255872
0.2275
0.2725
0.2185
0.2805
0.300898
0.252248
0.288856
0.26
0.279081
0.2555
0.272727
0.2675
0.278942
0.197
0.2875
0.298202
0.244
0.292707
0.2895
0.2425
0.189405
0.302546
0.246008
0.2565
0.297203
0.265867
0.257243
0.234883
0.264868
0.282
0.281359
0.281936
0.299
0.281219
0.260739
0.2485
0.244
0.23027
0.281
0.24038
0.272727
0.238024
0.264868
0.245754
0.278721
0.301698
0.246
0.231884
0.250375
0.262107
0.242258
0.281
0.266234
0.245877
0.2955
0.293353
0.244378
0.245754
0.2195
0.217
0.261477
0.24389
0.265337
0.222
0.236882
0.235
0.284216
0.252248
0.26
0.238381
0.26996
0.234383
0.278083
0.257871
0.291708
0.279
0.24014
0.264
0.296
0.2395
0.30035
0.247876
0.246
0.239
0.283217
0.2685
0.2055
0.237881
0.191309
0.272591
0.302849
0.261369
0.272228
0.282
0.264236
0.2765
0.271956
0.217
0.00949525
0.300549
0.27
0.272364
0.237
0.223
0.282
0.305694
0.0045
0.261869
0.2765
0.246377
0.253746
0.222889
0.236146
0.247376
0.281859
0.249002
0.274
0.2805
0.278222
0.254373
0.285572
0.305
0.222
0.271864
0.282218
0.235647
0.2615
0.23
0.2745
0.266234
0.2805
0.2665
0.24975
0.218891
0.00698952
0.249002
0.295704
0.275087
0.2605
0.249626
0.277
0.272
0.256
0.247129
0.2325
0.272364
0.268366
0.2685
0.258113
0.3115
0.2885
0.249626
0.294353
0.253373
0.223665
0.261
0.278
0.257
0.265734
0.299201
0.30035
0.224
0.277
0.305694
0.2575
0.242636
0.234266
0.235382
0.267732
0.270365
0.281
0.301048
0.2925
0.212288
0.2615
0.27
0.286214
0.265235
0.2545
0.2375
0.251374
0.23976
0.273227
0.2925
0.303242
0.299051
0.307
0.209395
0.250875
0.27023
0.254745
0.266
0.247629
0.289855
0.277861
0.27
0.265867
0.27
0.254745
0.238
0.27023
0.24038
0.271
0.256372
0.291563
0.275087
0.274363
0.308
0.274089
0.2465
0.2565
0.2195
0.243135
0.219171
0.292768
0.242258
0.293207
0.246377
0.249875
0.252994
0.292062
0.2395
0.255245
0.307
0.2445
0.244256
0.265367
0.294059
0.0144928
0.266733
0.292768
0.253373
0.214785
0.244
0.285857
0.250998
0.2375
0.248252
0.253247
0.24014
0.221279
0.265968
0.286214
0.250125
0.2815
0.297851
0.244
0.303045
0.25
0.269
0.261369
0.254873
0.234266
0.251
0.251374
0.2515
0.270594
0.240639
0.261
0.262238
0.253746
0.292354
0.244256
0.277722
0.244256
0.288567
0.276723
0.251374
0.257371
0.224164
0.255
0.292062
0.274
0.262
0.232036
0.267
0.2595
0.215177
0.304
0.27936
0.28008
0.2425
0.253373
0.258
0.263
0.2805
0.243135
0.311344
0.245877
0.251249
0.2795
0.301349
0.2825
0.275362
0.284715
0.0115
0.295057
0.261477
0.261
0.28
0.244
0.259111
0.25987
0.254745
0.284216
0.2575
0.28008
0.00698952
0.256372
0.251874
0.2555
0.222889
0.300898
0.286857
0.282859
0.291209
0.273363
0.278
0.284858
0.282077
0.2895
0.291
0.2475
0.243
0.306
0.2515
0.2385
0.221279
0.269
0.251623
0.296352
0.293207
0.23976
0.274363
0.267
0.274
0.2745
0.27986
0.2545
0.2815
0.257871
0.238642
0.27986
0.2755
0.267366
0.253873
0.289211
0.242
0.2415
0.244
0.236409
0.226887
0.223
0.255
0.2035
0.265602
0.2755
0.268866
0.190714
0.3115
0.226887
0.265235
0.301349
0.3002
0.248376
0.2545
0.202197
0.222389
0.2565
0.301698
0.227
0.294
0.242757
0.299201
0.204898
0.244
0.278582
0.2515
0.291209
0.275362
0.244378
0.27495
0.234
0.272364
0.264368
0.267233
0.279441
0.295352
0.274363
0.302047
0.27936
0.248751
0.266867
0.278803
0.27986
0.291
0.2695
0.2565
0.2785
0.277
0.282859
0.31
0.27023
0.251
0.277361
0.2845
0.267099
0.261
0.278
0.222555
0.282077
0.228
0.26973
0.261869
0.265734
0.252994
0.237881
0.297
0.2595
0.2925
0.212394
0.2575
0.297554
0.279441
0.2765
0.289855
0.326673
0.250374
0.237
0.1815
0.304848
0.272954
0.278582
0.19
0.25998
0.28008
0.23938
0.261738
0.2505
0.285
0.254373
0.216392
0.227886
0.240759
0.2765
0.25987
0.282
0.276
0.266867
0.253247
0.2875
0.2775
0.2845
0.229656
0.298202
0.242394
0.249626
0.254873
0.275087
0.274725
0.256872
0.0105
0.270365
0.2705
0.0109835
0.28022
0.264236
0.0184631
