0.1625
0.167
0.164418
0.219171
0.144928
0.0105
0.17991
0.210895
0.212394
0.19031
0.246877
0.185721
0.214893
0.166917
0.230654
0.00599401
0.198302
0.003996
0.184
0.157421
0.131934
0.186407
0.209291
0.2235
0.239
0.167916
0.239261
0.180819
0.171657
0.246753
0.1225
0.255372
0.2695
0.189
0.191309
0.202
0.197401
0.017
0.176324
0.195706
0.209
0.1605
0.00998004
0.2009
0.191
0.2105
0.157343
0.25025
0.008
0.212894
0.116
0.0075
0.21989
0.221889
0.1955
0.197703
0.112944
0.2235
0.127936
0.2315
0.1615
0.145927
0.188623
0.267732
0.186
0.1805
0.1915
0.0104895
0.207293
0.0944528
0.213
0.243635
0.204194
0.208896
0.177911
0.184908
0.199
0.267099
0.148
0.167
0.197802
0.185315
0.214893
0.257371
0.197802
0.176
0.193
0.2315
0.2075
0.185
0.0105
0.0205
0.00449775
0.210395
0.207
0.0045
0.198401
0.227386
0.184908
0.174326
0.217283
0.212575
0.1935
0.197802
0.2525
0.215177
0.194805
0.138431
0.185315
0.2315
0.205397
0.131369
0.15
0.21008
0.252
0.190619
0.215
0.208
0.0914543
0.203195
0.141717
0.0045
0.198
0.00599401
0.2335
0.234383
0.203898
0.215392
0.0645
0.164753
0.1955
0.157921
0.205897
0.181
0.117823
0.201697
0.1915
0.180729
0.211289
0.25025
0.184908
0.197401
0.154
0.181909
0.0089955
0.221168
0.168
0.247253
0.1925
0.1905
0.012987
0.230885
0.204296
0.2935
0.2065
0.011976
0.180729
0.208583
0.172328
0.183317
0.185
0.2355
0.205794
0.186128
0.180729
0.258242
0.185721
0.187
0.197802
0.182726
0.196803
0.17991
0.1885
0.141717
0.186407
0.229
0.157421
0.185
0.247129
0.169415
0.168663
0.169
0.216284
0.188
0.1805
0.207792
0.230769
0.246753
0.176324
0.022
0.2215
0.186907
0.0205
0.011994
0.1915
0.196402
0.196206
0.165417
0.189405
0.191
0.187126
0.244
0.183
0.230769
0.163
0.228771
0.238381
0.017
0.134299
0.218
0.226048
0.1525
0.181818
0.126437
0.1775
0.202298
0.1815
0.219281
0.244
0.196
0.163
0.006
0.209
0.164418
0.196402
0.2175
0.202
0.188
0.246
0.185
0.195706
0.198203
0.125
0.1745
0.217673
0.188
0.248876
0.205397
0.223277
0.218672
0.195402
0.206191
0.193114
0.2055
0.198801
0.234383
0.00998004
0.2395
0.0045
0.00349825
0.207293
0.233
0.199301
0.2225
0.202298
0.217283
0.228272
0.167
0.1775
0.2365
0.2935
0.191
0.2325
0.271186
0.239141
0.240759
0.1975
0.0264603
0.18
0.244378
0.203195
0.24663
0.212894
0.205295
0.218781
0.180549
0.169661
0.192404
0.222167
0.1985
0.008
0.1815
0.208896
0.0559441
0.1975
0.166833
0.22666
0.102794
0.2225
0.199
0.2065
0.157842
0.199
0.0109945
0.246
0.252374
0.222777
0.1805
0.0264603
0.144928
0.1715
0.272727
0.2305
0.153923
0.178911
0.191404
0.198302
0.187
0.158841
0.0494259
0.237762
0.139
0.0075
0.209
0.1825
0.232918
0.174
0.2365
0.00949525
0.115385
0.193
0.212
0.235382
0.2009
0.249
0.247253
0.190714
0.1215
0.2295
0.214179
0.1545
0.017
0.116
0.222389
0.1965
0.185407
0.199
0.1955
0.01
0.156422
0.215177
0.1965
0.19031
0.007
0.1885
0.202
0.22089
0.237263
0.1705
0.1655
0.166417
0.164172
0.172242
0.1515
0.191213
0.112944
0.210895
0.1935
0.157763
0.0159681
0.232036
0.0104843
0.233
0.1835
0.238381
0.205
0.1615
0.2
0.200699
0.210789
0.218
0.174413
0.16983
0.212076
0.175
0.183042
0.186907
0.166917
0.1525
0.179142
0.231884
0.155422
0.151
0.17941
0.00749251
0.2075
0.0304391
0.221889
0.180729
0.190619
0.193403
0.157
0.2004
0.184908
0.237881
0.158
0.175736
0.211
0.198901
0.187219
0.185407
0.169661
0.238881
0.2125
0.175824
0.1185
0.168916
0.237263
0.1715
0.0154845
0.136932
0.202899
0.223
0.185536
0.186627
0.193806
0.177411
0.196402
0.2065
0.1825
0.223553
0.221168
0.195
0.192404
0.221
0.2335
0.182909
0.1885
0.181
0.057971
0.138362
0.216284
0.191404
0.0454773
0.184
0.193709
0.181409
0.144928
0.213393
0.2025
0.2455
0.207396
0.194
0.011994
0.210895
0.194
0.2155
0.248376
0.2185
0.212
0.2295
0.176
0.15942
0.229
0.2045
0.0329835
0.00899101
0.153
0.181
0.230885
0.199601
0.184908
0.2225
0.177911
0.224
0.112944
0.188
0.017
0.1935
0.221168
0.2025
0.183908
0.193709
0.267732
0.1905
0.131238
0.1735
0.233766
0.149
0.198901
0.2004
0.234
0.152924
0.2055
0.00698952
0.222167
0.189
0.197703
0.132434
0.203898
0.102449
0.165417
0.00949051
0.184631
0.152348
0.22
0.207896
0.168416
0.207896
0.237762
