0.285
0.244
0.265367
0.2315
0.234149
0.223776
0.228771
0.256872
0.0145
0.1895
0.2305
0.207396
0.205295
0.184316
0.21008
0.003998
0.2125
0.1965
0.2325
0.193
0.211
0.242879
0.2505
0.224
0.192308
0.226
0.0065
0.2205
0.2425
0.26037
0.2385
0.2425
0.185315
0.1955
0.215892
0.239261
0.219
0.2385
0.236264
0.1765
0.253873
0.2345
0.2115
0.251
0.1905
0.235882
0.015976
0.2055
0.230885
0.2315
0.258871
0.228158
0.0104948
0.232384
0.0075
0.242258
0.241879
0.301698
0.219
0.0075
0.208396
0.262
0.2675
0.261608
0.193806
0.236382
0.215285
0.226
0.246753
0.154845
0.235
0.232152
0.214393
0.236
0.209895
0.157
0.230654
0.258371
0.186314
0.214286
0.190405
0.228429
0.265
0.229656
0.245509
0.259611
0.238
0.255872
0.244256
0.257371
0.2305
0.232036
0.2665
0.237762
0.196705
0.1495
0.233766
0.229656
0.229
0.22028
0.2205
0.232152
0.244633
0.2515
0.265469
0.277223
0.275
0.236645
0.231
0.2395
0.258724
0.241
0.2009
0.243135
0.218
0.210579
0.269
0.221
0.2235
0.273
0.205
0.246877
0.2605
0.201299
0.203593
0.213786
0.131934
0.2105
0.217391
0.263368
0.223553
0.2665
0.194209
0.2375
0.262869
0.231153
0.173
0.225662
0.249875
0.2125
0.0155
0.217
0.199201
0.221
0.228886
0.230654
0.250499
0.2375
0.201299
0.291
0.263237
0.241259
0.2335
0.2095
0.1735
0.245132
0.170829
0.245132
0.277307
0.229
0.24026
0.257742
0.1905
0.230654
0.214678
0.1975
0.1905
0.211
0.234883
0.2155
0.223277
0.224888
0.0384615
0.228
0.173327
0.268098
0.252374
0.242636
0.2105
0.231384
0.2305
0.255872
0.216392
0.213
0.182
0.213893
0.183816
0.2255
0.247253
0.2515
0.23938
0.235647
0.248
0.209685
0.247629
0.236382
0.178322
0.197703
0.208
0.217
0.231269
0.262
0.2375
0.228771
0.2555
0.262869
0.204
0.2085
0.17991
0.215392
0.2685
0.222
0.267099
0.226
0.224
0.257
0.245754
0.2185
0.0075
0.247376
0.0154768
0.222389
0.272364
0.276862
0.251874
0.218891
0.276862
0.196402
0.22
0.232152
0.285429
0.2105
0.226274
0.182
0.259241
0.236382
0.23503
0.236
0.2245
0.2325
0.275
0.2095
0.229385
0.0144928
0.176912
0.236264
0.21989
0.2245
0.202
0.204
0.228272
0.2495
0.16042
0.233883
0.202
0.246753
0.1999
0.185814
0.259111
0.232918
0.225774
0.232
0.250375
0.238881
0.197703
0.2415
0.192404
0.268731
0.2495
0.236146
0.198
0.0189905
0.183408
0.256872
0.201899
0.1975
0.2635
0.253
0.0065
0.255872
0.215
0.195
0.1955
0.230769
0.237762
0.257243
0.166
0.24088
0.2175
0.261738
0.210789
0.244
0.1715
0.230155
0.203593
0.239261
0.2525
0.240759
0.0114943
0.2155
0.247752
0.182
0.204296
0.182909
0.24038
0.2055
0.195902
0.222
0.226
0.20979
0.25
0.1975
0.236645
0.238523
0.226274
0.195706
0.225935
0.252
0.250499
0.23365
0.2195
0.2415
0.168248
0.2275
0.244
0.212894
0.237762
0.238642
0.251
0.235265
0.257371
0.2255
0.194
0.215392
0.228272
0.256872
0.270365
0.235265
0.186407
0.2355
0.221889
0.280299
0.255245
0.229042
0.216392
0.245377
0.2115
0.144
0.253
0.204398
0.144
0.224888
0.242
0.2545
0.266334
0.253873
0.2205
0.23988
0.226
0.168248
0.2475
0.217891
0.00849575
0.2455
0.242
0.263368
0.166917
0.224
0.198
0.205691
0.2155
0.232535
0.253
0.0044955
0.238523
0.244
0.219171
0.252621
0.203
0.2285
0.218
0.2265
0.255245
0.2605
0.0205
0.22039
0.23503
0.237
0.012
0.206
0.00749251
0.236264
0.21978
0.267465
0.241879
0.2305
0.209395
0.26037
0.2
0.0065
0.182
0.211
0.266867
0.2505
0.246
0.2665
0.2065
0.277223
0.2085
0.017991
0.241879
0.198
0.253
0.194209
0.22
0.166917
0.225
0.015984
0.184723
0.2235
0.176
0.192615
0.176412
0.2415
0.214393
0.264104
0.225662
0.205295
0.259241
0.257871
0.00999001
0.194403
0.00849575
0.240399
0.27
0.245377
0.181727
0.228771
0.294353
0.2215
0.227886
0.234883
0.207293
0.24088
0.2285
0.0029985
0.245
0.2565
0.24088
0.2385
0.198702
0.2585
0.194306
0.0155
0.154923
0.206897
0.224
0.197703
0.245
0.2175
0.246377
0.011
0.255
0.230385
0.2625
0.182817
0.264368
0.161757
0.250998
0.222889
0.204398
0.2265
0.232
0.0049975
0.1905
0.23365
0.201899
0.189405
0.192
0.210395
0.2565
0.203593
0.1655
0.226
0.173
0.265602
0.133933
0.245877
0.214072
0.208791
0.214
0.210579
0.2345
0.2675
0.212288
0.1885
0.181818
0.235
0.241
0.21989
0.2375
0.212894
0.204398
0.26037
0.273317
0.209186
0.234
0.232268
0.191404
0.184316
0.188406
0.245509
0.204898
0.2665
0.187
0.250125
0.217
0.266234
0.233883
0.182
0.201899
0.16042
0.218
0.196304
0.190905
0.232767
0.2665
0.2295
0.204795
0.216392
0.21008
0.2175
0.245377
0.251372
0.2455
0.230885
0.2755
0.178411
0.2635
0.259241
0.244
0.0075
0.238381
0.198901
0.196108
0.2305
0.265
0.225662
0.254745
0.227659
0.237762
0.1765
0.22089
0.214393
0.26087
0.23027
0.201399
0.26
0.181727
0.244878
0.180819
0.213786
0.184723
0.196206
0.259
0.219
0.26
0.218391
0.216892
0.2465
0.255744
0.1925
0.191404
0.195902
0.00848727
0.223776
0.24088
0.227386
0.005
0.007
0.242379
0.258741
0.2425
0.0264868
0.257371
0.191404
0.2555
0.2485
0.25987
0.243878
0.191404
0.2885
0.0119701
0.241138
0.245754
0.24
0.245509
0.241638
0.2065
0.231
0.2345
0.267732
0.234
0.170744
0.235
0.239261
0.238381
0.0384615
0.006
0.215
0.253373
0.23938
0.221
0.183408
0.241879
0.1995
0.205691
0.2555
0.2345
0.208
0.213287
0.216392
0.240639
0.133933
0.152424
0.221
0.206
0.254373
0.238
0.233267
0.2315
0.1975
0.278361
0.2195
0.201098
0.226547
0.0045
0.24
0.228886
0.2465
0.213
0.222889
0.0114828
0.184723
0.199
0.2205
0.218391
0.214179
0.198401
0.211894
0.250125
0.189216
0.198302
0.170744
0.245509
0.243378
0.00449775
0.182
0.2325
0.176412
0.272
0.238
0.2725
0.210789
0.257871
0.26973
0.25
0.228386
0.24088
0.230885
0.225387
0.2155
0.264
0.23938
0.1955
0.0105
0.23591
0.198
0.2115
0.157
0.182318
0.188406
0.2105
0.2335
0.216392
0.174413
0.183816
0.202298
0.228
0.257371
0.239
0.221168
0.193307
0.235382
0.0155
0.206397
0.275087
0.2135
0.2215
0.261608
0.18672
0.236264
0.0345
0.21989
0.232152
0.24088
0.214785
0.254863
0.245377
0.2385
0.281219
0.1905
0.2765
0.18032
0.237
0.2065
0.261869
0.255872
0.204898
0.195706
0.214286
0.212288
0.2015
0.246877
0.268597
0.250875
0.211894
0.239
0.204898
0.269096
0.204296
0.222
0.0144928
0.258871
0.214393
0.15992
0.208
0.210395
0.21939
0.232
0.239
0.229156
0.24
0.1945
0.265
0.2105
0.221889
0.2655
0.204795
0.212894
0.235
0.2635
0.194403
0.2045
0.2515
0.234883
0.251874
0.234266
0.224
0.215
0.180819
0.249251
0.223277
0.228
0.203195
0.1655
0.22028
0.2165
0.2345
0.21989
0.252374
0.257243
0.2315
0.1905
0.241138
0.265867
0.1715
0.212894
0.217391
0.244878
0.182
0.247876
0.2355
0.221778
0.2265
0.235882
0.252495
0.00999001
0.178821
0.19
0.236146
0.2155
0.222
0.247752
0.012987
0.241
0.2095
0.202399
0.205
0.262
0.257243
0.00899101
0.195706
0.203
0.190405
0.219
0.237381
0.24026
0.226773
0.240639
0.225387
0.173327
0.259241
0.200599
0.2515
0.232
0.250749
0.2145
0.256872
0.242258
0.237
0.236882
0.204398
0.244
0.2295
0.218672
0.268866
0.22
0.176236
0.208396
0.2025
0.202399
0.23
0.00599401
0.261
0.2255
0.205691
0.0114943
0.227386
0.25987
0.242
0.213287
0.201399
0.26
0.1585
0.166251
0.271364
0.2415
0.00798802
0.178411
0.184408
0.206897
0.232767
0.213393
0.188218
0.241638
0.27182
0.23
0.15
0.234
0.191404
0.183724
0.214678
0.201
0.15992
0.2265
0.281219
0.2315
0.2275
0.194209
0.2009
0.215
0.229656
0.276224
0.257243
0.22039
0.225387
0.2475
0.174413
0.222278
0.2505
0.238
0.153923
0.1625
0.22028
0.223277
0.2425
0.211289
0.219
0.246131
0.207896
0.231384
0.0104948
0.21029
0.202399
0.244
0.1465
0.223
0.188811
0.2085
0.245
0.213893
0.248
0.226887
0.2265
0.22666
0.251372
0.0109835
0.224
0.2315
0.2005
0.245
0.230654
0.0109945
0.2605
0.202298
0.218282
0.00999001
0.182409
0.002
0.261608
0.266
0.2315
0.197303
0.2355
0.247376
0.265
0.29
0.212288
0.250375
0.226
0.0109945
0.222389
0.219
0.230885
0.225
0.21
0.2305
0.243378
0.1995
0.246877
0.238642
0.2
0.252
0.208896
0.251374
0.0164918
0.240639
0.26973
0.209
0.229
0.211894
0.253373
0.258741
0.247253
0.236
0.1765
0.182
0.23027
0.224388
0.223277
0.275087
0.193
0.272591
0.2565
0.192904
0.220779
0.2315
0.00699301
0.248627
0.205
0.238
0.226
0.18091
0.250125
0.236
0.205
0.2545
0.218391
0.2415
0.227659
0.1955
0.202899
0.2465
0.17
0.204398
0.21978
0.235882
0.257371
0.21989
0.250875
0.152424
0.206397
0.256116
0.241379
0.246131
0.232
0.0049975
0.199301
0.241758
0.182
0.0075
0.241379
0.223776
0.182909
0.1715
0.248
0.235
0.1994
0.23
0.005
0.25
0.194
0.2355
0.205
0.241259
0.2145
0.2355
0.2385
0.243135
0.22
0.2225
0.211
0.222389
0.235
0.256872
0.004995
0.1955
0.2605
0.268731
0.188406
0.21318
0.214
0.261869
0.1905
0.207896
0.252621
0.24
0.0109835
0.238262
0.2625
0.207896
0.224888
0.0144928
0.177
0.210684
0.201
0.269096
0.212575
0.2355
0.254373
0.242
0.24088
0.258724
0.004
0.0225
0.264104
0.225935
0.2395
0.2575
0.237381
0.196402
0.213393
0.2415
0.24026
0.253373
0.250624
0.263
0.241
0.256986
0.2545
0.2085
0.241138
0.207896
0.2605
0.23027
0.229
0.267099
0.244
0.2425
0.245509
0.0199402
0.236
0.2765
0.264735
0.2045
0.144
0.2205
0.224
0.154845
0.0115
0.24
0.201899
0.203
0.187
0.206
0.22039
0.2225
0.26
0.230155
0.230155
0.234383
0.232036
0.232268
0.257614
0.221279
0.26087
0.224164
0.2555
0.184316
0.201899
0.229
0.210395
0.225387
0.182
0.230654
0.230885
0.213
0.2205
0.2255
0.257614
0.184723
0.223277
0.210395
0.246877
0.2415
0.1935
0.190405
0.1885
0.236146
0.243
0.221
0.207396
0.249375
0.210395
0.2325
0.201399
0.006
0.221
0.2755
0.239
0.1895
0.267099
0.193903
0.23027
0.248
0.235147
0.00549451
0.199301
0.241259
0.204398
0.1575
0.241
0.209
0.264
0.214678
0.254246
0.24088
0.238262
0.24501
0.0304848
0.217
0.2575
0.249875
0.122255
0.225387
0.230654
0.262869
0.2555
0.0105
0.0214893
0.2395
0.211894
0.2625
0.211
0.232268
0.272364
0.245377
0.202399
0.234531
0.0189905
0.205691
0.1775
0.012
0.225387
0.246131
0.23988
0.2275
0.270729
0.215
0.185907
0.238262
0.0124813
0.23503
0.2385
0.174
0.0049975
0.210395
0.228771
0.182
0.194611
0.2515
0.229
0.206
0.239
0.229156
0.230885
0.251874
0.2155
0.254745
0.23
0.27
0.27023
0.251374
0.190405
0.216892
0.236264
0.216392
0.268866
0.248376
0.23503
0.21989
0.1655
0.00798802
0.00999001
0.265867
0.241
0.007
0.256872
0.199301
0.2595
0.246377
0.237762
0.26087
0.006
0.222389
0.2285
0.226274
0.2065
0.183
0.218391
0.25
0.2635
0.183
0.243378
0.011
0.015984
0.2075
0.239
0.262869
0.216392
0.171914
0.210395
0.204
0.217
0.2245
0.2655
0.210789
0.248503
0.012
0.214179
0.183
0.208188
0.183724
0.2245
0.155922
0.255245
0.230769
0.217391
0.232303
0.271364
0.232268
0.1995
0.222389
0.221667
0.228
0.183908
0.201299
0.233766
0.186407
0.1895
0.2195
0.2505
0.2475
0.15942
0.214678
0.262
0.237762
0.2275
0.2155
0.241758
0.205
0.235764
0.237762
0.24501
0.2325
0.0169915
0.188406
0.198
0.213287
0.0115
0.259611
0.255872
0.254863
0.005
0.254246
0.245509
0.247376
0.190905
0.245754
0.2095
0.211
0.216392
0.246377
0.238881
0.2565
0.2325
0.311
0.2885
0.22039
0.193403
0.266867
0.2645
0.1995
0.23365
0.21989
0.24
0.227772
0.255988
0.0065
0.2175
0.2435
0.274089
0.216392
0.1999
0.202197
0.289355
0.266367
0.252374
0.171914
0.264868
0.233
0.237
0.2355
0.254
0.196108
0.26973
0.2155
0.222444
0.191904
0.277223
0.2545
0.235
0.249251
0.243135
0.2245
0.236
0.2605
0.217891
0.2005
0.21989
0.255744
0.1985
0.193806
0.2065
0.222777
0.1715
0.241138
0.2105
0.24038
0.206397
0.250375
0.249875
0.214393
0.238143
0.015
0.202
0.214393
0.0154768
0.252374
0.226887
0.2555
0.182
0.226
0.2315
0.238881
0.236645
0.256116
0.207896
0.1605
0.238881
0.00549451
0.294353
0.193
0.231
0.203694
0.2315
0.21978
0.229
0.2375
0.214393
0.2445
0.255372
0.26037
0.24038
0.246
0.245754
0.0384615
0.215
0.222889
0.262369
0.2285
0.171914
0.255
0.236264
0.174913
0.238523
0.222389
0.275
0.2085
0.230885
0.2665
0.258741
0.196803
0.2625
0.224388
0.253746
0.0164918
0.203398
0.2555
0.199201
0.215285
0.242379
0.233
0.210395
0.2345
0.244256
0.258
0.236264
0.208
0.242879
0.236146
0.199301
0.2525
0.2585
0.2285
0.26973
0.209685
0.2545
0.2135
0.174
0.228272
0.1765
0.010989
0.201299
0.211394
0.2065
0.233883
0.242879
0.251374
0.236264
0.209186
0.201899
0.257243
0.213893
0.2635
0.2215
0.210789
0.244755
0.208188
0.251874
0.268731
0.21939
0.191404
0.1875
0.186407
0.244256
0.294059
0.2355
0.2105
0.265602
0.232
0.273
0.012987
0.173327
0.2105
0.2495
0.187126
0.22
0.255872
0.246
0.202797
0.222889
0.219
0.230769
0.2315
0.252495
0.24088
0.241638
0.221557
0.235647
0.2075
0.158
0.2305
0.215
0.236382
0.255234
0.15992
0.00549176
0.202298
0.225387
0.259241
0.202399
0.262737
0.241
0.212
0.223277
0.241259
0.189122
0.249002
0.1905
0.194611
0.232268
0.211
0.242258
0.23938
0.2155
0.232384
0.231153
0.214571
0.191404
0.194
0.0025
0.26037
0.2205
0.2135
0.2515
0.213
0.0169915
0.241259
0.2565
0.254
0.2325
0.2505
0.261976
0.196304
0.211394
0.211183
0.265235
0.2355
0.271364
0.2605
0.226161
0.010989
0.2415
0.216892
0.1905
0.2155
0.25362
0.24
0.2275
0.241
0.215
0.259111
0.222889
0.218
0.212394
0.218391
0.204795
0.247876
0.183134
0.240759
0.1885
0.235529
0.235265
0.2445
0.24501
0.259241
0.235882
0.214
0.2665
0.238881
0.224888
0.2595
0.276224
0.224276
0.201899
0.182
0.228
0.215392
0.255372
0.194
0.216392
0.224388
0.230155
0.241638
0.223888
0.226048
0.245377
0.248627
0.219281
0.174913
0.262107
0.191404
0.1495
0.0104895
0.216392
0.212394
0.273363
0.215
0.311
0.1905
0.0104895
0.218391
0.2065
0.012987
0.259241
0.181
0.198
0.2665
0.1945
0.2525
0.229385
0.244378
0.273317
0.238523
0.2665
0.259241
0.267
0.222389
0.2045
0.182
0.2515
0.2425
0.245255
0.208
0.165669
0.2155
0.215392
0.277223
0.255872
0.227386
0.2155
0.2285
0.238024
0.2695
0.231384
0.2445
0.244
0.201098
0.240639
0.1905
0.236146
0.0114885
0.258242
0.176912
0.213
0.243
0.1735
0.228272
0.227273
0.238523
0.266234
0.2665
0.26
0.226387
0.231
0.2545
0.234765
0.248627
0.236
0.2205
0.265734
0.2175
0.265867
0.2105
0.216392
0.1805
0.0345
0.250375
0.242636
0.26087
0.233766
0.2305
0.241379
0.0055
0.176912
0.245132
0.0124813
0.218
0.207293
0.23315
0.239641
0.208188
0.211
0.243
0.251
0.182
0.221
0.252374
0.254
0.266867
0.2315
0.216392
0.201496
0.275
0.272319
0.2375
0.241259
0.225387
0.257243
0.2535
0.256872
0.200599
0.235147
0.255988
0.212
0.0075
0.255245
0.222167
0.236264
0.285
0.26
0.0134865
0.311
0.238262
0.233766
0.245
0.208896
0.242636
0.234883
0.235147
0.23988
0.231384
0.2385
0.274089
0.2545
0.011477
0.244256
0.193
0.211682
0.242
0.231
0.259241
0.233383
0.241138
0.223
0.1985
0.229885
0.247376
0.215285
0.247376
0.18032
0.2065
0.255
0.23
0.232
0.211394
0.277307
0.177411
0.224
0.240759
0.191404
0.246131
0.2425
0.182
0.201899
0.203
0.241138
0.194
0.201899
0.244878
0.15
0.207896
0.223
0.2055
0.170829
0.252
0.283858
0.2415
0.182
0.234
0.227
0.291854
0.012
0.215892
0.229
0.178821
0.220779
0.2075
0.1985
0.26087
0.24
0.2545
0.2425
0.196206
0.1665
0.223665
0.201399
0.2425
0.214286
0.0105
0.214678
0.271593
0.233883
0.176
0.2275
0.1815
0.238642
0.2195
0.241259
0.0114885
0.2003
0.231384
0.006
0.2275
0.224
0.186813
0.174326
0.2725
0.2265
0.00749251
0.226
0.0115
0.196705
0.2305
0.253746
0.26037
0.247253
0.193
0.230885
0.165917
0.2065
0.245132
0.201
0.26037
0.2345
0.2475
0.235
0.0144928
0.152424
0.197703
0.268098
0.26037
0.235382
0.2585
0.1925
0.276224
0.2415
0.2025
0.254373
0.233267
0.267599
0.228
0.201899
0.183908
0.1575
0.2485
0.226274
0.228
0.2003
0.185814
0.248751
0.27
0.225162
0.190905
0.234883
0.230654
0.226387
0.238
0.1835
0.230885
0.251249
0.2225
0.223
0.240759
0.201299
0.2265
0.271593
0.2395
0.2135
0.222889
0.216567
0.2235
0.215
0.178411
0.2105
0.199301
0.193903
0.237381
0.0115
0.221389
0.2155
0.2395
0.2155
0.232884
0.194
0.211394
0.263237
0.2325
0.23503
0.213893
0.236
0.21967
0.294059
0.229042
0.186407
0.0075
0.233
0.2475
0.2085
0.230385
0.227886
0.254745
0.254246
0.197204
0.235529
0.245132
0.235265
0.2325
0.236146
0.222889
0.011477
0.251372
0.235147
0.1495
0.277361
0.262
0.2395
0.224888
0.214
0.25937
0.225387
0.235882
0.220779
0.242879
0.222389
0.196304
0.198
0.245754
0.276862
0.236264
0.00849575
0.248751
0.226387
0.210789
0.247876
0.234266
0.21939
0.216892
0.247376
0.00599401
0.231269
0.231
0.217391
0.2815
0.262369
0.223776
0.244
0.194403
0.234383
0.202298
0.211894
0.224164
0.147778
0.221778
0.217891
0.265734
0.2505
0.131934
0.0109945
0.250749
0.177
0.273363
0.2665
0.0115
0.218781
0.2215
0.246877
0.244
0.222389
0.195706
0.241259
0.176912
0.01
0.258371
0.25937
0.2545
0.239261
0.242879
0.271593
0.2415
0.214393
0.210895
0.245763
0.234383
0.242879
0.248503
0.007
0.249002
