0.262
0.239521
0.255872
0.248
0.261239
0.2265
0.306847
0.230385
0.263237
0.265367
0.258113
0.262
0.257114
0.248
0.275
0.278
0.252122
0.302349
0.2625
0.288212
0.2745
0.2725
0.308229
0.275362
0.275362
0.302198
0.264368
0.234
0.249375
0.205397
0.269
0.25025
0.207
0.289566
0.2985
0.248376
0.292
0.278361
0.314
0.254373
0.246254
0.290709
0.249126
0.258871
0.261869
0.284
0.245377
0.2485
0.297904
0.241
0.250749
0.257
0.2575
0.252621
0.2325
0.246877
0.243756
0.2855
0.2505
0.007996
0.257742
0.250375
0.258242
0.255744
0.252248
0.277722
0.298
0.222389
0.224663
0.256116
0.290855
0.272727
0.2895
0.2635
0.263
0.2425
0.2666
0.230385
0.284074
0.2615
0.292354
0.3095
0.234383
0.241758
0.274
0.2895
0.262369
0.253
0.2595
0.311876
0.013
0.268366
0.21989
0.2285
0.2635
0.246377
0.2545
0.263868
0.256372
0.276362
0.234765
0.296555
0.299
0.244755
0.271229
0.277861
0.00649675
0.309
0.282859
0.3355
0.257742
0.248876
0.252248
0.2795
0.274863
0.227159
0.2315
0.251497
0.26037
0.178
0.25
0.0124875
0.272228
0.241879
0.234383
0.25312
0.2605
0.258871
0.2985
0.2845
0.2425
0.284
0.2625
0.318182
0.261108
0.272228
0.284074
0.228
0.2515
0.251374
0.2685
0.238
0.2815
0.24088
0.247876
0.249375
0.295852
0.2875
0.304695
0.244755
0.256872
0.276086
0.2415
0.237
0.286926
0.299551
0.244256
0.298
0.2845
0.2325
0.2325
0.270365
0.205397
0.262475
0.263368
0.24002
0.269327
0.268
0.264236
0.3002
0.004
0.268731
0.229271
0.286
0.2695
0.2335
0.27023
0.295704
0.0164918
0.276862
0.258871
0.2205
0.277861
0.249875
0.230769
0.261239
0.209395
0.256743
0.27
0.252495
0.2315
0.292
0.26783
0.2715
0.256743
0.227
0.284
0.2565
0.291
0.283358
0.3075
0.259
0.2755
0.228886
0.28036
0.2505
0.266101
0.25987
0.241
0.3005
0.2315
0.27936
0.268098
0.278361
0.273863
0.291354
0.267099
0.291708
0.242757
0.251623
0.261239
0.301
0.2785
0.219
0.225387
0.256372
0.328
0.285357
0.242379
0.292622
0.257114
0.263237
0.241259
0.195902
0.278361
0.2785
0.278083
0.257871
0.2615
0.272727
0.296555
0.274226
0.248
0.286713
0.196607
0.2615
0.26037
0.252874
0.2325
0.2895
0.142
0.267
0.238761
0.226887
0.265734
0.2315
0.254873
0.274
0.306847
0.263368
0.263709
0.276723
0.272818
0.3275
0.276086
0.298
0.2225
0.279
0.278
0.251874
0.254
0.288
0.264603
0.22039
0.2215
0.250998
0.2805
0.268597
0.2125
0.2605
0.283858
0.31019
0.284
0.29
0.288567
0.266367
0.236763
0.232535
0.2555
0.271364
0.256743
0.276362
0.2635
0.270865
0.2615
0.262
0.249
0.252248
0.29
0.226
0.2835
0.269
0.25987
0.2175
0.263736
0.2685
0.2915
0.278942
0.2715
0.2445
0.2495
0.29935
0.274863
0.2815
0.265235
0.243878
0.26
0.2775
0.248876
0.288567
0.241379
0.265102
0.251748
0.247876
0.265102
0.29935
0.2725
0.268366
0.281
0.232036
0.264471
0.289355
0.2895
0.2715
0.248
0.279
0.3075
0.261
0.272
0.267233
0.241259
0.232884
0.255744
0.273227
0.227386
0.23988
0.2665
0.2385
0.261
0.201899
0.2625
0.259
0.248751
0.209395
0.258871
0.0134933
0.2755
0.0194903
0.265734
0.236
0.2325
0.2295
0.164418
0.225387
0.244755
0.2705
0.248
0.2565
0.224
0.311344
0.234
0.2003
0.258871
0.2535
0.234383
0.22039
0.275
0.279581
0.241379
0.2605
0.245754
0.268731
0.265367
0.275587
0.285357
0.256743
0.013
0.246
0.259241
0.267
0.247876
0.234
0.2745
0.272954
0.2615
0.252747
0.3025
0.230654
0.259241
0.0104948
0.286357
0.237144
0.258371
0.0045
0.289355
0.25987
0.258371
0.2815
0.265867
0.253373
0.265602
0.246377
0.2125
0.268597
0.224388
0.241379
0.237026
0.317183
0.311344
0.1945
0.257871
0.265367
0.280579
0.2605
0.292854
0.2895
0.301048
0.217
0.232384
0.284
0.273227
0.2805
0.2885
0.207293
0.2935
0.263
0.255489
0.278
0.251
0.2825
0.256872
0.280719
0.011982
0.277
0.24038
0.305347
0.264236
0.232384
0.2615
0.2605
0.294353
0.2155
0.2445
0.262369
0.271956
0.268232
0.252874
0.231
0.209395
0.238381
0.2845
0.260739
0.282576
0.2425
0.2385
0.288279
0.2765
0.2765
0.237263
0.258871
0.275362
0.281655
0.254
0.2365
0.278582
0.226887
0.2705
0.007996
0.22039
0.244755
0.23
0.259
0.2615
0.268866
0.31353
0.239141
0.247876
0.318341
0.283217
0.262
0.258982
0.255117
0.26
0.274863
0.2285
0.25937
0.228
0.277861
0.248
0.225
0.275225
0.2885
0.248751
0.233383
0.207396
0.236
0.225387
0.1945
0.236382
0.261869
0.251
0.2865
0.2905
0.284358
0.3025
0.268731
0.206294
0.225774
0.252374
0.278361
0.250749
0.2665
0.241638
0.183908
0.320679
0.251748
0.234
0.281718
0.231384
0.232384
0.217
0.309536
0.223388
0.302198
0.2195
0.224663
0.255489
0.2255
0.2155
0.226161
0.308229
0.281437
0.301
0.292854
0.250375
0.2915
0.279581
0.252122
0.299
0.252495
0.262869
0.237644
0.268366
0.285
0.207
0.2375
0.2025
0.308229
0.243635
0.2725
0.288212
0.2605
0.266867
0.256372
0.2865
0.287069
0.271364
0.22666
0.2445
0.25312
0.270865
0.248252
0.281655
0.234
0.245377
0.242379
0.209395
0.2735
0.246377
0.271
0.2315
0.250998
0.284
0.286071
0.249375
0.237263
0.274363
0.240759
0.254373
0.265734
0.25025
0.261369
0.284358
0.2745
0.24088
0.236882
0.2755
0.2975
0.0045
0.265367
0.281796
0.2255
0.26037
0.284216
0.231768
0.296
0.265734
0.279581
0.250749
0.258371
0.263736
0.207
0.284358
0.249251
0.266367
0.2925
0.252248
0.283716
0.250624
0.244878
0.244755
0.258371
0.25
0.2795
0.262869
0.267233
0.244755
0.283358
0.268731
0.3045
0.0065
0.298
0.2485
0.262475
0.2695
0.279
0.258
0.260739
0.0065
0.305
0.264735
0.164418
0.284074
0.248876
0.2925
0.229385
0.293353
0.2855
0.239641
0.256743
0.2345
0.3035
0.2835
0.289355
0.23
0.292354
0.241
0.266
0.254246
0.215285
0.267732
0.2485
0.229385
0.236264
0.304695
0.213
0.202399
0.256
0.267366
0.291
0.230385
0.2625
0.189905
0.228386
0.241
0.335497
0.3045
0.258371
0.2615
0.228886
0.265102
0.323177
0.2725
0.2715
0.233267
0.016
0.282576
0.2555
0.275
0.256116
0.301
0.304695
0.259
0.275
0.264868
0.291209
0.2615
0.291354
0.224663
0.235647
0.251374
0.292
0.239641
0.270459
0.246877
0.284788
0.241379
0.24975
0.237644
0.304848
0.228386
0.29021
0.2315
0.212681
0.261108
0.291
0.262
0.270459
0.303045
0.261369
0.335497
0.235882
0.234383
0.263
0.271728
0.253247
0.29
0.2755
0.244755
0.268866
0.016
0.2435
0.296407
0.227159
0.281359
0.286
0.242379
0.24
0.262369
0.214893
0.2205
0.277722
0.214
0.274863
0.21507
0.00449775
0.2845
0.164
0.246377
0.230769
0.1735
0.254
0.2997
0.268
0.2625
0.2865
0.264735
0.244755
0.00449775
0.0194805
0.251623
0.247376
0.250749
0.245377
0.268232
0.271364
0.245
0.239141
0.270729
0.189905
0.2675
0.289855
0.016
0.262344
0.298202
0.258741
0.2925
0.244755
0.298351
0.269365
0.255117
0.213
0.2865
0.278222
0.277361
0.238143
0.224663
0.268866
0.219561
0.283932
0.266
0.2745
0.2735
0.228771
0.234383
0.2555
0.308229
0.245885
0.225387
0.246
0.258871
0.23988
0.218282
0.2175
0.251497
0.267
0.3035
0.292707
0.2295
0.2565
0.269365
0.261608
0.186128
0.250125
0.261869
0.2875
0.286
0.2615
0.215285
0.286926
0.229042
0.197901
0.269
0.261239
0.2755
0.311344
0.234
0.289355
0.258371
0.286857
0.262
0.272864
0.277722
0.249251
0.275
0.262369
0.248
0.236763
0.2495
0.270729
0.246377
0.297
0.269
0.265602
0.3095
0.252874
0.2175
0.218
0.244755
0.255372
0.247129
0.236763
0.255872
0.236763
0.248
0.27936
0.261477
0.255
0.245509
0.242879
0.25
0.288356
0.196607
0.2945
0.21939
0.3055
0.257114
0.247
0.302
0.279
0.235265
0.259241
0.276862
0.2535
0.239
0.234
0.254246
0.265
0.286
0.288
0.273227
0.286857
0.256872
0.253992
0.344
0.0045
0.286
0.258
0.291354
0.255117
0.267
0.268463
0.210395
0.224276
0.247253
0.2615
0.248128
0.23988
0.2415
0.2815
0.25
0.274363
0.263
0.235
0.216
0.29
0.267
0.28
0.2425
0.318341
0.314843
0.255
0.261608
0.26996
0.264735
0.284858
0.264603
0.242636
0.2565
0.25025
0.254873
0.290709
0.0045
0.296703
0.226161
0.2315
0.2175
0.266367
0.233883
0.016
0.260609
0.297554
0.254373
0.268366
0.2865
0.246377
0.291209
0.2435
0.013
0.246877
0.2565
0.2625
0.2945
0.255489
0.258
0.220669
0.226161
0.237881
0.289855
0.164
0.24663
0.25312
0.2595
0.254873
0.2635
0.223388
0.248
0.290855
0.261
0.233
0.2385
0.237381
0.2285
0.301048
0.265
0.218
0.268366
0.266867
0.297554
0.2485
0.0069965
0.245132
0.302
0.28036
0.2665
0.254
0.246377
0.279
0.255872
0.269865
0.245255
0.269365
0.251748
0.164753
0.256372
0.285
0.297
0.261
0.2605
0.2715
0.267366
0.270459
0.2635
0.265
0.288356
0.256743
0.211183
0.3002
0.27986
0.224
0.275
0.2745
0.2425
0.3075
0.2465
0.2535
0.2845
0.267233
0.29021
0.269231
0.256372
0.2855
0.2175
0.262737
0.274363
0.247253
0.286357
0.279441
0.243257
0.262737
0.228272
0.241
0.286
0.236382
0.277722
0.297554
0.279581
0.26
0.2125
0.274363
0.26
0.248627
0.267233
0.224276
0.2295
0.2115
0.25
0.269
0.275362
0.2565
0.250998
0.250375
0.246
0.27023
0.2505
0.248004
0.28
0.241
0.261
0.267732
0.232884
0.245377
0.237
0.243257
0.302349
0.231768
0.215285
0.318341
0.298552
0.22039
0.299
0.2525
0.214
0.2635
0.243756
0.250125
0.2375
0.263
0.263868
0.305347
0.280579
0.26
0.279
0.0135
0.287213
0.241
0.288567
0.2745
0.276723
0.268
0.00649675
0.224
0.275
0.2625
0.2285
0.268366
0.317183
0.2997
0.269865
0.288356
0.282859
0.2575
0.197901
0.237881
0.2615
0.2745
0.2905
0.245754
0.261477
0.280719
0.212288
0.2265
0.2625
0.246
0.236763
0.278083
0.271
0.2725
0.285429
0.308691
0.276
0.3355
0.265734
0.306847
0.295409
0.275587
0.0089955
0.245509
0.213
0.241138
0.224388
0.2855
0.26087
0.2595
0.264735
0.2605
0.264104
0.277223
0.266733
0.287924
0.316026
0.251374
0.236382
0.262369
0.277361
0.308192
0.263736
0.2535
0.264868
0.258371
0.253373
0.261869
0.307846
0.253746
0.258
0.247876
0.249375
0.2265
0.275724
0.267866
0.2495
0.3275
0.2735
0.23938
0.223388
0.2535
0.249375
0.276
0.258371
0.2835
0.234765
0.280798
0.254
0.3095
0.250875
0.284431
0.262869
0.2615
0.284
0.246507
0.290855
0.254
0.229
0.239641
0.2355
0.243878
0.267366
0.2535
0.2615
0.224663
0.25987
0.2715
0.26
0.264368
0.164418
0.276
0.2615
0.278361
0.242515
0.269865
0.256
0.2865
0.265
0.308192
0.233
0.1945
0.276723
0.296
0.2985
0.0134933
0.3085
0.236264
0.268366
0.242757
0.234383
0.261369
0.284
0.284358
0.2625
0.278083
0.308346
0.281
0.256
0.251497
0.2925
0.258
0.2535
0.273227
0.265
0.265367
0.283358
0.28008
0.2925
0.287712
0.255117
0.295352
0.272727
0.252
0.2665
0.240759
0.164
0.225
0.2545
0.2735
0.204296
0.232384
0.254246
0.258871
0.207
0.2625
0.2575
0.296
0.178
0.276224
0.295704
0.249375
0.282717
0.258871
0.274
0.2565
0.27986
0.279
0.265102
0.247376
0.246507
0.263868
0.271364
0.299
0.00649675
0.23988
0.233883
0.271728
0.2795
0.258741
0.298202
0.00449775
0.231384
0.242757
0.2735
0.013
0.268
0.252
0.258371
0.2485
0.237263
0.249
0.255
0.304848
0.215
0.216392
0.230385
0.248876
0.290709
0.3035
0.277722
0.2595
0.313187
0.247253
0.231384
0.246
0.2835
0.246377
0.25
0.142
0.25987
0.2195
0.2365
0.288
0.3125
0.26087
0.301595
0.28493
0.244
0.299
0.287856
0.269
0.279
0.257
0.207293
0.2325
0.323177
0.26783
0.236
0.251874
0.2325
0.248252
0.23988
0.265102
0.2555
0.221778
0.2905
0.228386
0.00649351
0.251374
0.269365
0.2275
0.289
0.278942
0.248376
0.284
0.0135
0.335497
0.316
0.274
0.269865
0.261369
0.272
0.285429
0.2485
0.2585
0.250125
0.214
0.2175
0.262606
0.242258
0.2205
0.270729
0.275087
0.255
0.271956
0.2635
0.216892
0.298
0.290709
0.229
0.266
0.2675
0.295704
0.234383
0.276
0.256372
0.277223
0.244256
0.2925
0.298351
0.222278
0.254373
0.281359
0.275
0.007996
0.246131
0.271728
0.269
0.224164
0.26497
0.167
0.23988
0.281
0.2325
0.230385
0.254373
0.267233
0.268098
0.2765
0.2855
0.292707
0.269365
0.238
0.2775
0.254246
0.25
0.220669
0.295852
0.264236
0.279441
0.294853
0.271
0.0225
0.277084
0.2655
0.272
0.251623
0.243756
0.248004
0.0164918
0.2175
0.254373
0.232535
0.0125
0.324838
0.262107
0.254246
0.26024
0.273227
0.281
0.2815
0.282859
0.278721
0.284573
0.190809
0.258
0.283858
0.262369
0.241758
0.2765
0.257
0.276362
0.276224
0.2715
0.27023
0.2715
0.2755
0.266966
0.253247
0.236264
0.279
0.286
0.31353
0.279581
0.24
0.267366
0.236645
0.285072
0.230654
0.23988
0.281
0.2295
0.164
0.238
0.258371
0.3045
0.278361
0.296
0.234
0.2555
0.164418
0.334333
0.256
0.266234
0.284358
0.251623
0.266867
0.2795
0.197901
0.2735
0.292
0.267732
0.257
0.241638
0.292
0.235265
0.2465
0.218
0.256116
0.2755
0.267866
0.2915
0.285215
0.246
0.23365
0.215
0.286
0.270594
0.276
0.279581
0.2785
0.278721
0.177
0.31019
0.235647
0.274363
0.2685
0.211183
0.263868
0.289
0.247
0.249
0.269365
0.2435
0.275724
0.243756
0.227386
0.262869
0.2685
0.257
0.3055
0.301595
0.228657
0.274863
0.278361
0.301849
0.2975
0.2745
0.225662
0.25987
0.2435
0.264868
0.247876
0.239641
0.317183
0.275862
0.27936
0.312687
0.281718
0.269365
0.279
0.270365
0.0149775
0.285857
0.235
0.280719
0.24663
0.2615
0.287356
0.26087
0.205397
0.255372
0.268366
0.2765
0.212894
0.255872
0.264603
0.223
0.27936
0.244755
0.238761
0.2045
0.2555
0.263
0.23988
0.256
0.2205
0.254745
0.27936
0.246507
0.271
0.232
0.2745
0.284358
0.253746
0.285215
0.251
0.231
0.228886
0.2615
0.307039
0.262369
0.276723
0.225
0.197
0.259
0.245877
0.22039
0.279
0.267866
0.285
0.2575
0.223388
0.250375
0.2755
0.276585
0.248
0.283858
0.262369
0.291063
0.265
0.261239
0.236264
0.234383
0.27023
0.251874
0.2845
0.242636
0.254745
0.283
0.2715
0.286071
0.2415
0.2815
0.285
0.270365
0.314
0.2285
0.2985
0.2335
0.279441
0.2685
0.2465
0.247876
0.278
0.2725
0.302546
0.2425
0.243392
0.290709
0.243392
0.262
0.263
0.236264
0.292622
0.2765
0.2185
0.25985
0.254
0.267
0.254
0.283358
0.283932
0.2265
0.283716
0.265734
0.217782
0.2615
0.278721
0.2605
0.254373
0.0165
0.262369
0.2415
0.240759
0.241138
0.272591
0.267366
0.267732
0.283
0.256372
0.2635
0.252747
0.282859
0.268866
0.301698
0.262
0.0194805
0.2385
0.267732
0.2655
0.2755
0.288711
0.27
0.0045
0.254745
0.246131
0.283
0.2125
0.285215
0.306847
0.194903
0.261239
0.202399
0.2305
0.013
0.298351
0.249
0.311344
0.237144
0.236264
0.275362
0.241758
0.254
0.283358
0.269365
0.238
0.241
0.3015
0.249375
0.278083
0.261
0.262
0.224663
0.264104
0.274363
0.258
0.247
0.225
0.3135
0.246753
0.2265
0.223
0.273863
0.26087
0.2665
0.254873
0.2525
0.256858
0.2765
0.2635
0.274
0.2725
0.288356
0.2625
0.281437
0.2735
0.2275
0.2625
0.285714
0.2235
0.262
0.236645
0.2325
0.286857
0.241
0.245377
0.257
0.279441
0.2665
0.2235
0.284074
0.262
0.242757
0.268731
0.266367
0.241259
0.234383
0.291
0.328172
0.253247
0.272228
0.317024
0.0045
0.2315
0.243378
0.270459
0.278222
0.2905
0.2675
0.2575
0.164
0.253373
0.226161
0.2565
0.2485
0.299
0.265
0.251374
0.235
0.0089955
0.290355
0.28493
0.258371
0.264868
0.291
0.3095
0.225387
0.253992
0.2635
0.258371
0.256872
0.3085
0.260609
0.2605
0.3275
0.265367
0.267
0.252122
0.264868
0.2315
0.23988
0.28
0.244256
0.278083
0.245377
0.2805
0.2725
0.183
0.241379
0.273
0.266367
0.251748
0.276862
0.241379
0.278222
0.250749
0.306347
0.264
0.256372
0.267233
0.2405
0.2745
0.2675
0.243
0.269
0.297
0.2665
0.2895
0.235882
0.265602
0.274451
0.276362
0.276
0.2615
0.281
0.258113
0.282218
0.2625
0.264868
0.271728
0.255489
0.267
0.265
0.256872
0.245255
0.2895
0.311033
0.250998
0.288
0.292561
0.307846
0.266867
0.274
0.246254
0.237
0.2555
0.300549
0.275225
0.236264
0.255117
0.250624
0.262737
0.22039
0.241
0.248252
0.268731
0.225774
0.286357
0.278222
0.241879
0.248
0.00449775
0.216392
0.254618
0.250749
0.271093
0.241379
0.274363
0.25312
0.292707
0.264868
0.027
0.241259
0.24038
0.2795
0.270865
0.258871
0.292
0.286214
0.267
0.207
0.268232
0.282576
0.235882
0.2235
0.293353
0.2615
0.231
0.273
0.2685
0.274
0.276224
0.225
0.247876
0.274
0.265867
0.235265
0.1945
0.255372
0.278083
0.013
0.311688
0.246131
0.265867
0.249875
0.28036
0.266234
0.303348
0.2605
0.264868
0.234
0.29356
0.245377
0.2495
0.318182
0.291708
0.218891
0.257
0.257
0.25
0.344
0.280719
0.2795
0.207293
0.255117
0.2685
0.243378
0.251374
0.2625
0.256116
0.281078
0.261239
0.251497
0.22089
0.260739
0.2685
0.2415
0.245255
0.2745
0.248627
0.2865
0.285215
0.282859
0.226161
0.271
0.2635
0.278222
0.2735
0.283932
0.278361
0.266
0.251748
0.255372
0.24014
0.265734
0.288356
0.22089
0.3275
0.258371
0.226887
0.286357
0.286713
0.2935
0.252374
0.207
0.274363
0.262
0.283858
0.235882
0.2665
0.2415
0.279581
0.2235
0.30035
0.2845
0.2185
0.258371
0.255372
0.278083
0.236382
0.271229
0.225387
0.2565
0.251374
0.228657
0.257
0.332834
0.293853
0.252
0.271
0.256743
0.262737
0.267
0.296703
0.284216
0.2425
0.285215
0.292622
0.256
0.2665
0.223888
0.2715
0.269
0.264868
0.0124875
0.2285
0.275
0.256372
0.28036
0.261869
0.274363
0.241259
0.245877
0.313686
