0.177733
0.181
0.17991
0.0164918
0.009
0.087
0.077961
0.107946
0.130739
0.1565
0.123438
0.0164918
0.0069965
0.136
0.0249501
0.137431
0.119381
0.181909
0.176412
0.19031
0.1735
0.0254745
0.0169745
0.187406
0.15976
0.076
0.140859
0.1745
0.0514743
0.125
0.015976
0.1735
0.172
0.137363
0.168916
0.149775
0.133433
0.147279
0.110945
0.14
0.153
0.172
0.175412
0.0184815
0.169331
0.13943
0.156266
0.130935
0.0728543
0.1
0.177
0.168332
0.09
0.136
0.137587
0.121
0.0525
0.112388
0.0144711
0.166917
0.165335
0.13
0.0124938
0.13
0.136795
0.169415
0.1655
0.074
0.1415
0.107285
0.139291
0.1285
0.12094
0.146927
0.168831
0.0055
0.1565
0.2075
0.0195
0.176735
0.0154691
0.1385
0.170915
0.18041
0.130935
0.114885
0.188
0.009995
0.1825
0.00649675
0.152
0.158421
0.130935
0.101449
0.210684
0.134
0.133
0.0205
0.0309845
0.116442
0.033983
0.123938
0.051
0.134433
0.174326
0.137931
0.1015
0.102
0.166917
0.188312
0.157343
0.173
0.145927
0.1485
0.169246
0.037981
0.141929
0.192404
0.153423
0.136727
0.134933
0.166
0.1905
0.1815
0.15984
0.193307
0.207378
0.187906
0.179142
0.163509
0.163
0.185407
0.155
0.1485
0.174413
0.124938
0.008
0.153769
0.163418
0.1775
0.165917
0.142429
0.1485
0.032
0.168831
0.1585
0.17
0.2
0.145854
0.1375
0.017
0.152
0.144284
0.0185
0.17033
0.1735
0.152
0.019
0.0349825
0.172414
0.092
0.16
0.1765
0.135297
0.1685
0.017
0.0845
0.151424
0.0729635
0.142929
0.16
0.0995
0.162837
0.157421
0.0969031
0.132934
0.153846
0.146281
0.013
0.122439
0.008
0.1575
0.167
0.0845
0.0085
0.14
0.169915
0.206294
0.076
0.183
0.1365
0.1035
0.032
0.177733
0.167416
0.155422
0.179321
0.165335
0.188312
0.154691
0.149351
0.089366
0.112944
0.008
0.1515
0.130935
0.146
0.142715
0.0104948
0.149
0.173653
0.175
0.1885
0.087
0.18091
0.159
0.146
0.150774
0.128436
0.194
0.123438
0.1775
0.17991
0.10634
0.1025
0.16018
0.034
0.0104948
0.1315
0.163418
0.145709
0.0754623
0.0659011
0.106
0.161258
0.137
0.115826
0.125874
0.1745
0.162837
0.158263
0.18041
0.139291
0.012
0.1495
0.17
0.149351
0.130435
0.162257
0.180549
0.1775
0.124314
0.137294
0.184316
0.18032
0.011994
0.0164918
0.1915
0.0934066
0.16042
0.0209895
0.168
0.117324
0.166
0.024975
0.0704296
0.149925
0.1775
0.133
0.003998
0.16092
0.141218
0.17
0.116883
0.133866
0.0425
0.138931
0.1
0.0195
0.156687
0.126374
0.15
0.162837
0.109
0.148926
0.1565
0.1565
0.034
0.033983
0.0129935
0.0994006
0.167166
0.009
0.024
0.0889555
0.074
0.170415
0.1705
0.153347
0.0509236
0.112332
0.098
0.181818
0.0095
0.152
0.1515
0.145781
0.197204
0.168916
0.146
0.0219342
0.094
0.102
0.152
0.1785
0.0165
0.177911
0.085957
0.158263
0.173913
0.130935
0.137931
0.079
0.0164753
0.17
0.156765
0.163
0.145355
0.122939
0.102449
0.171329
0.173653
0.137793
0.023988
0.150425
0.0309845
0.197401
0.101
0.146
0.085957
0.186
0.111389
0.149351
0.0144711
0.1255
0.168916
0.1655
0.102295
0.146
0.11333
0.150425
0.0184815
0.0214893
0.130935
0.0929535
0.170915
0.168248
0.1745
0.160679
0.0654673
0.114
0.0284858
0.146853
0.162257
0.157421
0.161097
0.194403
0.115884
0.157421
0.15
0.136228
0.183408
0.165
0.157921
0.167
0.1925
0.112944
0.13979
0.133
0.163509
0.097951
0.152348
0.1015
0.165
0.149
0.027986
0.162338
0.025
0.0035
0.0144855
0.159182
0.163
0.157
0.157421
0.157
0.102897
0.0604094
0.124314
0.1855
0.008
0.00649675
0.1575
0.1195
0.150275
0.041979
0.1475
0.1675
0.1695
0.145427
0.147279
0.15
0.167
0.137931
0.1665
0.177911
0.137431
0.1325
0.164
0.176412
0.156
0.11333
0.166667
0.177822
0.1515
0.116883
0.158
0.0729635
0.131434
0.142929
0.0269865
0.130935
0.163255
0.0884116
0.0365
0.144928
0.1415
0.1645
0.146281
0.197204
0.15984
0.155844
0.156266
0.1345
0.1075
0.138931
0.147926
0.128936
0.1495
0.008
0.143713
0.1635
0.168332
0.085957
0.136795
0.1565
0.188
0.169
0.148204
0.174
0.123938
0.009
0.152
0.1535
0.174239
0.185907
0.149351
0.1815
0.164336
0.086
0.17973
0.00798802
0.152
0.152924
0.157421
0.17941
0.173653
0.175
0.1425
0.14022
0.127872
0.157264
0.1685
0.165335
0.1665
0.182817
0.16018
0.177411
0.0629371
0.162257
0.173413
0.1415
0.126747
0.0929535
0.031984
0.115
0.1495
0.101949
0.1395
0.126873
0.009
0.1615
0.1245
0.13024
0.173
0.145427
0.125874
0.155844
0.142
0.171329
0.017991
0.189
0.158841
0.165
0.163
0.145
0.133933
0.1
0.142429
0.148278
0.044
0.129
0.113387
0.0234765
0.120819
0.1735
0.00949051
0.14036
0.186
0.1745
0.10095
0.115
0.132
0.166917
0.183816
0.134
0.170415
0.168332
0.1885
0.136795
0.154423
0.013
0.181
0.153347
0.107892
0.107946
0.2015
0.169415
0.1635
0.0069965
0.1845
0.148926
0.152924
0.162257
0.134933
0.12681
0.00848303
0.138931
0.112944
0.1575
0.125874
0.00599101
0.144428
0.0089955
0.162756
0.156
0.123438
0.179321
0.1955
0.0264868
0.156422
0.0095
0.132934
0.008
0.118
0.1645
0.123938
0.03998
0.193516
0.155844
0.1345
0.151349
0.2
0.128436
0.15
0.146281
0.167416
0.121939
0.181
0.1155
0.162837
0.033983
0.147926
0.011
0.009
0.124
0.15984
0.193903
0.1285
0.042
0.15327
0.072
0.1505
0.16
0.128807
0.149925
0.1555
0.166
0.191213
0.1385
0.176647
0.0805
0.127872
0.173913
0.1495
0.0114943
0.126937
0.010989
0.153423
0.171243
0.094
0.201899
0.124
0.150774
0.182227
0.203297
0.0085
0.195
0.1375
0.169915
0.162338
0.162338
0.124875
0.163836
0.158921
0.155922
0.098
0.137363
0.1565
0.0145
0.116442
0.1695
0.168
0.172
0.037981
0.0109945
0.18041
0.125375
0.145
0.143357
0.192212
0.1415
0.09
0.181
0.172
0.11333
0.111
0.177323
0.184316
0.0654673
0.1795
0.130739
0.00798802
0.1345
0.0925
0.1685
0.137363
0.003998
0.0334833
0.138861
0.168
0.177
0.1565
0.0085
0.1515
0.191213
0.141359
0.0069965
0.129
0.131
0.148703
0.156
0.171828
0.086
0.1605
0.152348
0.141429
0.142929
0.138293
0.1395
0.184316
0.138861
0.187625
0.0254745
0.135
0.16
0.11333
0.196607
0.134865
0.1055
0.157421
0.0254745
0.0075
0.1745
0.133866
0.079
0.0135
0.0655
0.124314
0.2025
0.0254745
0.0169915
0.1395
0.164336
0.1565
0.076
0.166917
0.152348
0.0104948
0.073
0.161919
0.076
0.122816
0.1695
0.1435
0.0164753
0.121
0.0384808
0.135297
0.157264
0.115826
0.169246
0.0254745
0.17
0.123438
0.176412
0.185907
0.140789
0.14043
0.021
0.018
0.0285
0.0144928
0.1495
0.168332
0.156
0.122877
0.158421
0.073
0.153423
0.163255
0.1485
0.146
0.153846
0.1735
0.144284
0.154923
0.0655
0.124251
0.072
0.2075
0.168248
0.0065
0.134933
0.208292
0.012
0.00848303
0.0264735
0.163
0.0114943
0.01999
0.036
0.18041
0.151424
0.17
0.121
0.158841
0.177
0.108337
0.165751
0.148851
0.013
0.128936
0.17
0.1745
0.0044955
0.1905
0.165335
0.153923
0.0035
0.182817
0.151924
0.109
0.148926
0.012
0.136
0.177323
0.017982
0.148926
0.072
0.138431
0.167249
0.11
0.142358
0.112388
0.130935
0.197401
0.148204
0.0095
0.005997
0.163
0.141288
0.0554723
0.21029
0.127309
0.153846
0.2004
0.0144928
0.158841
0.168248
0.149351
0.1345
0.1635
0.0254745
0.145854
0.143357
0.138931
0.11333
0.1565
0.197901
0.009
0.168831
0.157
0.00749625
0.137431
0.168916
0.186
0.1385
0.1455
0.13024
0.123438
0.176148
0.00748877
0.005
0.1
0.195902
0.0264868
0.1795
0.206897
0.158921
0.176148
0.177911
0.126937
0.0114943
0.171742
0.135864
0.132368
0.1675
0.157421
0.127309
0.0434783
0.012
0.173913
0.186
0.2
0.147778
0.005
0.113387
0.108782
0.124938
0.175412
0.162837
0.176412
0.14022
0.1745
0.183
0.00498753
0.128436
0.157421
0.059
0.134798
0.114386
0.181319
0.178
0.128
0.124
0.146
0.146
0.126937
0.130869
0.148926
0.165417
0.1415
0.159341
0.0114943
0.1295
0.157264
0.18091
0.142929
0.185222
0.115942
0.1225
0.076
0.142
0.197204
0.175412
0.0315
0.142
0.127936
0.108
0.0114943
0.1595
0.1695
0.155844
0.173913
0.102897
0.129
0.148204
0.0554723
0.137862
0.011988
0.1415
0.147926
0.0629371
0.09
0.161
0.115884
0.141858
0.00599101
0.1645
0.077961
0.1685
0.142929
0.0898652
0.137
0.11944
0.191904
0.0725
0.16042
0.115
0.184316
0.0034965
0.132934
0.159261
0.17941
0.1585
0.137931
0.157421
0.163836
0.149
0.17
0.200499
0.158921
0.0805
0.141
0.021
0.068
0.1225
0.0269865
0.151924
0.158841
0.134933
0.1665
0.127872
0.0849575
0.1355
0.0309381
0.165335
0.0404595
0.073
0.125437
0.011982
0.206897
0.211894
0.1745
0.181909
0.215392
0.010989
0.0964518
0.1695
0.149425
0.1004
0.1555
0.138931
0.012
0.1645
0.1115
0.193903
0.13993
0.157
0.0144855
0.178554
0.116384
0.12094
0.176
0.153846
0.132302
0.0509236
0.163337
0.138293
0.166
0.121817
0.18032
0.152
0.105
0.147926
0.176912
0.18041
0.1685
0.1925
0.1605
0.155112
0.134798
0.017991
0.137931
0.163918
0.152695
0.181409
0.0114828
0.1385
0.0125
0.17
0.142715
0.041979
0.163
0.157421
0.1315
0.1075
0.146853
0.133933
0.182453
0.163509
0.1235
0.014
0.176412
0.1375
0.123
0.135932
0.188529
0.1955
0.196206
0.134798
0.188906
0.205192
0.0309845
0.153423
0.128936
0.0704296
0.0884116
0.109
0.2075
0.0264735
0.124314
0.159
0.12419
0.011994
0.1495
0.148926
0.13943
0.156687
0.153
0.1375
0.169246
0.1295
0.0863273
0.113443
0.131
0.1855
0.134433
0.158263
0.0144711
0.163
0.113943
0.105841
0.152348
0.145427
0.146853
0.1235
0.149
0.187406
0.15035
0.172414
0.138931
0.15
0.183408
0.0185
0.204
0.159261
0.1315
0.136795
0.156
0.00949051
0.14
0.167
0.00949525
0.1525
0.155
0.0144566
0.1675
0.1685
0.1585
0.146927
0.178554
0.0154845
0.1502
0.133
0.150425
0.0915
0.1435
0.007
0.037981
0.144284
0.172
0.141858
0.012
0.0725
0.161
0.0164918
0.0164918
0.172
0.16018
0.00649675
0.0875
0.1525
0.152
0.101949
0.004
0.1365
0.167249
0.0264735
0.105
0.110945
0.148926
0.17
0.126747
0.166334
0.153117
0.135796
0.16034
0.17941
0.138
0.164418
0.0154845
0.1755
0.14
0.141288
0.146281
0.0169915
0.129
0.1695
0.162419
0.142
0.189
0.0075
0.0085
0.158841
0.0104948
0.008
0.141858
0.172414
0.148278
0.149
0.153923
0.14043
0.153769
0.051
0.115826
0.172914
0.113943
0.149
0.172
0.182909
0.1475
0.1015
0.018
0.18041
0.00949525
0.136432
0.1555
0.1665
0.1365
0.1345
0.1325
0.00649675
0.094
0.176
0.164336
0.022
0.136364
0.0075
0.008
0.161596
0.13993
0.1915
0.0704296
0.1225
0.0533666
0.128
0.134798
0.144428
0.1245
0.108337
0.1405
0.0329341
0.0954046
0.19031
0.107892
0.0134865
0.030969
0.159261
0.1255
0.166917
0.1345
0.0979021
0.163
0.00949051
0.16018
0.0965
0.144212
0.142429
0.117823
0.14
0.1345
0.123438
0.13979
0.145927
0.134366
0.194306
0.134798
0.009
0.131
0.125
0.1635
0.1205
0.148926
0.147279
0.126937
0.176
0.008
0.156687
0.137931
0.17
0.175412
0.112332
0.175412
0.2025
0.181909
0.187406
0.0969515
0.142358
0.13943
0.035982
0.149
0.053973
0.18091
0.127872
0.134798
0.00999001
0.128436
0.184
0.168
0.186813
0.187
0.168916
0.0805
0.164
0.1935
0.161757
0.17991
0.1475
0.054
0.168831
0.145427
0.141858
0.1345
0.169745
0.1785
0.0469765
0.197
0.104
0.142
0.0774613
0.0154691
0.141858
0.194403
0.168916
0.13993
0.119
0.018
0.158921
0.149
0.152348
0.1625
0.1345
0.017991
0.1415
0.175412
0.0915
0.0434783
0.015984
0.1575
0.169745
0.0754246
0.158921
0.111444
0.138931
0.009
0.143784
0.2125
0.146
0.1695
0.158
0.174239
0.1495
0.143428
0.15519
0.153923
0.151273
0.178055
0.0754623
0.132934
0.16092
0.144356
0.122439
0.0145
0.128936
0.143856
0.181409
0.184
0.181
0.105
0.147926
0.00549725
0.191213
0.172
0.1685
0.137931
0.174
0.148204
0.0164918
0.176412
0.115942
0.113943
0.1325
0.139
0.1565
0.1365
0.137931
0.1575
0.1555
0.1315
0.041979
0.176
0.115884
0.00949051
0.161
0.1315
0.011988
0.153846
0.179142
0.169162
0.00798802
0.1735
0.162837
0.172914
0.00749251
0.22
0.146
0.079
0.174239
0.135432
0.168747
0.1755
0.0929535
0.1735
0.213893
0.114885
0.142929
0.0205
0.139291
0.148703
0.159261
0.1285
0.0884116
0.142287
0.123814
0.198901
0.176
0.017982
0.116
0.195
0.0695
0.115327
0.120819
0.041979
0.0075
0.186813
0.146
0.16042
0.151273
0.2005
0.133
0.11
0.148926
0.154
0.13986
0.0569146
0.0495
0.157421
0.107285
0.155844
0.145
0.1685
0.102897
0.15327
0.0533666
0.195
0.151924
0.0095
0.13024
0.149
0.128936
0.159261
0.1695
0.185907
0.0969515
0.134433
0.163255
0.171329
0.192404
0.012
0.125
0.168916
0.134433
0.168747
0.166
0.1635
0.129
0.18041
0.2003
0.151
0.029985
0.1065
0.113943
0.1455
0.157421
0.169915
0.1005
0.1775
0.136795
0.13986
0.014985
0.137931
0.193903
0.14985
0.185907
0.136795
0.166917
0.014
0.132434
0.17016
0.1185
0.116442
0.0215
0.0115
0.18041
0.178411
0.196206
0.1775
0.0879121
0.013
0.013
0.0144855
0.0144855
0.011
0.208896
0.017
0.147926
0.00848303
0.0215
0.1285
0.136364
0.0985
0.158841
0.0495
0.152
0.137
0.161419
0.156765
0.0495
0.1065
0.174913
0.146853
0.118941
0.151424
0.155267
0.0929535
0.158921
0.18672
0.151848
0.170915
