0.232
0.223888
0.013
0.172914
0.269096
0.282218
0.182817
0.2295
0.23
0.210395
0.1775
0.2345
0.194903
0.255245
0.2055
0.1855
0.255372
0.23988
0.219
0.222
0.246131
0.247876
0.255
0.2745
0.184539
0.248128
0.208896
0.2495
0.219
0.21
0.245763
0.226
0.257371
0.2625
0.259611
0.191712
0.014
0.1725
0.2785
0.2335
0.245
0.0049975
0.225662
0.198401
0.213
0.195207
0.25937
0.267099
0.291209
0.2775
0.247
0.248004
0.184908
0.225162
0.141929
0.193903
0.242016
0.273863
0.259
0.262369
0.263
0.161
0.264368
0.186
0.2215
0.25
0.237
0.233267
0.2785
0.21989
0.222666
0.290564
0.236763
0.2805
0.2055
0.22039
0.238381
0.254873
0.247376
0.249
0.23027
0.2115
0.241
0.193
0.294353
0.2045
0.273363
0.24026
0.1994
0.2355
0.2725
0.1955
0.238404
0.182817
0.158921
0.222777
0.23503
0.1755
0.0089955
0.2725
0.2075
0.248004
0.265703
0.264368
0.287069
0.244755
0.2375
0.22039
0.193
0.2485
0.256244
0.21
0.0104843
0.242636
0.252122
0.249251
0.253746
0.2315
0.253992
0.214393
0.246507
0.253247
0.2555
0.004995
0.25
0.231884
0.244511
0.004995
0.236763
0.242379
0.1994
0.2375
0.236763
0.2555
0.23976
0.268866
0.239
0.242
0.189526
0.234
0.1705
0.233
0.274
0.245
0.013993
0.279081
0.0215
0.214393
0.226547
0.226048
0.2625
0.244633
0.248
0.290355
0.221778
0.2
0.2285
0.212
0.221778
0.275362
0.241379
0.194209
0.2055
0.23
0.1745
0.228543
0.1855
0.236028
0.261239
0.245
0.286357
0.1955
0.221168
0.235882
0.224
0.252874
0.2485
0.2545
0.212
0.27
0.226773
0.2205
0.211289
0.235
0.2615
0.214
0.238381
0.2445
0.1725
0.192807
0.23938
0.2715
0.221889
0.233
0.264868
0.256986
0.241138
0.239
0.234
0.242379
0.228886
0.25
0.268866
0.2055
0.24038
0.217283
0.2335
0.1994
0.233267
0.261369
0.232
0.218
0.266
0.227
0.251748
0.2275
0.281
0.2275
0.248376
0.251374
0.2485
0.232384
0.237
0.218672
0.24038
0.2115
0.2295
0.267366
0.27023
0.236763
0.228886
0.229271
0.182227
0.258371
0.242379
0.247876
0.242379
0.21978
0.253373
0.245377
0.224775
0.250749
0.2695
0.231884
0.2465
0.275362
0.252747
0.2045
0.1945
0.214393
0.245
0.0045
0.203
0.009
0.234648
0.206793
0.184908
0.257871
0.230385
0.239141
0.231384
0.2625
0.287069
0.214393
0.261369
0.23365
0.205897
0.238143
0.2425
0.2765
0.2275
0.230385
0.233383
0.2915
0.2195
0.283
0.182227
0.212363
0.257
0.282218
0.248
0.215892
0.210789
0.254873
0.205897
0.229385
0.246377
0.1994
0.252248
0.221
0.1997
0.275362
0.267233
0.238761
0.2075
0.244134
0.226773
0.00499002
0.163418
0.2475
0.2045
0.289355
0.242258
0.233
0.211289
0.184224
0.2315
0.2585
0.244256
0.0244878
0.239
0.0029985
0.253873
0.240639
0.250875
0.257114
0.184
0.161
0.218891
0.209685
0.247
0.187406
0.2615
0.204693
0.198302
0.163418
0.224276
0.2625
0.253746
0.212894
0.263736
0.0049975
0.228543
0.141929
0.222
0.2465
0.268866
0.2205
0.213
0.0315
0.2275
0.2475
0.233267
0.264236
0.252248
0.1725
0.27
0.2925
0.2275
0.278861
0.256615
0.23004
0.248876
0.228657
0.256
0.2875
0.216892
0.279581
0.158921
0.2055
0.2245
0.2215
0.176236
0.245632
0.256
0.238404
0.2705
0.288
0.209685
0.00549725
0.263605
0.107339
0.269231
0.242757
0.2895
0.27
0.257614
0.1715
0.224276
0.217782
0.2125
0.263736
0.261
0.2625
0.2685
0.204693
0.235647
0.264603
0.245877
0.238381
0.238
0.2915
0.00999001
0.238
0.212394
0.267732
0.241
0.2345
0.2045
0.23
0.188
0.238381
0.279
0.1925
0.264368
0.189905
0.261
0.278361
0.258
0.195402
0.239022
0.2625
0.242258
0.258612
0.2365
0.2225
0.221
0.233267
0.237144
0.235
0.243756
0.204398
0.27359
0.00799201
0.262
0.1755
0.23976
0.2785
0.258113
0.255
0.255744
0.2625
0.2215
0.216459
0.235
0.198
0.238881
0.223888
0.226387
0.198203
0.1945
0.234883
0.287069
0.2425
0.223388
0.257371
0.0029985
0.00799201
0.251748
0.241879
0.2775
0.2045
0.253247
0.22017
0.172914
0.250375
0.00649026
0.234765
0.251623
0.2055
0.255872
0.222666
0.252248
0.2525
0.256
0.260739
0.245132
0.24
0.236264
0.23938
0.265867
0.219
0.23
0.235529
0.2275
0.2895
0.221168
0.237881
0.174
0.2455
0.232651
0.271364
0.263736
0.217891
0.173
0.0089955
0.236
0.141929
0.241259
0.209895
0.0154845
0.0109945
0.245509
0.2075
0.275587
0.2105
0.0089955
0.269865
0.232152
0.161
0.263736
0.2555
0.2385
0.161
0.2105
0.263868
0.1855
0.294353
0.156422
0.231038
0.223665
0.223388
0.222889
0.263972
0.283
0.234032
0.2505
0.2335
0.0095
0.192807
0.2735
0.221667
0.2575
0.004995
0.014
0.251874
0.232036
0.0294853
0.194903
0.296204
0.2925
0.22977
0.2545
0.2315
0.2805
0.265867
0.28
0.260739
0.203297
0.256487
0.189
0.263736
0.23976
0.225387
0.2015
0.2715
0.2375
0.2615
0.276585
0.227
0.218282
0.2265
0.28086
0.241758
0.210395
0.198203
0.2545
0.0089955
0.247253
0.231384
0.22028
0.238
0.218
0.251374
0.221889
0.256872
0.2475
0.25025
0.228386
0.198
0.186
0.231384
0.255
0.264368
0.218
0.225
0.28
0.255872
0.206
0.2575
0.24
0.276362
0.2345
0.242379
0.2425
0.182318
0.2195
0.2225
0.2705
0.255372
0.267366
0.258871
0.217891
0.236028
0.210395
0.2625
0.00948577
0.1955
0.257
0.221778
0.214393
0.25499
0.0129805
0.258371
0.2625
0.2045
0.1715
0.308537
0.265102
0.201198
0.225774
0.2405
0.2415
0.257114
0.201399
0.26037
0.240639
0.259
0.2085
0.2535
0.215285
0.2755
0.182318
0.258612
0.267366
0.294353
0.2515
0.22017
0.244256
0.24038
0.131934
0.257614
0.243756
0.2245
0.216783
0.005
0.156422
0.230885
0.239
0.245632
0.228
0.21978
0.2385
0.2445
0.187
0.1955
0.242379
0.0164753
0.213393
0.252248
0.2485
0.287
0.256244
0.255872
0.1935
0.207
0.188
0.248876
0.1645
0.198901
0.219281
0.212
0.01997
0.222056
0.206793
0.2205
0.273952
0.217891
0.228657
0.248004
0.247
0.0144855
0.2415
0.2495
0.210395
0.261869
0.242
0.265867
0.2165
0.2195
0.2625
0.223665
0.2395
0.272954
0.224775
0.2575
0.004
0.0154845
0.011988
0.270365
0.0114828
0.009
0.213
0.210789
0.263368
0.258
0.237
0.2375
0.206
0.2095
0.2685
0.260739
0.234913
0.255372
0.232
0.27936
0.269231
0.269096
0.26011
0.234266
0.212363
0.161339
0.267366
0.259
0.212787
0.168916
0.2365
0.2635
0.227273
0.294206
0.00899101
0.209395
0.247876
0.1735
0.0055
0.271593
0.1765
0.271186
0.247
0.253873
0.1955
0.259241
0.00749251
0.207
0.237762
0.184
0.234648
0.254745
0.225662
0.1735
0.238381
0.2755
0.263736
0.0085
0.193903
0.013
0.240759
0.0144928
0.228657
0.1915
0.0089955
0.265
0.223665
0.253
0.2004
0.00549725
0.278361
0.263868
0.00899101
0.202197
0.278861
0.2135
0.258
0.184539
0.234
0.2315
0.2775
0.2005
0.249
0.2085
0.267099
0.232419
0.216
0.22039
0.274226
0.2325
0.2645
0.249875
0.203796
0.223665
0.24975
0.195402
0.218891
0.22977
0.195402
0.235
0.2575
0.189526
0.2385
0.2315
0.28
0.2565
0.269365
0.225275
0.201399
0.240519
0.262974
0.232767
0.2565
0.2755
0.245877
0.244633
0.195902
0.249
0.229
0.21989
0.253
0.257614
0.232
0.202696
0.00948577
0.216783
0.222278
0.214393
0.255872
0.261239
0.238761
0.208791
0.272864
0.1905
0.2645
0.279163
0.23938
0.232419
0.246877
0.294206
0.266
0.23976
0.24038
0.225774
0.258371
0.234266
0.2115
0.177
0.240759
0.168
0.183816
0.2195
0.236527
0.262238
0.2275
0.194403
0.234
0.1915
0.246131
0.2925
0.226387
0.248627
0.239
0.256487
0.24014
0.233267
0.2325
0.2615
0.241259
0.2645
0.289211
0.250375
0.2555
0.233883
0.222389
0.2305
0.1755
0.283217
0.2375
0.272864
0.227046
0.244633
0.228
0.2395
0.257855
0.004995
0.261369
0.246131
0.1935
0.258113
0.233
0.256
0.265703
0.21318
0.27936
0.2285
0.1745
0.244256
0.261608
0.228657
0.261869
0.216284
0.269096
0.0129935
0.255
0.248
0.212787
0.2245
0.289
0.268098
0.278721
0.234765
0.223388
0.2195
0.23976
0.2245
0.192
0.284573
0.265367
0.229
0.208896
0.223888
0.218
0.210395
0.009
0.189905
0.196
0.24
0.205897
0.279081
0.261239
0.258113
0.225
0.262238
0.2155
0.213
0.238
0.00898204
0.2575
0.2345
0.2585
0.178643
0.22028
0.161
0.269231
0.287
0.2625
0.245763
0.235764
0.231
0.245377
0.174
0.2855
0.247253
0.260978
0.0114943
0.24975
0.2325
0.26087
0.251249
0.223277
0.233766
0.224164
0.248376
0.2915
0.205897
0.2325
0.2365
0.232651
0.206294
0.2265
0.2445
0.183816
0.248751
0.18032
0.1985
0.183816
0.242879
0.275225
0.220779
0.228886
0.263972
0.0294853
0.258371
0.296204
0.217391
0.215
0.249
0.278721
0.252874
0.208
0.238381
0.282359
0.266867
0.2645
0.201198
0.236
0.25
0.231
0.258371
0.25987
0.231537
0.187406
0.225
0.268366
0.2655
0.158
0.1995
0.233883
0.2125
0.254873
0.239641
0.215
0.253992
0.263736
0.216
0.224388
0.215892
0.251374
0.26996
0.247
0.245
0.236763
0.239641
0.291209
0.267866
0.282
0.258113
0.261
0.263605
0.262
0.2105
0.23365
0.245632
0.221
0.227386
0.2345
0.233
0.2165
0.236
0.264236
0.004995
0.2005
0.209
0.232
0.229385
0.212288
0.205
0.23
0.254373
0.205897
0.2375
0.2525
0.284
0.219
0.203
0.2355
0.247
0.2085
0.278
0.241379
0.2125
0.209
0.22
0.262
0.257
0.225275
0.276362
0.28
0.196
0.227046
0.2525
0.193903
0.234531
0.214893
0.253247
0.288567
0.210395
0.2205
0.213
0.213393
0.1735
0.265734
0.1885
0.248876
0.287069
0.260739
0.272228
0.207792
0.246507
0.250749
0.245632
0.183633
0.2655
0.1945
0.228
0.224775
0.229885
0.19
0.238761
0.2265
0.234883
0.226387
0.244134
0.265734
0.24
0.18091
0.193903
0.2495
0.0089955
0.224164
0.2485
0.2045
0.168
0.243635
0.221389
0.226161
0.249375
0.155844
0.208
0.1945
0.232884
0.2445
0.214393
0.2325
0.214893
0.228886
0.244755
0.21978
0.213
0.257243
0.298701
0.278861
0.169745
0.245
0.281
0.265703
0.196
0.213
0.191712
0.262
0.258612
0.011994
0.2565
0.212
0.255617
0.251
0.21978
0.233
0.23938
0.222
0.2785
0.257614
0.227273
0.2555
0.231
0.204398
0.258371
0.168
0.2335
0.243
0.212
0.216892
0.2595
0.248379
0.2495
0.261
0.217
0.22039
0.1925
0.270365
0.265367
0.223776
0.213679
0.222777
0.2445
0.25985
0.255617
0.279163
0.234883
0.222389
0.263237
0.250875
0.213893
0.2365
0.193
0.284
0.2725
0.2605
0.322178
0.24038
0.2475
0.238143
0.237762
0.235
0.2525
0.2195
0.242
0.250875
0.271864
0.223388
0.227
0.205
0.2575
0.2655
0.2475
0.233383
0.165834
0.284
0.258
0.235
0.225
0.2035
0.1755
0.011988
0.238
0.238262
0.2085
0.2505
0.275362
0.246254
0.258242
0.23503
0.229156
0.242
0.239141
0.214893
0.266867
0.254745
0.231
0.254373
0.278582
0.161
0.201198
0.234149
0.268731
0.257371
0.253992
0.242379
0.2275
0.167333
0.153
0.00948577
0.173
0.249002
0.172914
0.257114
0.258
0.2245
0.203
0.183816
0.274226
0.2525
0.2445
0.185
0.243
0.2375
0.236
0.2195
0.248252
0.198702
0.246377
0.238262
0.21978
0.1994
0.225162
0.24026
0.23
0.162919
0.238381
0.174913
0.242016
0.21978
0.292354
0.2535
0.229
0.261239
0.242757
0.1645
0.249875
0.248876
0.165834
0.232268
0.2915
0.0049975
0.00799201
0.275362
0.0089955
0.278
0.262238
0.2145
0.255617
0.238262
0.2705
0.234
0.2825
0.253
0.27
0.222889
0.175
0.245132
0.181
0.232419
0.233883
0.242
0.0244878
0.1765
0.202197
0.2985
0.2545
0.266867
0.2535
0.274226
0.165834
0.249251
0.232767
0.233
0.211788
0.208396
0.004995
0.223888
0.236382
0.278
0.198302
0.2785
0.161
0.203
0.233883
0.253
0.27936
0.2455
0.235764
0.22017
0.287069
0.232
0.288
0.2525
0.229885
0.2375
0.254745
0.244256
0.0095
0.237881
0.205
0.1998
0.2315
0.1715
0.00449775
0.273863
0.2445
0.247876
0.258
0.241
0.269
0.210395
0.210185
0.18032
0.2785
0.285
0.215892
0.2705
0.2615
0.262238
0.2245
0.255245
0.2395
0.262
0.232268
0.0164753
0.245877
0.2285
0.251374
0.240759
0.231
0.256872
0.227772
0.218
0.267
0.244
0.2285
0.013
0.196206
0.244
0.261369
0.298351
0.213
0.248
0.218
0.25
0.182726
0.250624
0.2535
0.2545
0.00549725
0.215892
0.181
0.1855
0.250624
0.2615
0.013
0.222278
0.220779
0.248876
0.235
0.253873
0.2275
0.236763
0.233267
0.235882
0.18032
0.213893
0.234032
0.2665
0.264868
0.24
0.2015
0.269365
0.22039
0.00649026
0.253992
0.232268
0.236
0.241
0.248252
0.013
0.229656
0.107339
0.217391
0.239
0.208
0.224276
0.204398
0.252
0.267
0.255
0.279661
0.1955
0.2635
0.212894
0.2875
0.224
0.222
0.184
0.27
0.252747
0.2465
0.271
0.2625
0.25985
0.209895
0.182817
0.3005
0.23591
0.285072
0.239
0.2915
0.245
0.269365
0.258
0.197303
0.228
0.267366
0.291209
0.233883
0.231269
0.2365
0.236
0.2415
0.239
0.288567
0.264368
0.236382
0.246254
0.278361
0.235
0.2485
0.2245
0.267
0.2775
0.275225
0.2415
0.247253
0.292707
0.2295
0.0144855
0.28
0.237144
0.267233
0.17982
0.241758
0.266
0.229885
0.269365
0.2505
0.261608
0.2395
0.234
0.153
0.244755
0.163
0.192807
0.187
0.267
0.1965
0.2295
0.202197
0.2225
0.266733
0.264603
0.2595
0.2605
0.195207
0.269365
0.234883
0.270095
0.224276
0.265703
0.256
0.267366
0.2675
0.244256
0.256487
0.253
0.265235
0.252495
0.011
0.289211
0.249
0.1998
0.242
0.23976
0.172
0.2275
0.212394
0.278361
0.2925
0.268
0.2085
0.176412
0.274588
0.264868
0.288
0.247876
0.263736
0.0134731
0.0245
0.2625
0.2215
0.229271
0.253
0.276862
0.287
0.278361
0.1645
0.213786
0.256743
0.229
0.235
0.168916
0.245377
0.228543
0.214
0.250875
0.218
0.265235
0.0089955
0.283358
0.2195
0.241379
0.2525
0.01997
0.257871
0.191712
0.205897
0.252874
0.261
0.26087
0.288
0.254373
0.210395
0.2485
0.1955
0.2105
0.25
0.262
0.2115
0.245509
0.229885
0.2255
0.243635
0.251874
0.2625
0.252248
0.252747
0.226773
0.2105
0.209
0.3035
0.267233
0.253873
0.245877
0.1999
0.1465
0.203297
0.236
0.2195
0.238
0.215892
0.1994
0.24088
0.2085
0.262869
0.2215
0.00749251
0.228886
0.233766
0.198702
0.1994
0.1945
0.263605
0.261
0.009995
0.234383
0.267732
0.269596
0.2715
0.2605
0.23503
0.225275
0.234883
0.193903
0.2435
0.267099
0.217283
0.206
0.1715
0.222777
0.248379
0.213679
0.2415
0.222
0.257871
0.182726
0.271364
0.234531
0.208
0.23365
0.305
0.169745
0.261
0.282
0.296352
0.270865
0.2165
0.2315
0.233883
0.2245
0.234648
0.2755
0.21978
0.213
0.266
0.248
0.131934
0.1945
0.265867
0.223776
0.1095
0.216459
0.158921
0.203
0.228886
0.2535
0.258371
0.259611
0.261369
0.2715
0.2245
0.2055
0.223665
0.250375
0.235
0.242258
0.2625
0.253746
0.288567
0.255
0.258242
0.239
0.203
0.156422
0.271186
0.0144928
0.236382
0.0129805
0.261
0.274226
0.210789
0.004
0.289211
0.230885
0.187313
0.1925
0.213
0.229656
0.250375
0.2215
0.226387
0.27936
0.2375
0.203297
0.2001
0.1945
0.013
0.263
0.254873
0.272364
0.25987
0.2305
0.211289
0.272228
0.255744
0.187
0.241138
0.173826
0.244256
0.1915
0.195207
0.250375
0.242879
0.2265
0.264868
0.243135
0.271457
0.198
0.228386
0.2295
0.232767
0.222167
0.235382
0.209
0.254873
0.265
0.253992
0.251623
0.262369
0.246877
0.1745
0.158
0.254618
0.239
0.231384
0.0035
0.177
0.238143
0.168916
0.252248
0.194903
0.229
0.277584
0.219281
0.0144928
0.007
0.251623
0.201899
0.256872
0.287213
0.234531
0.269865
0.246877
0.257371
0.263
0.213965
0.00599401
0.232
0.212182
0.233
0.272228
0.288
0.281
0.24014
0.260739
0.2495
0.27
0.2325
0.288
0.234648
0.23365
0.248379
0.253873
0.2895
0.203898
0.213393
0.239641
0.213965
0.249
0.0114943
0.247876
0.252374
0.283791
0.2485
0.262
0.247376
0.247
0.24038
0.2485
0.219561
0.222777
0.22028
0.174913
0.247376
0.272864
0.23
0.28
0.233883
0.277584
0.233383
0.222167
0.2195
0.214393
0.214393
0.189
0.1765
0.229885
0.2085
0.23938
0.239
0.004995
0.260609
0.262
0.21
0.232384
0.253
0.232767
0.107339
0.206294
0.2435
0.243
0.259241
0.2525
0.2615
0.23503
0.225
0.236
0.277
0.282
0.285072
0.237263
0.265
0.198203
0.169745
0.2895
0.242258
0.234648
0.18091
0.214393
0.29021
0.227886
0.233383
0.272364
0.204398
0.270365
0.237881
0.227886
0.288
0.210395
0.2535
0.013
0.2125
0.189905
0.207792
0.252747
0.21
0.0129805
0.1997
0.244633
0.246377
0.24038
0.243
0.252495
0.243378
0.278721
0.228886
0.228386
0.2215
0.262238
0.248376
0.235265
0.0134865
0.254873
0.244755
0.0114943
0.255372
0.236
0.236382
0.1905
0.223888
0.217283
0.234
0.232384
0.00499251
0.212394
0.232152
0.255872
0.278
0.202197
0.172
0.2175
0.107339
0.210395
0.2235
0.21978
0.195207
0.247376
0.227386
0.2575
0.222167
0.2565
0.236382
0.184408
0.256
0.252
0.0085
0.2805
0.2525
0.1725
0.284
0.203796
0.237
0.242379
0.261369
0.264868
0.231
0.2775
0.1999
0.247876
0.255245
0.2785
0.27936
0.1725
0.270729
0.2565
0.2345
0.212894
0.24975
0.2245
0.2235
0.228657
0.278861
0.2345
0.263868
0.0089955
0.2055
0.204398
0.236264
0.2445
0.167748
0.191904
0.214893
0.255744
0.224888
0.212894
0.24
0.229885
0.247
0.283858
0.231
0.205
0.213393
0.235
0.253873
0.1865
0.2315
0.252874
0.254873
0.268731
0.263868
0.231653
0.27936
0.264368
0.2575
0.225387
0.243756
0.262369
0.23004
0.2635
0.22
0.234883
0.2525
0.1994
0.2415
0.228386
0.22028
0.277
0.183317
0.23976
0.23
0.2215
0.012
0.252874
0.224164
0.294353
0.177911
0.228657
0.270865
0.276224
0.301
0.23365
0.215784
0.2355
0.235382
0.221389
0.1955
0.239
