0.2255
0.2885
0.205794
0.242879
0.2505
0.21967
0.311
0.190714
0.231884
0.260739
0.221667
0.251623
0.0065
0.1885
0.2365
0.262869
0.2155
0.223388
0.254618
0.245877
0.233883
0.216
0.1515
0.213893
0.269
0.251874
0.279
0.256986
0.212894
0.247
0.25974
0.238
0.236
0.24
0.211289
0.0075
0.241
0.225774
0.241879
0.1994
0.2175
0.219
0.2515
0.263368
0.224888
0.244
0.25025
0.2265
0.224
0.263
0.245877
0.205794
0.22039
0.265
0.2515
0.2075
0.262737
0.178911
0.258242
0.267866
0.208
0.225
0.191904
0.2525
0.247505
0.285857
0.263
0.256
0.252
0.243257
0.251623
0.2135
0.263868
0.274725
0.266733
0.243378
0.00799201
0.226887
0.2215
0.2515
0.267866
0.2395
0.2545
0.238262
0.1955
0.243257
0.2225
0.24
0.257871
0.2955
0.142
0.269
0.266367
0.2675
0.214
0.277361
0.291
0.2355
0.252747
0.17982
0.215676
0.206897
0.274863
0.221389
0.248376
0.223776
0.26
0.247876
0.269
0.252374
0.174239
0.0129935
0.256244
0.2675
0.243
0.236645
0.2415
0.21318
0.233766
0.20979
0.2185
0.23988
0.2245
0.256372
0.248876
0.190809
0.225887
0.229271
0.221667
0.224775
0.214
0.218345
0.143357
0.294853
0.233766
0.22666
0.256872
0.244878
0.242879
0.25987
0.217891
0.227386
0.249375
0.231384
0.261608
0.271728
0.2685
0.226
0.253373
0.264868
0.252621
0.224888
0.222666
0.255245
0.209895
0.178821
0.2545
0.21939
0.216892
0.293
0.235147
0.214
0.238262
0.2235
0.255372
0.289855
0.2605
0.22006
0.243
0.2009
0.226161
0.242879
0.213679
0.175912
0.190809
0.258242
0.218391
0.263
0.258242
0.273863
0.243257
0.251
0.289355
0.204398
0.271864
0.274
0.256986
0.186221
0.2065
0.19321
0.21989
0.191
0.219
0.246377
0.224888
0.223888
0.2185
0.233766
0.208896
0.195207
0.248128
0.268866
0.209
0.253373
0.170659
0.2245
0.263868
0.0105
0.206793
0.31984
0.182318
0.263868
0.232767
0.0104948
0.222
0.2405
0.243756
0.279
0.202
0.2225
0.0184908
0.243
0.212
0.231
0.0125
0.0149925
0.173
0.235
0.2485
0.235147
0.252874
0.221778
0.2505
0.194
0.261738
0.283358
0.236
0.00849151
0.197
0.198603
0.187313
0.2335
0.283217
0.275862
0.223388
0.235
0.246753
0.257871
0.2315
0.173826
0.180639
0.229
0.2135
0.229
0.181409
0.009
0.2315
0.2405
0.010989
0.261216
0.259111
0.207
0.250749
0.291
0.271728
0.0065
0.154
0.221168
0.198901
0.211894
0.29
0.265367
0.220669
0.2235
0.2505
0.242016
0.237
0.21939
0.185
0.251874
0.2525
0.234383
0.267
0.2995
0.208
0.232268
0.2335
0.261869
0.252874
0.211894
0.290773
0.19
0.246
0.2625
0.202
0.250374
0.274363
0.2645
0.264
0.211894
0.2585
0.264868
0.251748
0.2975
0.2255
0.23027
0.266367
0.249
0.2
0.231884
0.217673
0.186314
0.267866
0.226773
0.00849151
0.258871
0.265337
0.254
0.26037
0.279441
0.290773
0.261738
0.1845
0.247752
0.243014
0.263368
0.249875
0.262974
0.28
0.2525
0.275862
0.1875
0.235147
0.0209895
0.2009
0.273726
0.253373
0.2085
0.211682
0.2805
0.25025
0.2255
0.240759
0.206
0.234149
0.0055
0.20979
0.254
0.241879
0.2485
0.231884
0.31984
0.263
0.213573
0.2175
0.24026
0.2975
0.251623
0.275587
0.2685
0.245
0.263736
0.261369
0.243513
0.283217
0.197605
0.224
0.210185
0.218391
0.244
0.244
0.258741
0.270594
0.188
0.277
0.206
0.217891
0.213965
0.273726
0.2145
0.189405
0.01
0.2485
0.236382
0.256244
0.252374
0.196
0.222889
0.252874
0.191904
0.263736
0.223888
0.285857
0.226887
0.261738
0.236028
0.188
0.226887
0.251249
0.22666
0.224888
0.2775
0.274863
0.262
0.218891
0.245132
0.222389
0.246
0.2035
0.0149925
0.276
0.245877
0.23027
0.181409
0.231269
0.2215
0.245132
0.28
0.235
0.243756
0.248627
0.00649026
0.251374
0.2205
0.240639
0.225
0.1994
0.241638
0.0109835
0.034
0.249875
0.250749
0.2785
0.263
0.234
0.247376
0.191904
0.239521
0.247876
0.2335
0.0174738
0.131
0.231038
0.227273
0.2775
0.27936
0.2535
0.2735
0.245632
0.2075
0.256
0.252621
0.2495
0.218672
0.223776
0.252122
0.1565
0.223888
0.202399
0.172414
0.2075
0.2385
0.207
0.198302
0.2285
0.242
0.220669
0.2185
0.2255
0.250875
0.245632
0.213393
0.235382
0.015
0.168663
0.237
0.253247
0.272954
0.26037
0.1925
0.213393
0.245
0.276362
0.232767
0.214893
0.256872
0.241879
0.195402
0.2075
0.2405
0.231653
0.178911
0.246
0.00998502
0.256743
0.274725
0.17
0.2505
0.224052
0.272455
0.276362
0.201798
0.233883
0.173913
0.212
0.218891
0.174
0.241138
0.245
0.168663
0.0134933
0.226887
0.214393
0.279
0.227772
0.237
0.1855
0.255372
0.2085
0.256743
0.235882
0.027972
0.214
0.214
0.185037
0.226887
0.244633
0.252621
0.025974
0.271364
0.2175
0.261369
0.229925
0.2545
0.258871
0.227046
0.2315
0.2355
0.2615
0.263368
0.249251
0.3225
0.264868
0.269865
0.243756
0.271
0.232268
0.219
0.2495
0.2385
0.2365
0.256
0.00798403
0.224439
0.301349
0.2335
0.223054
0.224439
0.252874
0.254246
0.244378
0.256372
0.191904
0.255744
0.255245
0.283
0.257871
0.256743
0.245377
0.227886
0.1905
0.280579
0.26024
0.258371
0.2365
0.0125
0.250749
0.255744
0.272092
0.227886
0.26087
0.2855
0.265
0.2175
0.22039
0.241
0.258
0.277361
0.215392
0.184631
0.228886
0.218672
0.272864
0.248
0.262869
0.206191
0.2665
0.257371
0.249875
0.233
0.2315
0.2495
0.23
0.218
0.007
0.303197
0.309381
0.251623
0.173913
0.222167
0.242
0.223388
0.0065
0.249126
0.27936
0.243257
0.238881
0.267732
0.142929
0.286
0.253247
0.26
0.309381
0.213965
0.17033
0.2305
0.2355
0.236264
0.2415
0.245132
0.211682
0.211894
0.2285
0.175912
0.198401
0.272
0.215892
0.2385
0.289277
0.293
0.274
0.177234
0.191904
0.201697
0.223776
0.23315
0.265
0.224775
0.292
0.274363
0.248376
0.2275
0.230385
0.00649026
0.245877
0.005
0.263105
0.226161
0.214393
0.3375
0.25974
0.271
0.2315
0.258741
0.197303
0.232268
0.257371
0.205192
0.190809
0.231306
0.209395
0.267866
0.272092
0.2285
0.257742
0.197901
0.243635
0.221
0.2455
0.2405
0.225
0.2004
0.243378
0.248876
0.246
0.2395
0.21
0.155844
0.2585
0.251
0.0184908
0.21939
0.236
0.248751
0.2495
0.256743
0.265337
0.247129
0.231
0.2785
0.236028
0.23027
0.28992
0.2175
0.194209
0.211894
0.172827
0.241
0.266367
0.00798802
0.223388
0.254
0.274
0.2735
0.248751
0.213965
0.216392
0.255117
0.218781
0.249126
0.181409
0.289355
0.2105
0.258871
0.236882
0.229
0.261738
0.242879
0.23
0.136
0.226887
0.1505
0.2485
0.249875
0.213287
0.213679
0.2455
0.230155
0.241259
0.206
0.229885
0.0109945
0.2335
0.258871
0.2845
0.243513
0.221389
0.228657
0.232884
0.212
0.221
0.0065
0.019
0.265367
0.192904
0.2855
0.155844
0.17033
0.1855
0.256372
0.293
0.213287
0.271
0.2675
0.204398
0.2415
0.242379
0.190809
0.192807
0.19
0.211682
0.232535
0.2185
0.265367
0.270365
0.142429
0.0115
0.2445
0.218
0.28
0.213
0.236
0.177
0.275862
0.271
0.2545
0.255245
0.2245
0.277861
0.2645
0.2735
0.2245
0.221168
0.270365
0.247
0.2255
0.242
0.231269
0.301199
0.229885
0.249875
0.28086
0.224888
0.275449
0.256743
0.249501
0.2345
0.238881
0.2315
0.269865
0.2075
0.194209
0.289277
0.189
0.275587
0.005997
0.251
0.2995
0.2115
0.2555
0.213287
0.2795
0.234266
0.208
0.2065
0.2405
0.251874
0.2445
0.26037
0.272864
0.269
0.218
0.158762
0.231
0.184
0.236
0.236382
0.221
0.27986
0.199
0.268866
0.206587
0.272092
0.256
0.250875
0.2825
0.0109835
0.224888
0.245377
0.266867
0.257871
0.278
0.29985
0.271229
0.213393
0.194209
0.2715
0.234765
0.253873
0.261738
0.276
0.24
0.273863
0.23938
0.209395
0.2275
0.215676
0.177234
0.269596
0.200799
0.208687
0.233766
0.196803
0.251623
0.1985
0.207396
0.261869
0.2665
0.146427
0.252374
0.227
0.2745
0.206
0.2255
0.255872
0.214855
0.284
0.2555
0.2345
0.243257
0.192
0.2485
0.188406
0.24
0.240759
0.208896
0.227659
0.231
0.249126
0.205
0.3375
0.22039
0.2255
0.250375
0.251374
0.211894
0.218672
0.206
0.255744
0.2445
0.278
0.2505
0.261738
0.279221
0.210895
0.226161
0.223776
0.212894
0.22039
0.226274
0.239641
0.22666
0.249
0.260739
0.2775
0.25
0.193
0.2003
0.226773
0.265102
0.215676
0.247129
0.221
0.27936
0.265235
0.274
0.005
0.270365
0.223054
0.250375
0.2315
0.00798403
0.2125
0.2055
0.273863
0.21
0.2675
0.23027
0.222889
0.23988
0.264735
0.2165
0.231537
0.248376
0.276
0.245877
0.171
0.212
0.265
0.232535
0.227659
0.2335
0.2125
0.236382
0.216176
0.256372
0.0055
0.205
0.241638
0.270365
0.216176
0.22
0.2075
0.270365
0.218
0.231
0.274363
0.206397
0.227
0.213287
0.279081
0.205794
0.246
0.193403
0.2455
0.263605
0.2525
0.25025
0.255872
0.2605
0.242258
0.245877
0.178821
0.262
0.0065
0.2305
0.225
0.279
0.258871
0.28086
0.235882
0.234
0.269
0.241879
0.246377
0.195207
0.203398
0.221168
0.264868
0.225774
0.241397
0.202399
0.259
0.2
0.301199
0.21967
0.232
0.238881
0.2125
0.244878
0.206397
0.317341
0.255245
0.2415
0.265867
0.120879
0.256743
0.2135
0.187718
0.238
0.249875
0.227659
0.146427
0.193307
0.2595
0.227386
0.2465
0.009
0.258
0.0144928
0.235
0.227273
0.243378
0.231537
0.271
0.192807
0.198401
0.2004
0.188
0.285072
0.273863
0.242
0.243378
0.2485
0.21
0.241
0.186813
0.2075
0.231269
0.206897
0.223776
0.2205
0.263368
0.209
0.195402
0.264735
0.2675
0.205192
0.226773
0.224
0.2475
0.267866
0.251249
0.242
0.242
0.217891
0.22
0.2615
0.142929
0.257243
0.293
0.22039
0.21
0.2235
0.2495
0.1855
0.26037
0.270365
0.217782
0.2565
0.2625
0.173826
0.231
0.273363
0.217391
0.237
0.227273
0.256244
0.2735
0.2605
0.221778
0.201798
0.197
0.2455
0.275087
0.2515
0.2415
0.261738
0.242
0.2605
0.199
0.3025
0.239521
0.261369
0.256372
0.242879
0.243257
0.288711
0.244378
0.270365
0.238
0.2305
0.264868
0.226161
0.21967
0.271
0.227
0.2375
0.2115
0.242016
0.249875
0.285072
0.202
0.2345
0.208188
0.289277
0.261369
0.2395
0.231384
0.2715
0.231269
0.208896
0.246
0.284573
0.235882
0.2515
0.267866
0.257371
0.193806
0.251874
0.235
0.21989
0.238881
0.218391
0.223
0.242
0.235764
0.2225
0.278
0.208
0.2405
0.224888
0.2355
0.231653
0.206191
0.25025
0.202399
0.213786
0.225
0.214393
0.2355
0.158762
0.264
0.175412
0.2475
0.235
0.236
0.191904
0.2335
0.212394
0.2285
0.2335
0.231653
0.241758
0.255617
0.2665
0.221168
0.2305
0.236882
0.007
0.283858
0.259111
0.238
0.217891
0.270365
0.245377
0.266
0.271
0.0065
0.243
0.277667
0.256743
0.291
0.231537
0.240519
0.231
0.195
0.00749625
0.238381
0.143357
0.217782
0.201697
0.244633
0.25
0.2385
0.0134933
0.241638
0.238
0.0085
0.2325
0.272682
0.017991
0.206897
0.2365
0.238381
0.2505
0.21989
0.260739
0.21
0.211
0.243257
0.239521
0.2055
0.24088
0.223665
0.188
0.267
0.281859
0.2305
0.264
0.142929
0.009
0.216284
0.236028
0.25025
0.236763
0.202899
0.255372
0.223665
0.2195
0.25025
0.213393
0.2645
0.301199
0.223277
0.1945
0.264104
0.2435
0.2505
0.211788
0.222389
0.2665
0.258
0.258871
0.2085
0.23938
0.242515
0.272364
0.201798
0.296056
0.199
0.2155
0.20979
0.227273
0.173
0.237263
0.205
0.255
0.249126
0.243878
0.266867
0.2305
0.218173
0.217565
0.182318
0.269
0.274
0.2235
0.197605
0.272954
0.197
0.26
0.269231
0.276
0.252
0.259611
0.257371
0.317341
0.209
0.265867
0.174326
0.256872
0.282359
0.259
0.254246
0.266
0.219
0.2845
0.210895
0.274363
0.2215
0.278361
0.283858
0.2415
0.2465
0.227545
0.231
0.288711
0.223388
0.224888
0.208896
0.2545
0.281718
0.2215
0.242379
0.2405
0.264368
0.218282
0.1645
0.2145
0.25987
0.2045
0.277722
0.26
0.009
0.303197
0.219
0.3375
0.208896
0.2135
0.259241
0.187313
0.200799
0.238262
0.289855
0.243878
0.261369
0.28
0.221389
0.206397
0.251123
0.213074
0.2365
0.199
0.2455
0.187313
0.258242
0.2625
0.009
0.275449
0.181818
0.2315
0.007
0.2625
0.235147
0.195402
0.241
0.2
0.216176
0.2645
0.2515
0.224052
0.2525
0.2215
0.2085
0.256244
0.265235
0.257
0.274
0.211894
0.279
0.069
0.239261
0.252374
0.270594
0.2715
0.283217
0.196
0.21507
0.2045
0.236382
0.224888
0.205794
0.283858
0.2285
0.278
0.2666
0.0174825
0.206
0.2845
0.2225
0.289355
0.2185
0.230769
0.234383
0.224052
0.265367
0.2625
0.24
0.231038
0.254
0.245632
0.22089
0.178233
0.231269
0.2215
0.266
0.212
0.2545
0.208
0.196206
0.242879
0.258371
0.246
0.303197
0.230385
0.269865
0.236382
0.190619
0.2715
0.260739
0.234383
0.208791
0.2215
0.291854
0.2003
0.245377
0.27986
0.215784
0.2305
0.221667
0.218891
0.304695
0.2865
0.247253
0.269
0.216783
0.229156
0.227386
0.175
0.214393
0.244
0.23938
0.23
0.250749
0.257371
0.293
0.221168
0.191118
0.241879
0.247752
0.221
0.230885
0.26011
0.237
0.289355
0.249375
0.244511
0.277667
0.208896
0.236
0.251874
0.224439
0.2825
0.263868
0.24
0.2005
0.2405
0.2595
0.269096
0.282
0.31984
0.254
0.212
0.2675
0.229385
0.245
0.188
0.1585
0.258
0.196206
0.247
0.220669
0.248627
0.184408
0.1955
0.274725
0.263105
0.258371
0.249501
