0.19
0.1695
0.223665
0.173413
0.19
0.0149925
0.209
0.152
0.1004
0.221889
0.1999
0.200799
0.17991
0.1895
0.1895
0.156922
0.195305
0.187812
0.0155
0.208896
0.1525
0.185
0.186
0.1225
0.21
0.203297
0.195902
0.157842
0.186
0.221279
0.026973
0.1825
0.193903
0.197901
0.116
0.229385
0.166334
0.011994
0.131434
0.1205
0.163
0.176912
0.165417
0.240759
0.135432
0.05
0.177323
0.208791
0.2065
0.262843
0.174913
0.282859
0.182136
0.154845
0.193307
0.176823
0.18023
0.201697
0.207
0.150425
0.166
0.21507
0.17991
0.195
0.186
0.026973
0.0055
0.25362
0.16042
0.207189
0.193307
0.0175
0.1725
0.198
0.116
0.0125
0.0429785
0.00999001
0.140719
0.196705
0.202899
0.11994
0.207189
0.198401
0.2004
0.191617
0.0209895
0.1625
0.182
0.1895
0.252874
0.2185
0.187
0.0085
0.020979
0.233267
0.022
0.238523
0.1455
0.183
0.194
0.184723
0.1215
0.192212
0.2215
0.177
0.214286
0.163
0.226387
0.1745
0.211894
0.211788
0.159261
0.246877
0.0075
0.191617
0.2185
0.181818
0.0985
0.185
0.122877
0.25987
0.196705
0.132302
0.21
0.189405
0.216
0.2245
0.162919
0.148278
0.230654
0.186314
0.1665
0.157842
0.181954
0.0169661
0.23027
0.226387
0.2135
0.17033
0.022
0.112444
0.176735
0.189621
0.1455
0.196
0.173413
0.208084
0.152695
0.1675
0.189405
0.0055
0.202797
0.169
0.203
0.166334
0.008
0.177733
0.007996
0.163918
0.165834
0.188623
0.181818
0.193307
0.1998
0.157
0.212894
0.153423
0.187906
0.00549725
0.0304848
0.14022
0.208
0.1215
0.013993
0.244
0.24
0.0949525
0.196705
0.0065
0.211894
0.191617
0.2175
0.121
0.226387
0.131434
0.173
0.181409
0.142857
0.2004
0.134933
0.122877
0.223665
0.1495
0.231269
0.2205
0.212
0.1635
0.2075
0.1635
0.1375
0.0304848
0.192615
0.228771
0.00549451
0.174413
0.0169915
0.144428
0.122317
0.222
0.161838
0.152
0.17982
0.18981
0.21
0.1425
0.187718
0.00998004
0.156422
0.203297
0.233267
0.168332
0.1997
0.1685
0.18
0.176
0.167748
0.157
0.132302
0.228
0.2355
0.0209895
0.0284858
0.1205
0.193
0.1925
0.201399
0.193806
0.187219
0.174413
0.146
0.135
0.0835
0.174913
0.182409
0.216783
0.1625
0.211289
0.1755
0.111832
0.219281
0.175062
0.2009
0.1725
0.178821
0.2045
0.0918622
0.0069965
0.177645
0.223
0.185814
0.021
0.1895
0.2015
0.247
0.167748
0.2285
0.161838
0.17941
0.229271
0.15992
0.164
0.1765
0.1345
0.14043
0.156922
0.00549451
0.2055
0.213786
0.193307
0.00849151
0.1285
0.151848
0.19
0.0309845
0.017973
0.115711
0.219281
0.181
0.152348
0.1735
0.0309845
0.193903
0.238
0.143928
0.2175
0.183408
0.1635
0.184723
0.175
0.196402
0.208791
0.167
0.195402
0.0095
0.168416
0.1215
0.178
0.135432
0.235382
0.00549725
0.165417
0.149925
0.1615
0.189405
0.151848
0.122877
0.013993
0.224
0.197901
0.202197
0.17973
0.152348
0.1785
0.21939
0.2375
0.021
0.155345
0.13986
0.180729
0.205295
0.165
0.2235
0.205397
0.1075
0.154845
0.135432
0.009995
0.184
0.142929
0.00798403
0.191904
0.16
0.1285
0.25974
0.18091
0.161919
0.174413
0.158841
0.2275
0.2125
0.195305
0.226887
0.169
0.182136
0.145282
0.148
0.172
0.2004
0.232884
0.1375
0.0729635
0.144928
0.161838
0.171914
0.1999
0.17982
0.197
0.205397
0.00849575
0.0189621
0.14043
0.204
0.00749251
0.175912
0.00898652
0.163
0.165252
0.207896
0.125811
0.175
0.202899
0.15
0.2004
0.195414
0.171828
0.1355
0.204693
0.1155
0.177411
0.024
0.217283
0.184
0.2002
0.0104948
0.106
0.20798
0.1685
0.181818
0.151848
0.184
0.207
0.224888
0.0575
0.1985
0.00849575
0.193
0.133
0.1875
0.189
0.212894
0.16026
0.1755
0.168916
0.160839
0.195
0.14678
0.133367
0.221279
0.180819
0.1535
0.0105
0.166334
0.200599
0.226387
0.0304848
0.210395
0.194
0.1895
0.187906
0.1615
0.146427
0.175325
0.008
0.252874
0.198401
0.01
0.137363
0.156266
0.111832
0.00748503
0.189905
0.237762
0.142715
0.150425
0.194
0.2095
0.237381
0.022977
0.191
0.0209895
0.0125
0.172914
0.1725
0.192
0.147426
0.141787
0.009
0.2225
0.19031
0.211289
0.017
0.220559
0.252874
0.008
0.00549725
0.22039
0.177
0.162919
0.2045
0.0055
0.231
0.135432
0.166917
0.219281
0.2205
0.1675
0.006
0.2025
0.142715
0.182726
0.2265
0.206397
0.203398
0.166917
0.1785
0.211788
0.209082
0.1455
0.0115
0.063
0.161677
0.158421
0.189
0.165917
0.164918
0.172156
0.2215
0.1935
0.1635
0.216392
0.1755
0.189
0.242
0.227659
0.192904
0.164
0.177323
0.161
0.171828
0.153423
0.2235
0.190809
0.207
0.15
0.178411
0.017991
0.128436
0.006
0.15035
0.1765
0.0964518
0.14043
0.0149925
0.003
0.158184
0.025974
0.181409
0.1215
0.168831
0.237263
0.164418
0.024
0.0169915
0.1535
0.22089
0.186
0.154423
0.242
0.191309
0.0134663
0.208188
0.235382
0.086783
0.1999
0.191904
0.244878
0.18041
0.204
0.187313
0.214393
0.1495
0.222666
0.166
0.157921
0.234648
0.227886
0.153423
0.172741
0.16034
0.196
0.126937
0.182409
0.166917
0.0265
0.210395
0.1998
0.156422
0.152348
0.2115
0.1945
0.0949525
0.162338
0.117941
0.186
0.160759
0.0114828
0.14678
0.175
0.246877
0.176236
0.205985
0.220837
0.1395
0.131434
0.19
0.178
0.1205
0.143428
0.155267
0.1975
0.174413
0.179321
0.17973
0.195305
0.1625
0.213
0.203898
0.215392
0.2285
0.202399
0.174913
0.24
0.193
0.0134933
0.234266
0.1855
0.167
0.2075
0.1605
0.233267
0.00798403
0.151924
0.19031
0.2025
0.13943
0.167748
0.101348
0.16042
0.2005
0.195402
0.101348
0.175736
0.187
0.161
0.151
0.135432
0.183816
0.137363
0.17
0.175736
0.141359
0.172
0.227273
0.149925
0.21008
0.202399
0.1485
0.160759
0.176
0.176
0.197901
0.169415
0.1985
0.185907
0.178
0.142715
0.1875
0.183317
0.216
0.204898
0.195609
0.123377
0.1605
0.235382
0.1825
0.193
0.1665
0.156922
0.17941
0.152847
0.160759
0.01
0.22028
0.2235
0.142857
0.151848
0.187812
0.184631
0.0069965
0.0149775
0.134
0.174913
0.197007
0.181
0.216
0.152771
0.170915
0.170075
0.213786
0.178911
0.203
0.181409
0.1935
0.1905
0.184908
0.0429356
0.186407
0.229271
0.2005
0.234266
0.1485
0.0534466
0.205192
0.191904
0.2025
0.193903
0.122
0.154
0.262869
0.00798403
0.153923
0.2345
0.163918
0.139
0.17991
0.192404
0.006
0.187219
0.2205
0.0429356
0.211183
0.17033
0.182
0.157186
0.140719
0.208396
0.14521
0.168
0.1875
0.196803
0.223
0.185222
0.0134933
0.0095
0.1994
0.0189905
0.161919
0.1535
0.0935
0.212894
0.0114828
0.013
0.202
0.214393
0.1495
0.167416
0.172156
0.2325
0.14
0.160759
0.172328
0.220837
0.2375
0.231
0.187
0.117941
0.2025
0.009995
0.1855
0.181
0.1985
0.211577
0.0489755
0.18041
0.18041
0.182817
0.134
0.153423
0.21008
0.1999
0.127936
0.122439
0.0114943
0.009995
0.221778
0.2
0.1505
0.1775
0.208873
0.21
0.2045
0.1485
0.228
0.141359
0.194708
0.1765
0.2045
0.197
0.2095
0.170075
0.188811
0.210684
0.2145
0.192
0.153846
0.184908
0.0324838
0.2035
0.171828
0.197401
0.162919
0.22039
0.142358
0.227772
0.2165
0.226887
0.214678
0.2705
0.151924
0.185222
0.223776
0.159261
0.1925
0.208
0.012
0.152924
0.210895
0.222167
0.178911
0.1395
0.1455
0.22039
0.205691
0.201399
0.178911
0.182817
0.2002
0.146
0.1095
0.00748877
0.1925
0.155
0.2045
0.1835
0.00449102
0.195902
0.166
0.0144928
0.015992
0.227659
0.1994
0.127436
0.097951
0.178911
0.0725
0.16026
0.2235
0.205897
0.104948
0.179
0.2395
0.25025
0.217174
0.174413
0.15942
0.149425
0.190405
0.156922
0.173826
0.191808
0.175
0.181909
0.1925
0.230654
0.214
0.0185
0.161838
0.0055
0.166251
0.135932
0.224
0.219062
0.151924
0.221279
0.182
0.1375
0.166334
0.212894
0.211894
0.177411
0.184408
0.218781
0.2
0.161838
0.142929
0.1605
0.1335
0.205295
0.193
0.185629
0.214678
0.19031
0.229385
0.155
0.00798403
0.25974
0.130435
0.0204898
0.1185
0.14
0.212182
0.1665
0.203297
0.1655
0.191404
0.165834
0.1675
0.191904
0.143
0.156422
0.158421
0.193403
0.228158
0.131868
0.135432
0.007
0.168416
0.200799
0.155422
0.151424
0.232884
0.195902
0.211394
0.003998
0.151273
0.1785
0.196607
0.1335
0.23
0.210895
0.214678
0.2175
0.166417
0.190405
0.2185
0.166334
0.1895
0.200799
0.168416
0.209685
0.148777
0.1095
0.184723
0.209
0.192904
0.22028
0.144855
0.1845
0.198401
0.11994
0.154
0.196206
0.1435
0.159601
0.1445
0.191404
0.2265
0.189311
0.0085
0.217283
0.230654
0.216
0.148
0.196304
0.166
0.0195
0.125312
0.214571
0.192807
0.191
0.149925
0.157
0.163836
0.008
0.208873
0.182409
0.1995
0.2235
0.015976
0.148851
0.0679321
0.132434
0.155
0.00698952
0.189905
0.1455
0.187812
0.1665
0.131934
0.232
0.187313
0.05
0.2075
0.198702
0.0955
0.148777
0.187313
0.2445
0.184224
0.135
0.158263
0.206
0.0309845
0.0105
0.128936
0.187
0.168332
0.1525
0.1625
0.1995
0.178
0.220559
0.164254
0.1545
0.219281
0.101
0.165
0.234765
0.155267
0.126437
0.021989
0.216
0.1805
0.152847
0.1515
0.166917
0.187
0.1865
0.178
0.16034
0.145282
0.1635
0.183225
0.172
0.192212
0.189
0.213
0.198401
0.0134663
0.178
0.171828
0.2215
0.139291
0.149925
0.134366
0.0044955
0.13
0.135432
0.193709
0.129435
0.14043
0.176647
0.1999
0.147926
0.166
0.199301
0.00549725
0.131
0.123938
0.152771
0.219
0.223277
0.166
0.183
0.189
0.201798
0.229271
0.2175
0.2345
0.1375
0.177323
0.190809
0.181
0.157
0.205794
0.1725
0.197802
0.176
0.157
0.192
0.132302
0.15942
0.141359
0.123438
0.183
0.135432
0.160759
0.132867
0.166417
0.132801
0.204
0.227772
0.181
0.216
0.185
0.255372
0.148777
0.182409
0.0534466
0.1215
0.0725
0.184224
0.1455
0.169331
0.163918
0.187
0.212
0.1935
0.147778
0.1535
0.167
0.192
0.012475
0.182817
0.164418
0.165917
0.0069965
0.165417
0.17991
0.128
0.177645
0.232
0.216783
0.211788
0.216892
0.163
0.185907
0.223553
0.198
0.0249875
0.258871
0.132434
0.00549725
0.177733
0.101348
0.152
0.213
0.178322
0.211
0.184815
0.193613
0.00949051
0.198401
0.0095
0.163418
0.207
0.2009
0.1965
0.238
0.152
0.241879
0.0918622
0.176412
0.209
0.01
0.0235
0.123377
0.1475
0.2225
0.00949525
0.187
0.2175
0.178322
0.1945
0.184316
0.0065
0.191404
0.235382
0.00799201
0.153
0.175912
0.017991
0.128436
0.172328
0.184316
0.22039
0.003998
0.101898
0.211394
0.152348
0.172
0.2115
0.161838
0.176
0.2004
0.0104948
0.177323
0.1785
0.162
0.198
0.0679321
0.192711
0.177323
0.210895
0.241879
0.233
0.211
0.220559
0.009995
0.1935
0.207
0.177645
0.1755
0.2009
0.0174913
0.117941
0.0264471
0.254873
0.174913
0.213679
0.013
0.175912
0.21
0.2225
0.0104895
0.0264603
0.166
0.165417
0.0184723
0.1998
0.227886
0.148
0.178911
0.174913
0.148278
0.222
0.00798403
0.166334
0.135
0.225887
0.2105
0.158921
0.1875
0.2395
0.227886
0.160759
0.1125
0.1998
0.134433
0.1095
0.0174913
0.00749625
0.187718
0.159261
0.181818
0.186
0.222167
0.212894
0.177911
0.0189621
0.1935
0.14036
0.1345
0.193307
0.153423
0.0175
0.006
0.1445
0.211394
0.189405
0.276
0.0334498
0.168332
0.234648
0.168747
0.224888
0.129435
0.178411
0.17
0.20979
0.208
0.189905
0.165
0.2175
0.128
0.1905
0.205397
0.135932
0.19
0.175912
0.158
0.1775
0.149925
0.2205
0.162919
0.156843
0.21978
0.1395
0.209
0.214
0.18672
0.121439
0.0918622
0.117941
0.199
0.177323
0.124438
0.167
0.1335
0.005997
0.138
0.2035
0.161838
0.191404
0.0949525
0.219062
0.006
0.192212
0.214286
0.21939
0.186407
0.161838
0.196206
0.1455
0.012475
0.1895
0.15992
0.1925
0.2215
0.0115
0.166334
0.2415
0.0125
0.1775
0.00749625
0.205897
0.139291
0.013993
0.245255
0.1885
0.194903
0.227386
0.208896
0.213
0.183816
0.136432
0.17982
0.224
0.182136
0.0264471
0.216892
0.159601
0.216
0.19321
0.216392
0.167
0.209
0.1925
0.1775
0.149351
0.189
0.2055
0.192
0.171414
0.205
0.174
0.161
0.006
0.020979
0.0105
0.153923
0.208873
0.118941
0.1004
0.134433
0.199
0.012
0.223665
0.184408
0.17
0.158841
0.185814
0.0035
0.134366
0.1735
0.174
0.213573
0.134
0.1765
0.146927
0.0309845
0.176412
0.132434
0.00249626
0.213679
0.15984
0.212
0.21939
0.145355
0.1785
0.165834
0.205192
0.0104948
0.205295
0.234648
0.172741
0.212894
0.172328
0.227886
0.162919
0.184
0.190215
0.171828
0.176
0.201299
0.135932
0.0174913
0.189
0.140859
0.00549451
0.0104843
0.1945
0.2265
0.0489755
0.238143
0.194708
0.1935
0.133
0.1515
0.0055
0.166417
0.131369
0.1635
0.207
0.14043
0.2145
0.211394
0.0265
0.01
0.168
0.187
0.178821
0.184908
0.193114
0.2
0.169415
0.1605
0.137363
0.154269
0.235382
0.1785
0.1935
0.139
0.176
0.1765
0.230654
0.0105
0.21008
0.219
0.139291
0.0065
0.128436
0.0085
0.1785
0.110445
0.23938
0.1455
0.187313
0.0135
0.130435
0.181
0.2145
0.184224
0.1545
0.235382
0.221557
0.1915
0.168
0.21989
0.176912
0.151424
0.00698603
0.208084
0.137931
0.166334
0.2235
0.2245
0.1565
0.158
0.013993
0.013
0.1465
0.029985
0.0204898
0.155
0.143928
0.1755
0.203694
0.168
0.132434
0.174
0.003996
0.143928
0.193
0.210684
0.178821
0.144212
0.158
0.190405
0.172
0.2245
0.1455
0.198401
0.1845
0.181909
0.138
0.144
0.152348
0.164918
