0.007996
0.140859
0.181
0.0129805
0.0135
0.179
0.183317
0.1675
0.196
0.173
0.195804
0.13943
0.169415
0.144356
0.172914
0.181
0.1665
0.142429
0.1785
0.105947
0.128936
0.158603
0.143928
0.183724
0.196902
0.190405
0.094
0.1845
0.151
0.201098
0.140859
0.146707
0.167333
0.167916
0.133
0.146707
0.1785
0.023
0.196607
0.147926
0.117441
0.191309
0.168
0.012987
0.178821
0.184815
0.2065
0.168
0.16
0.215392
0.124438
0.176
0.179321
0.191808
0.1425
0.0285
0.1695
0.11
0.183633
0.00748503
0.137862
0.1405
0.2035
0.0104895
0.203398
0.175824
0.166
0.015
0.1445
0.173913
0.145427
0.174413
0.19031
0.166833
0.169915
0.00949051
0.168332
0.162176
0.161919
0.0124938
0.13
0.168332
0.010479
0.137
0.2055
0.1815
0.1465
0.1715
0.158762
0.1645
0.184539
0.00849575
0.141929
0.141359
0.106893
0.1645
0.14093
0.201198
0.0389805
0.1405
0.162837
0.191404
0.191309
0.1725
0.171243
0.176
0.157186
0.18041
0.0244878
0.1195
0.118
0.135432
0.169162
0.1355
0.135796
0.168916
0.167916
0.162756
0.165252
0.166
0.154269
0.115942
0.1465
0.190809
0.162837
0.192
0.183
0.0105
0.184408
0.015
0.191309
0.0985
0.0114885
0.155922
0.007996
0.01999
0.164172
0.159
0.137931
0.1565
0.1635
0.0209895
0.0504748
0.115884
0.2045
0.0914086
0.0175
0.162338
0.0244878
0.120259
0.1835
0.1655
0.007996
0.007996
0.00649675
0.121
0.173913
0.169
0.0109835
0.135932
0.013
0.175912
0.0884558
0.193903
0.1565
0.175
0.158921
0.177
0.0124938
0.131238
0.1395
0.191309
0.157
0.007996
0.1515
0.184408
0.122
0.15942
0.135432
0.15992
0.217
0.0234531
0.185
0.127
0.1135
0.204591
0.2045
0.0878682
0.1525
0.009995
0.1405
0.183908
0.142
0.191404
0.178821
0.208188
0.154923
0.0169915
0.14093
0.1405
0.143357
0.177822
0.0908184
0.2
0.165087
0.0609391
0.166667
0.159341
0.163418
0.146707
0.1185
0.0803794
0.173826
0.0848727
0.114943
0.194403
0.188906
0.0365
0.175736
0.145781
0.007996
0.151424
0.207189
0.183908
0.15519
0.192711
0.17033
0.177
0.152348
0.158
0.011994
0.145355
0.114443
0.148
0.161258
0.124875
0.011994
0.116442
0.196
0.167916
0.1885
0.179231
0.230769
0.175736
0.185
0.146707
0.0895
0.1795
0.152
0.167
0.193403
0.169415
0.133799
0.208
0.124251
0.215392
0.183225
0.151
0.1875
0.143285
0.189405
0.169
0.0184908
0.177733
0.167416
0.161
0.15942
0.142857
0.1795
0.159
0.135297
0.191309
0.013
0.1605
0.114443
0.174
0.004995
0.166417
0.149276
0.179052
0.123377
0.161919
0.0819181
0.1585
0.1725
0.147353
0.142786
0.172914
0.1495
0.191309
0.193903
0.00747757
0.007
0.1685
0.1655
0.167416
0.1955
0.169
0.208396
0.114656
0.183225
0.134933
0.14093
0.153194
0.171
0.1485
0.185407
0.202197
0.0614693
0.163337
0.1685
0.121939
0.15942
0.128436
0.141359
0.208188
0.161919
0.0124938
0.012
0.0895
0.188906
0.1085
0.134433
0.206793
0.117
0.0075
0.163836
0.0075
0.157421
0.0964036
0.143
0.162176
0.101
0.162
0.194805
0.189
0.1565
0.1805
0.173413
0.185907
0.162
0.137363
0.1655
0.208896
0.1325
0.112219
0.1975
0.135432
0.141929
0.14093
0.1445
0.147852
0.15
0.173826
0.187313
0.167916
0.136
0.1645
0.166917
0.004
0.141929
0.183
0.182318
0.125874
0.123377
0.00649675
0.1915
0.0165
0.154845
0.104343
0.0175
0.1615
0.129
0.147
0.148
0.208188
0.191808
0.165917
0.16092
0.1875
0.195
0.0085
0.1465
0.0614693
0.109945
0.0174913
0.00649675
0.193403
0.1565
0.169915
0.181409
0.16026
0.159341
0.178643
0.152348
0.1985
0.1765
0.1515
0.1215
0.1455
0.1285
0.188
0.031968
0.158342
0.177411
0.171414
0.156922
0.195207
0.167916
0.163092
0.0124938
0.195
0.183317
0.0154923
0.1495
0.039
0.162257
0.158921
0.159
0.1755
0.158921
0.197802
0.009
0.193903
0.153347
0.0994503
0.148
0.202096
0.18041
0.0089955
0.151697
0.125937
0.0539461
0.177911
0.147353
0.163
0.015992
0.1915
0.191904
0.103397
0.17941
0.009995
0.172
0.1605
0.161339
0.18041
0.159
0.170915
0.1955
0.183317
0.138861
0.17941
0.117
0.15
0.1225
0.077
0.192308
0.158421
0.0229885
0.206191
0.1655
0.009
0.185
0.1395
0.129935
0.198702
0.1835
0.151424
0.1525
0.1755
0.1385
0.0609695
0.0309845
0.0155
0.169162
0.174413
0.205691
0.115942
0.1995
0.158
0.195305
0.00449775
0.1265
0.106287
0.145355
0.1997
0.0225
0.202399
0.0124938
0.121379
0.179
0.141929
0.1315
0.146281
0.134433
0.137931
0.123876
0.1485
0.114656
0.177234
0.157
0.134433
0.186407
0.1675
0.208396
0.0454773
0.194403
0.158421
0.1445
0.161
0.175
0.173913
0.144356
0.143285
0.13
0.170915
0.187406
0.0925
0.01
0.150425
0.173413
0.172
0.1075
0.142429
0.1845
0.015
0.0309845
0.179
0.1635
0.131303
0.189905
0.176412
0.131434
0.217
0.147
0.181228
0.15
0.153846
0.0695
0.168916
0.0304695
0.0069965
0.178911
0.1975
0.153347
0.011994
0.178055
0.149276
0.177234
0.1585
0.133
0.0175
0.188218
0.163255
0.013
0.167416
0.01999
0.202899
0.206191
0.2005
0.0115
0.00649351
0.1205
0.188406
0.162919
0.147
0.1315
0.121
0.0269865
0.148926
0.036
0.2009
0.155
0.174326
0.1575
0.0135
0.192308
0.130435
0.106287
0.175824
0.145
0.0539461
0.0895
0.173327
0.0204898
0.1995
0.1305
0.1515
0.00549451
0.180957
0.137
0.1475
0.183541
0.1715
0.126
0.1465
0.177411
0.109391
0.156422
0.00849151
0.165834
0.125312
0.2025
0.167
0.158
0.1395
0.145781
0.137363
0.0175
0.16034
0.208
0.216892
0.1004
0.206294
0.196902
0.144
0.135297
0.1575
0.206897
0.163092
0.156
0.00949525
0.1997
0.01
0.201198
0.128
0.168332
0.171
0.0124938
0.0235
0.153
0.1525
0.194
0.0885
0.0928607
0.191404
0.183541
0.00649675
0.178233
0.162338
0.142786
0.013
0.13
0.1565
0.1315
0.1615
0.171414
0.158921
0.102949
0.160759
0.0145
0.146427
0.183908
0.1775
0.141
0.188
0.007
0.174326
0.169246
0.161838
0.1735
0.009
0.19031
0.124438
0.1115
0.1775
0.177822
0.143928
0.1205
0.133933
0.140859
0.0155
0.114443
0.135932
0.143928
0.176324
0.153923
0.1415
0.183724
0.17
0.124314
0.166917
0.172827
0.1595
0.163836
0.17941
0.012
0.0124938
0.168831
0.178821
0.143928
0.1675
0.1655
0.0175
0.105
0.1575
0.131434
0.194015
0.128436
0.131868
0.178411
0.136
0.115884
0.196902
0.193613
0.145
0.137431
0.194403
0.0928607
0.145781
0.131238
0.013986
0.00699301
0.180957
0.139
0.1615
0.191904
0.0155
0.11994
0.180549
0.161838
0.179
0.193403
0.146853
0.133234
0.007996
0.192404
0.1475
0.12
0.136932
0.163
0.1065
0.183225
0.177911
0.147353
0.128
0.11994
0.181228
0.1945
0.1685
0.0104948
0.166833
0.149775
0.127872
0.161339
0.00598802
0.116442
0.12
0.203796
0.166917
0.136
0.121878
0.152924
0.13
0.171414
0.129
0.162419
0.2
0.004
0.1175
0.1415
0.009
0.164
0.11039
0.192904
0.199
0.124938
0.164418
0.168332
0.184815
0.118941
0.129935
0.163
0.114885
0.172827
0.184815
0.1945
0.121696
0.1375
0.16
0.173327
0.112
0.138931
0.141
0.0993014
0.143928
0.170915
0.151848
0.166
0.1375
0.011988
0.208687
0.196206
0.159
0.1545
0.1333
0.143428
0.103345
0.115942
0.163836
0.181
0.0105
0.196803
0.133
0.125811
0.122439
0.007
0.181409
0.121939
0.0164918
0.0895
0.1735
0.1615
0.206
0.13943
0.205295
0.185721
0.215392
0.13986
0.159
0.192308
0.023
0.192615
0.147
0.0803794
0.076
0.203694
0.1895
0.1725
0.163836
0.153923
0.141359
0.1765
0.1495
0.144428
0.132434
0.023988
0.023
0.0075
0.176324
0.0969515
0.115942
0.151924
0.167249
0.1835
0.141359
0.1615
0.114943
0.128
0.199
0.1495
0.168831
0.0065
0.1175
0.168916
0.162419
0.11994
0.00749625
0.148
0.168332
0.104448
0.144356
0.164918
0.1975
0.193403
0.121439
0.004995
0.194015
0.0115
0.2065
0.182726
0.129
0.194403
0.156843
0.1565
0.138861
0.176324
0.167333
0.1495
0.161339
0.144711
0.00747757
0.147
0.1425
0.14093
0.165586
0.154269
0.151924
0.161258
0.0289855
0.188811
0.172
0.191309
0.1765
0.142
0.019
0.181
0.175824
0.143856
0.125874
0.195
0.123814
0.14
0.193709
0.0124938
0.1415
0.162338
0.109945
0.201899
0.0114943
0.175
0.1815
0.171329
0.155
0.151
0.164506
0.167832
0.175412
0.128936
0.195402
0.179
0.1685
0.154423
0.162419
0.00399202
0.182409
0.2
0.174413
0.012
0.0864568
0.159
0.13979
0.141429
0.151
0.1445
0.1725
0.189905
0.0733899
0.1465
0.156422
0.1315
0.193709
0.1845
0.16034
0.144
0.186314
0.178411
0.1635
0.188406
0.1725
0.1545
0.175736
0.166833
0.0284858
0.16092
0.1825
0.16034
0.136228
0.14093
0.0304695
0.171657
0.177911
0.189
0.192904
0.162419
0.154423
0.186907
0.17973
0.0069965
0.177822
0.181409
0.173826
0.173413
0.146853
0.114443
0.15992
0.0365
0.1615
0.167
0.161
0.179231
0.19031
0.189
0.0983525
0.187313
0.0109835
0.112332
0.0105
0.146427
0.173
0.191808
0.114885
0.153846
0.0275
0.179231
0.007
0.007
0.1925
0.163
0.1395
0.178643
0.1997
0.1755
0.142715
0.171828
0.184815
0.148
0.16
0.145
0.136
0.174413
0.0925
0.178411
0.146707
0.204898
0.15942
0.207792
0.142
0.144428
0.1645
0.00747757
0.170915
0.171914
0.1635
0.135432
0.206294
0.007
0.187313
0.00699301
0.1635
0.191904
0.18041
0.1915
0.2205
0.17
0.164835
0.0225
0.131934
0.138362
0.198901
0.168
0.191309
0.182409
0.1715
0.206294
0.0824588
0.1155
0.1605
0.1565
0.189405
0.0304695
0.174413
0.158
0.161339
0.105
0.172741
0.1725
0.206191
0.162594
0.174413
0.155922
0.138931
0.004
0.00649675
0.198702
0.1405
0.131434
0.147
0.1445
0.11039
0.1645
0.0884558
0.1485
0.008
0.181
0.217
0.174239
0.158342
0.1215
0.165335
0.1325
0.135932
0.158263
0.208896
0.159341
0.164
0.173
0.150774
0.153
0.138
0.016
0.1385
0.127246
0.1325
0.19
0.1595
0.2045
0.0124938
0.0733899
0.14
0.185814
0.162419
0.139
0.158762
0.181
0.1735
0.183408
0.129935
0.0145
0.120259
0.145
0.203398
0.015
0.16
0.133234
0.0225
0.173
0.184408
0.1715
0.2155
0.205295
0.192404
0.183225
0.171329
0.0249626
0.198504
0.00699301
0.1095
0.023
0.173413
0.1325
0.154423
0.163174
0.123814
0.1585
0.147279
0.125937
0.191
0.191
0.17991
0.129
0.1385
0.226
0.1785
0.207688
0.17324
0.206
0.217
0.176412
0.191
0.175736
0.168332
0.192404
0.127808
0.1615
0.191904
0.1
0.125937
0.161838
0.190809
0.00699301
0.1715
0.136432
0.1615
0.185222
0.181
0.116942
0.17941
0.159
0.149
0.1675
0.1735
0.178911
0.112831
0.175824
0.0204795
0.1925
0.2005
0.15035
0.177
0.164
0.178411
0.17941
0.00849575
0.009995
0.137
0.18041
0.167748
0.141429
0.1465
0.161
0.151924
0.200799
0.138861
0.188218
0.0175
0.164506
0.1925
0.178055
0.166833
0.1615
0.1675
0.159341
0.1615
0.16675
0.179231
0.0235
0.132434
0.172914
0.13523
0.191904
0.127872
0.0365
0.189405
0.206294
0.180957
0.167333
0.175912
0.009
0.1835
0.193806
0.147353
0.113829
0.192
0.159341
0.13
0.171657
0.0155
0.190405
0.110445
0.176236
0.1275
0.128
0.1095
0.203796
0.165751
0.217
0.154269
0.01
0.184815
0.1445
0.162419
0.153693
0.18091
0.182726
0.0104895
0.193403
0.13979
0.1665
0.194
0.15327
0.142429
0.0205
0.18041
0.1215
0.154923
0.0194805
0.2115
0.146427
0.152924
0.162837
0.121939
0.168
0.173826
0.116442
0.1505
0.17941
0.146707
0.1325
0.128936
0.174413
0.167416
0.178411
0.015976
0.178821
0.204898
0.173413
0.0594703
0.0269865
0.126437
0.188312
0.161
0.193403
0.00849575
0.195402
0.192904
0.181818
0.0955
0.124314
0.132434
0.1995
0.166417
0.1935
0.128372
0.164336
0.1565
0.201098
0.168
0.0205
0.149775
0.1775
0.017991
0.134299
0.00549451
0.1825
0.163337
0.167916
0.125874
0.1835
0.179321
0.151924
0.1105
0.154
0.117
0.144928
0.196402
0.0129935
0.208896
0.192
0.188
0.161919
0.171
0.161258
0.116442
0.193403
0.133
0.123377
0.196607
0.172
0.124438
0.216675
0.131
0.184815
0.162594
0.12038
0.1585
0.136228
0.184815
0.009995
0.083958
0.143357
0.166
0.0185
0.158
0.192
0.1385
0.185
0.157
0.161838
0.158342
0.1495
0.188312
0.00849575
0.010479
0.0733899
0.1135
0.151
0.205295
0.012475
0.1375
0.131434
0.0994503
0.1595
0.0105
0.1765
0.2155
0.157
0.0169915
0.175
0.1725
0.143357
0.153
0.1485
0.147279
0.134299
0.162338
0.013
0.137931
0.187
0.1765
0.147
0.175
0.167748
0.162419
0.151848
0.163
0.1385
0.206
0.125937
0.0124938
0.1994
0.0195
0.109945
0.01
0.132434
0.172914
0.131434
0.0994503
0.194403
0.206897
0.225162
0.165917
0.114443
0.016
0.167416
0.173913
0.1965
0.138861
0.185
0.195706
0.138
0.1925
0.161
0.127936
0.179231
0.1915
0.143
0.023
0.157421
0.1665
0.167916
0.206294
0.18023
0.011994
0.0425
0.118
0.01999
0.189405
0.124376
0.15992
0.185407
0.169915
0.181409
0.176412
0.162
0.0269865
0.167
0.1695
0.0609695
0.136228
0.185315
0.13
0.169331
0.18981
0.146427
0.078
0.192711
0.154
0.1785
0.144428
0.18032
0.198401
0.027986
0.1635
0.0129805
0.178911
0.181
0.120259
0.1205
0.16
0.149
0.17941
0.031984
0.11
0.167832
0.121379
0.135432
0.156422
0.175824
0.15035
0.217673
0.138931
0.166833
0.176412
0.17941
0.171329
0.0634683
0.121696
0.182909
0.197802
0.148
0.0249626
0.173413
0.194708
0.161838
0.128
0.203796
0.185814
0.023
0.193903
0.1575
0.185407
0.199
0.135297
0.0149925
0.174413
0.168916
0.15
0.191
0.1385
