0.168416
0.211577
0.222278
0.22028
0.257
0.216783
0.188
0.2605
0.2165
0.2525
0.235
0.2125
0.21
0.195
0.215392
0.1925
0.208375
0.2415
0.223888
0.221
0.257
0.235382
0.2445
0.2545
0.211394
0.206897
0.17941
0.218282
0.240519
0.210684
0.249375
0.1715
0.16983
0.197401
0.2465
0.2395
0.0864568
0.188218
0.00748877
0.265
0.228886
0.234266
0.241
0.240759
0.18
0.225
0.216392
0.00949051
0.24088
0.2395
0.232268
0.226387
0.245
0.0044955
0.22017
0.216783
0.238024
0.223888
0.228386
0.1998
0.256244
0.2195
0.2555
0.23004
0.231768
0.00648379
0.245
0.2235
0.208
0.221389
0.237644
0.2305
0.011477
0.231
0.201
0.2175
0.235882
0.229885
0.2015
0.215892
0.253247
0.24
0.170415
0.2445
0.209581
0.239141
0.2485
0.206897
0.0075
0.1785
0.252374
0.248751
0.189405
0.0085
0.243756
0.223
0.2225
0.244256
0.2235
0.0075
0.252874
0.204
0.217391
0.1795
0.265102
0.233
0.237762
0.249
0.214
0.194903
0.2105
0.22028
0.242379
0.155922
0.202899
0.201
0.188
0.236645
0.21318
0.2075
0.212894
0.211
0.265867
0.214785
0.224775
0.2165
0.265734
0.261608
0.203
0.206294
0.0864568
0.239
0.254618
0.256372
0.215892
0.217283
0.0114943
0.237881
0.2555
0.232384
0.256487
0.1935
0.246377
0.2205
0.202899
0.223
0.207
0.26024
0.214
0.222167
0.204296
0.208687
0.0114885
0.204398
0.262
0.221778
0.244256
0.2075
0.19
0.234648
0.233766
0.182318
0.22028
0.186221
0.252248
0.235
0.26087
0.205897
0.2155
0.233883
0.2575
0.229541
0.256743
0.248751
0.222167
0.197204
0.211894
0.240519
0.242
0.22977
0.2365
0.2235
0.187625
0.212681
0.2495
0.211788
0.257
0.169415
0.192404
0.2465
0.232
0.221
0.229156
0.242
0.274863
0.244878
0.218282
0.26
0.221778
0.223
0.22017
0.222
0.2445
0.265734
0.20979
0.215569
0.234266
0.221389
0.23365
0.230885
0.207
0.267732
0.017991
0.221778
0.1945
0.223776
0.268098
0.0044955
0.22039
0.195402
0.236763
0.222389
0.1855
0.234765
0.211
0.241
0.231653
0.2035
0.258
0.009995
0.221389
0.205794
0.187406
0.258371
0.237762
0.213893
0.238381
0.235265
0.187
0.216392
0.2245
0.2585
0.2025
0.229885
0.243
0.1985
0.2615
0.204898
0.167665
0.0115
0.21
0.1725
0.2435
0.248
0.246377
0.254745
0.233
0.212182
0.186221
0.26087
0.188
0.01
0.2205
0.23315
0.24088
0.188811
0.201899
0.218391
0.2425
0.0055
0.247
0.2305
0.224
0.226387
0.1805
0.234
0.213393
0.2165
0.268098
0.188
0.228657
0.228386
0.243878
0.1785
0.2095
0.213893
0.241895
0.242
0.276224
0.152272
0.248627
0.251874
0.221778
0.212288
0.204795
0.2635
0.2725
0.231884
0.2485
0.24038
0.234149
0.212288
0.176
0.233267
0.224388
0.24038
0.22089
0.261
0.2405
0.2115
0.224164
0.243135
0.248376
0.228886
0.23315
0.248
0.246377
0.274177
0.225162
0.204795
0.226387
0.2555
0.195804
0.223888
0.266966
0.2115
0.204795
0.242636
0.2585
0.251874
0.23
0.1875
0.205691
0.203
0.263605
0.221389
0.269
0.2305
0.21939
0.251874
0.1725
0.281578
0.2275
0.216783
0.224388
0.238381
0.226773
0.194903
0.207396
0.2465
0.26037
0.253247
0.2425
0.192904
0.0069965
0.243
0.199
0.24
0.2195
0.26
0.21318
0.213893
0.217891
0.261369
0.249875
0.206397
0.194
0.2555
0.24
0.225387
0.23938
0.2585
0.2045
0.2125
0.196402
0.2295
0.2465
0.2385
0.229385
0.202197
0.256743
0.193307
0.195804
0.215
0.2205
0.158
0.233267
0.25
0.0135
0.233
0.252248
0.2205
0.248
0.208978
0.2715
0.2005
0.2665
0.256372
0.284858
0.1965
0.1965
0.195
0.0155
0.228886
0.24026
0.247876
0.22028
0.00999001
0.2095
0.215676
0.211894
0.2605
0.234765
0.209895
0.203898
0.251
0.1975
0.266367
0.2365
0.2215
0.2145
0.231768
0.23938
0.241879
0.188
0.22028
0.223388
0.267366
0.198203
0.274177
0.2355
0.276362
0.2725
0.2525
0.23
0.223277
0.232268
0.254246
0.283358
0.215
0.243257
0.224276
0.275
0.265235
0.231
0.248376
0.233383
0.2135
0.229885
0.1985
0.1935
0.232767
0.202399
0.2335
0.227159
0.2555
0.2715
0.238
0.257114
0.189405
0.1765
0.187406
0.1885
0.26087
0.0075
0.2195
0.263868
0.23988
0.245
0.234
0.241138
0.197703
0.23938
0.239022
0.233
0.254618
0.235
0.227
0.231
0.0044955
0.174326
0.261
0.213893
0.1575
0.2205
0.184815
0.14
0.2405
0.225275
0.2205
0.228272
0.2425
0.229885
0.203
0.223388
0.228044
0.259241
0.2395
0.2285
0.240519
0.233
0.0045
0.197901
0.179
0.209895
0.2555
0.209395
0.264
0.2335
0.206191
0.207
0.246254
0.259241
0.2265
0.2135
0.2585
0.1595
0.2285
0.252874
0.208896
0.2835
0.2155
0.219
0.2215
0.233883
0.0109726
0.215892
0.2125
0.235
0.251
0.228272
0.2545
0.0135
0.00548628
0.223
0.264603
0.217283
0.212288
0.2275
0.213893
0.232268
0.1315
0.245
0.215784
0.220669
0.212
0.218173
0.2115
0.21939
0.2115
0.2385
0.2265
0.227772
0.248
0.194403
0.207
0.1995
0.251
0.2305
0.187
0.216
0.281578
0.253373
0.24088
0.0109726
0.276224
0.230424
0.263868
0.243878
0.265867
0.215784
0.132867
0.197703
0.234883
0.250375
0.244878
0.2385
0.248751
0.224388
0.204795
0.243257
0.19
0.0055
0.221168
0.242879
0.231269
0.251748
0.227
0.0194805
0.189715
0.232384
0.220669
0.262869
0.236882
0.206897
0.222167
0.0044955
0.234765
0.212575
0.0114943
0.189715
0.231884
0.218282
0.21989
0.188811
0.283358
0.2515
0.228
0.2635
0.254
0.181727
0.252621
0.218672
0.228386
0.197401
0.195
0.2175
0.241879
0.224
0.2285
0.251874
0.2225
0.212
0.218391
0.207
0.274588
0.240519
0.175412
0.217891
0.197703
0.256116
0.212394
0.2675
0.228272
0.253873
0.01
0.227159
0.254745
0.001999
0.1975
0.2395
0.2495
0.196
0.252621
0.262869
0.213287
0.246377
0.202197
0.201899
0.1995
0.0149701
0.225
0.232384
0.221778
0.263868
0.210395
0.262
0.189
0.24975
0.2275
0.263368
0.231
0.219281
0.218
0.232884
0.2225
0.24
0.189
0.213
0.235382
0.2095
0.235
0.211289
0.261216
0.226887
0.256615
0.0305
0.238143
0.2275
0.223388
0.2355
0.252248
0.247505
0.216
0.234
0.190809
0.2655
0.252874
0.1885
0.218
0.2015
0.2075
0.25
0.197
0.2165
0.251748
0.0144928
0.2315
0.195
0.2365
0.198801
0.278
0.232268
0.203
0.013979
0.1965
0.203
0.2315
0.229885
0.2005
0.231653
0.2545
0.232384
0.256372
0.276362
0.248
0.184408
0.2385
0.2365
0.2185
0.226
0.294353
0.246131
0.2205
0.25937
0.194514
0.214
0.0145
0.200799
0.248252
0.2495
0.1985
0.254745
0.238
0.221389
0.22017
0.246753
0.213287
0.2125
0.2225
0.236763
0.258741
0.209
0.235
0.243
0.258741
0.2655
0.2105
0.226387
0.266367
0.251623
0.189715
0.229885
0.24088
0.241259
0.1885
0.267866
0.215784
0.275362
0.2155
0.198
0.188218
0.1725
0.24975
0.217
0.241379
0.2345
0.219
0.179
0.219
0.208
0.232384
0.285
0.258
0.242636
0.244878
0.234266
0.0155
0.2715
0.235265
0.268098
0.209895
0.220779
0.152272
0.2365
0.226274
0.225275
0.232268
0.216
0.222278
0.2555
0.209895
0.213
0.188811
0.269365
0.245
0.2225
0.257
0.175824
0.2125
0.178821
0.0044955
0.2399
0.179
0.197303
0.204795
0.24088
0.270865
0.265367
0.248376
0.185
0.2425
0.235265
0.0145
0.1995
0.156188
0.212
0.2085
0.233
0.221389
0.235
0.238881
0.224
0.227772
0.245255
0.269365
0.215676
0.173739
0.215676
0.250375
0.1935
0.009
0.229885
0.25
0.218781
0.2245
0.192404
0.224888
0.184723
0.216783
0.0085
0.257
0.176
0.231768
0.20979
0.0124875
0.1795
0.191904
0.241
0.252122
0.234883
0.248376
0.235
0.169415
0.233
0.247376
0.00449102
0.263868
0.1845
0.194403
0.219
0.255617
0.223388
0.225162
0.253373
0.226274
0.00649675
0.189905
0.244256
0.243135
0.271364
0.213893
0.234
0.26
0.229385
0.2255
0.233
0.2165
0.2425
0.228386
0.202
0.226887
0.2125
0.218391
0.223888
0.199
0.1765
0.24
0.234266
0.223829
0.221389
0.257
0.2345
0.198
0.211289
0.225162
0.235382
0.2445
0.229271
0.172156
0.217283
0.237263
0.246131
0.218391
0.2425
0.223888
0.217673
0.241379
0.215676
0.2115
0.1915
0.200799
0.2715
0.010978
0.263868
0.22977
0.229
0.2405
0.22977
0.2095
0.251123
0.211894
0.194403
0.231
0.225387
0.2165
0.262
0.2315
0.1715
0.212394
0.21978
0.235382
0.206897
0.232268
0.223665
0.2025
0.202899
0.224888
0.0055
0.208896
0.194514
0.251874
0.224388
0.205897
0.23315
0.228386
0.251874
0.213893
0.0045
0.2585
0.1685
0.182
0.235265
0.2575
0.232
0.262
0.190905
0.223388
0.1795
0.0069965
0.270865
0.205
0.24975
0.182409
0.223277
0.207
0.255
0.211894
0.213
0.226
0.275
0.228044
0.2185
0.24088
0.22039
0.257
0.2525
0.1995
0.241138
0.194209
0.211394
0.161
0.223776
0.211788
0.232884
0.1785
0.2115
0.233883
0.2415
0.2215
0.251249
0.24088
0.234
0.228386
0.25937
0.235382
0.236645
0.230885
0.2015
0.2215
