0.0744256
0.064
0.0304848
0.0069965
0.0429785
0.124938
0.00949525
0.0869131
0.137931
0.120638
0.0134663
0.0425
0.153923
0.068
0.1095
0.01997
0.0939061
0.0738892
0.00449775
0.0844578
0.102449
0.0175
0.129805
0.0184723
0.0164671
0.126873
0.125937
0.0724276
0.00649675
0.05
0.103345
0.048
0.1495
0.0589705
0.089
0.0869131
0.0214893
0.068
0.0134663
0.108446
0.0229656
0.016
0.0495
0.0145
0.0429785
0.012
0.0775
0.152847
0.10095
0.0305
0.0774226
0.170829
0.0105
0.112444
0.108446
0.144
0.094
0.022977
0.03998
0.0509745
0.145854
0.130673
0.096
0.0305
0.0124938
0.0563872
0.0773839
0.0999001
0.00849575
0.0713573
0.091
0.147926
0.011994
0.082
0.0875
0.0464768
0.1265
0.00998502
0.108
0.0264868
0.019
0.148851
0.0065
0.00848727
0.111
0.071964
0.126
0.0925
0.10989
0.0944528
0.021967
0.00799201
0.0744256
0.0964036
0.0929535
0.12044
0.128871
0.0775
0.1095
0.147
0.129676
0.0394408
0.12681
0.164918
0.12044
0.00898652
0.138861
0.1425
0.0929071
0.1115
0.043978
0.1285
0.1025
0.0145
0.0653693
0.0205
0.0818772
0.011
0.0755
0.113443
0.141717
0.1245
0.126
0.0943585
0.0239641
0.163
0.0174651
0.011
0.0565
0.0905
0.0035
0.022
0.0449326
0.00949525
0.0905
0.105736
0.069965
0.0124938
0.121939
0.170829
0.142786
0.089
0.0169915
0.104343
0.0644678
0.0129805
0.125874
0.107946
0.0584708
0.0085
0.1225
0.105
0.011
0.0309845
0.011
0.145854
0.0634366
0.1815
0.106287
0.0449775
0.10684
0.113829
0.0673989
0.1405
0.011
0.122439
0.117
0.0874126
0.112944
0.013993
0.013
0.0174651
0.0384423
0.0684658
0.0114943
0.137793
0.0329506
0.0104948
0.0105
0.124438
0.109
0.089
0.0309536
0.145854
0.117
0.103896
0.0669331
0.101399
0.0315
0.14029
0.0115
0.0515
0.0554723
0.0115
0.0995
0.113772
0.007
0.116442
0.105894
0.0778832
0.1365
0.0135
0.138431
0.123315
0.0455
0.041
0.158421
0.014985
0.0275
0.0469765
0.136
0.032
0.123
0.018
0.0874563
0.0508728
0.1325
0.007
0.026
0.12
0.014
0.0174913
0.147
0.107446
0.0935
0.0985
0.158421
0.0144638
0.01998
0.118382
0.0185
0.105395
0.0793809
0.0115
0.011
0.0813779
0.116825
0.1045
0.1385
0.0255
0.122754
0.0654673
0.0425
0.079
0.02997
0.061969
0.1525
0.1085
0.128
0.0174913
0.105
0.124376
0.1015
0.019
0.0255
0.1255
0.0858283
0.1285
0.124938
0.0164918
0.0918622
0.0755
0.007
0.0584708
0.016
0.048
0.087
0.0858283
0.121
0.075
0.1095
0.122
0.0795
0.0929535
0.015
0.1145
0.0673989
0.143928
0.0254745
0.088
0.151
0.104343
0.0654673
0.156
0.123377
0.1405
0.063
0.0693959
0.0149925
0.138931
0.089955
0.134731
0.146
0.0939061
0.0384808
0.0334833
0.157921
0.063968
0.127
0.033
0.0954046
0.0775
0.106287
0.0634366
0.084
0.023988
0.0165
0.158421
0.0384808
0.0194708
0.0874563
0.087
0.0964036
0.006
0.0994503
0.115269
0.01
0.1285
0.0354468
0.141787
0.0035
0.0434783
0.122378
0.118881
0.0134798
0.088
0.126873
0.0145
0.069965
0.103
0.0895
0.0185
0.01999
0.0705
0.0145
0.118941
0.0869131
0.065
0.098
0.0649026
0.159261
0.005997
0.099
0.019
0.021989
0.065
0.0105
0.0384615
0.0864568
0.11944
0.084
0.117441
0.0625
0.019
0.0154923
0.0154613
0.0415
0.0969031
0.103293
0.0294705
0.0124938
0.0744628
0.0235
0.022
0.116442
0.128436
0.0149925
0.029
0.124376
0.1235
0.157763
0.103345
0.0775
0.007
0.0984508
0.020979
0.106
0.119
0.0684658
0.0434783
0.103
0.0539461
0.114
0.167416
0.014
0.115942
0.0174913
0.005
0.0145
0.0793809
0.084
0.0104895
0.016
0.0568862
0.0095
0.097
0.01
0.00949525
0.0949051
0.151
0.132302
0.00949051
0.134433
0.097
0.1365
0.132302
0.046384
0.0104948
0.0424788
0.156
0.035982
0.0234883
0.0904096
0.0689311
0.091
0.123438
0.069965
0.0904548
0.0155
0.061969
0.131434
0.102449
0.0045
0.106
0.098
0.107
0.069965
0.0775
0.1815
0.132867
0.0964518
0.0734633
0.135365
0.083958
0.120879
0.1085
0.023
0.145
0.0429356
0.015
0.0229885
0.0874563
0.025987
0.108946
0.0309536
0.020979
0.0974513
0.0105
0.0855
0.0754623
0.0405
0.0124938
0.0125
0.132434
0.1145
0.1155
0.0845
0.146208
0.0359281
0.0565
0.0778832
0.073
0.014
0.109391
0.0925
0.125874
0.16018
0.0404595
0.154
0.028
0.0909091
0.0169915
0.10095
0.092
0.1155
0.0444778
0.0905
0.0175
0.122939
0.1255
0.127
0.00548902
0.1285
0.0914543
0.00599101
0.1265
0.137
0.125874
0.135297
0.117882
0.018
0.067
0.0109945
0.155922
0.0165
0.0124938
0.0855
0.1185
0.111333
0.0924076
0.0185
0.0089955
0.015992
0.014985
0.076
0.0384423
0.167832
0.138861
0.1395
0.07996
0.108337
0.0904096
0.106947
0.026
0.0354468
0.034
0.0085
0.127745
0.013986
0.104843
0.112887
0.0104895
0.0784216
0.0785
0.0895
0.0808787
0.0964036
0.1295
0.153923
0.0904096
0.0145
0.00749251
0.123
0.0299551
0.0748503
0.034
0.0469765
0.009
0.0324838
0.0515
0.128936
0.0665
0.0705
0.123438
0.0159681
0.166584
0.011
0.091
0.108837
0.128372
0.114
0.136432
0.0984508
0.109
0.0744628
0.0464304
0.00998502
0.031984
0.138431
0.0085
0.0874563
0.146853
0.149925
0.116825
0.128436
0.0614693
0.011988
0.00949525
0.0405
0.058
0.0748503
0.00649026
0.101
0.1004
0.075
0.0114943
0.0429356
0.130804
0.13
0.103448
0.098
0.112332
0.0675
0.101297
0.0849575
0.01
0.1135
0.086
0.077
0.0279581
0.0095
0.0165
0.074
0.0484515
0.126437
0.0035
0.00949525
0.0928144
0.026
0.110334
0.1155
0.0729635
0.0284715
0.117324
0.167832
0.116442
0.125874
0.108446
0.01
0.079
0.073
0.0089955
0.101
0.089
0.078
0.149925
0.108891
0.103397
0.0384423
0.1235
0.1495
0.147926
0.0249626
0.0995
0.0758862
0.0495
0.104
0.0664004
0.036963
0.137931
0.0095
0.0858283
0.010989
0.0793809
0.121939
0.0385
0.091
0.0095
0.126873
0.0389805
0.0934533
0.132368
0.121
0.0909545
0.120879
0.083
0.0164918
0.0895
0.0284858
0.0904096
0.1275
0.0154923
0.0809595
0.0793809
0.0914086
0.00948104
0.096
0.0774226
0.1275
0.118382
0.0924538
0.104
0.0214893
0.0709291
0.0515
0.059
0.10634
0.113443
0.123438
0.155922
0.0175
0.1175
0.0134798
0.108837
0.1025
0.0689311
0.0414793
0.012
0.0895
0.16018
0.122
0.0324838
0.138861
0.0124938
0.0135
0.064
0.116825
0.0169915
0.0828757
0.068
0.0778443
0.0768847
0.041
0.016
0.099
0.0049975
0.123438
0.096
0.151
0.017
0.0985
0.133234
0.097
0.0849575
0.155267
0.0449775
0.117
0.086
0.0124938
0.118
0.124
0.00998502
0.069965
0.0129935
0.1335
0.008
0.0255
0.00549725
0.12044
0.1095
0.0959041
0.0394212
0.1345
0.00949051
0.0055
0.158421
0.00499251
0.104
0.005
0.071
0.09
0.022
0.0664004
0.024
0.111333
0.108782
0.125
0.140859
0.109336
0.0095
0.121939
0.0559441
0.131303
0.133866
0.00699301
0.0614693
0.012
0.116
0.0469296
0.059
0.115269
0.011988
0.0664668
0.065
0.150425
0.1305
0.0454773
0.0944528
0.13993
0.0909091
0.118
0.097
0.0165
0.073
0.0929071
0.132368
0.0539461
0.043
0.135864
0.013
0.1255
0.0385
0.0625
0.0768847
0.044
0.0714643
0.162756
0.143428
0.1035
0.1095
0.145854
0.118
0.012475
0.124813
0.0744256
0.1155
0.091
0.149
0.009
0.1365
0.0159681
0.110445
0.013
0.0089955
0.118822
0.083958
0.0389805
0.0265
0.1125
0.0625
0.0713573
0.135932
0.163
0.118822
0.0115
0.013986
0.122939
0.09995
0.130435
0.083958
0.0255
0.006
0.0095
0.117
0.144356
0.0234883
0.013993
0.142358
0.104
0.133
0.0884116
0.0958084
0.0329835
0.0908184
0.141359
0.118941
0.033983
0.0174738
0.0205
0.022
0.0294853
0.118
0.137862
0.0935
0.0939061
0.017973
0.091
0.091
0.129935
0.005997
0.129805
0.1115
0.0225
0.013986
0.0169745
0.035982
0.15
0.017982
0.0184723
0.007
0.033
0.0189715
0.0095
0.0805
0.067
0.0425
0.115884
0.018
0.017973
0.101
0.133866
0.0209685
0.0245
0.107393
0.0164589
0.0769615
0.0904096
0.0294558
0.103397
0.110889
0.009
0.00649026
0.0294558
0.089
0.0174913
0.118941
0.109
0.143357
0.00899101
0.00249875
0.0793809
0.107446
0.0928607
0.107446
0.011
0.005
0.148851
0.124938
0.0515
0.146427
0.0693959
0.0768463
0.148851
0.0889555
0.0239641
0.0894553
0.100849
0.035
0.034965
0.0045
0.00449775
0.0239641
0.0964518
0.142929
0.109336
0.004
0.005
0.0774226
0.142358
0.0465
0.16042
0.131303
0.0265
0.126374
0.0314843
0.022
0.118941
0.067
0.122939
0.052
0.00748877
0.146853
0.066
0.0914086
0.0174738
0.0129935
0.011994
0.106947
0.0885
0.107446
0.0065
0.132867
0.0124938
0.091954
0.1165
0.083
0.129935
0.0255
0.0689655
0.0905
0.0045
0.011
0.014
0.1155
0.1055
0.058
0.0289855
0.0434783
0.012
0.01999
0.057971
0.079
0.155922
0.0129935
0.11
0.1225
0.0109945
0.065967
0.0743513
0.0414378
0.137862
0.013986
0.110445
0.089
0.095
0.0035
0.0713573
0.02
0.00899101
0.110889
0.109945
0.087
0.122378
0.167416
0.1405
0.161838
0.084
0.112
0.0114943
0.127872
0.0369815
0.0115
0.005997
0.118441
0.0089955
0.063968
0.0565
0.1055
0.0814186
0.0354468
0.1095
0.005
0.140789
0.1085
0.0205
0.1085
0.113772
0.032
0.00599401
0.101
0.098
0.0759241
0.00699301
0.018
0.0555
0.071964
0.130435
0.0905
0.157763
0.0984508
0.103448
0.16042
0.105395
0.0405
0.0879121
0.0884116
0.0784216
0.125811
0.009
0.12525
0.0154923
0.1085
0.0144638
0.092
0.0544728
0.126
0.126374
0.0904096
0.0174913
0.126873
0.097
0.0154923
0.102449
0.101898
0.034
0.148426
0.0145
0.0204898
0.096
0.09995
0.0159681
0.05997
0.0579421
0.1755
0.1225
0.115826
0.096
0.113829
0.125937
0.113
0.102449
0.125874
0.1145
0.0885
0.150925
0.128
0.0908637
0.0124938
0.113443
0.145854
0.00549451
0.009
0.065967
0.161919
0.163
0.0794603
0.1255
0.0049975
0.1095
0.0105
0.0965
0.0778832
0.0414793
0.0125
0.0154613
0.094
0.01
0.0049975
0.116
0.0209685
0.123
0.1255
0.115768
0.125937
0.0114943
0.0995
0.0723914
0.126
0.0405
0.129741
0.093953
0.0755
0.015984
0.0794603
0.142929
0.035982
0.032
0.025987
0.132934
0.132867
0.024
0.0995
0.0274863
0.104
0.118441
0.0454773
0.007996
0.0115
0.0164918
0.0755
0.0853719
0.163
0.0949525
0.127436
0.0109945
0.1225
0.0944528
0.124
0.0844578
0.157421
0.1235
0.0334833
0.126873
0.0369815
0.10684
0.0625
0.0149925
0.134
0.126937
0.011988
0.023976
0.0354645
0.0894553
0.00949525
0.124938
0.0055
0.0264735
0.0974513
0.049
0.126437
0.1245
0.0264868
0.132368
0.0954046
0.0744256
0.0075
0.1125
0.106447
0.0934533
0.0709645
0.093953
0.155766
0.0385
0.0095
0.0814593
0.145
0.107946
0.003998
0.016
0.0985
0.1125
0.115826
0.112944
0.0205
0.145
0.1145
0.116442
0.0105
0.098
0.059
0.0194805
0.115269
0.0109835
0.112887
0.125
0.043
0.0897756
0.075
0.130804
0.122
0.131434
0.134865
0.012
0.0515
0.136432
0.011
0.0134663
0.115
0.1315
0.133
0.022
0.0705
0.069
0.0225
0.125
0.012
0.133866
0.05997
0.0114943
0.0424788
0.1225
0.124376
0.1285
0.024975
0.148851
0.0194708
0.0964036
0.134433
0.138861
0.085
0.0978532
0.0215
0.0589705
0.0734633
0.0914086
0.141929
0.0134663
0.1135
0.01
0.108891
0.069965
0.101399
0.025987
0.113443
0.00449775
0.146427
0.123438
0.0335
0.1155
0.0284858
0.0124688
0.00699301
0.103
0.115442
0.013986
0.16
0.0844578
0.0529735
0.0969515
0.0154613
0.0124875
0.0324838
0.177411
0.0534466
0.0964518
0.0688967
0.1355
0.0869131
0.106786
0.052
0.0254745
0.110778
0.126
0.105894
0.1335
0.0529735
0.1385
0.0195
0.0783824
0.0109945
0.118822
0.089
0.0154923
0.140789
0.0085
0.0958562
0.091363
0.014985
0.044
0.137931
0.133367
0.115442
0.132302
0.0134798
0.1115
0.144
0.101
0.00948104
0.118441
0.022
0.048951
0.0055
0.084
0.124813
0.121939
0.071
0.045954
0.115269
0.1025
0.0774226
0.0774226
0.00998502
0.0918622
0.150774
0.0135
0.144928
0.1055
0.11039
0.0934066
0.0775
0.0625
0.0809595
0.086
0.112
0.0939061
0.112332
0.0723914
0.0783824
0.13993
0.1755
0.0085
0.00649675
0.15
0.0565
0.0694653
0.0829171
0.0175
0.0897756
0.131671
0.0793809
0.0855
0.136432
0.0284858
0.0924538
0.0404595
0.0154768
0.0824588
0.0705
0.089955
0.0229885
0.1175
0.031984
0.0565
0.150425
0.115884
0.107446
0.028
0.130435
0.0284715
0.071964
0.1525
0.0205
0.100349
0.049
0.0755
0.0744628
0.0535
0.0875
0.041
0.0469296
0.0394605
0.117823
0.117
0.0469296
0.133
0.00699301
0.1004
0.099
0.036
0.116267
0.115442
0.094
0.0983525
0.0743513
0.0265
0.14
0.130869
0.0994503
0.0135
0.117823
0.098
0.1285
0.0724638
0.094
0.028
0.089
0.147
0.142786
0.125937
0.137431
0.0904096
0.1285
0.112944
0.127
0.0515
0.0124938
0.102449
0.0244511
0.0833333
0.127872
0.0589705
0.0089955
0.0768847
0.0963555
0.0705
0.0134865
0.0134663
0.147852
0.125874
0.105447
0.01
0.012
0.0909091
0.075
0.110889
0.1115
0.1355
0.0214678
0.0434565
0.103397
0.0964036
0.0944056
0.091954
0.106447
0.107393
0.0669331
0.145
0.0105
0.0705
0.0109835
0.104448
0.097
0.1015
0.1275
0.0225
0.0904096
0.0864136
0.105395
0.0689311
0.014985
0.0929071
0.10989
0.0369446
0.13993
0.0124875
0.122
0.0774226
0.005
0.0829171
0.124
0.1185
0.132867
0.0535
0.0889555
0.1295
0.0354468
0.1295
0.0845
0.0713573
0.083
0.105395
0.153923
0.1135
0.0255
0.00999001
0.109
0.0069965
0.1425
0.0968547
0.0793809
0.125937
0.1195
0.011
0.132
0.158421
0.0695
0.1045
0.156
0.09995
0.103448
0.091
0.08
0.095
0.01
0.01
0.0808787
0.133367
0.0369815
0.144928
0.0129676
0.0978532
0.1205
0.072
0.0189715
0.0744256
0.1135
0.00599401
0.13
0.158421
0.0214893
0.122439
0.0384808
0.00949525
0.113443
0.1495
0.0185
0.046
0.0089955
0.148426
0.0355
