0.247876
0.307
0.2185
0.271864
0.217
0.266367
0.269096
0.323676
0.262
0.265
0.265867
0.268
0.2455
0.2905
0.2885
0.184908
0.2925
0.193
0.281859
0.2535
0.268731
0.288356
0.252374
0.289566
0.262606
0.2675
0.2865
0.2625
0.2695
0.296204
0.2865
0.276862
0.236882
0.265367
0.268866
0.2565
0.2885
0.246753
0.246254
0.294
0.276362
0.248
0.253873
0.24975
0.282359
0.233
0.202696
0.266867
0.2005
0.2715
0.249626
0.2135
0.254373
0.009
0.245877
0.256244
0.2995
0.268232
0.246
0.303
0.291854
0.261239
0.2005
0.246008
0.281578
0.2675
0.257742
0.240759
0.270095
0.261869
0.242258
0.3005
0.286357
0.211
0.2595
0.249
0.252374
0.298351
0.270365
0.244256
0.284858
0.22017
0.291708
0.308
0.27
0.2145
0.2905
0.268866
0.271
0.286214
0.248376
0.30035
0.273363
0.2905
0.291854
0.281859
0.196304
0.256372
0.271229
0.22977
0.283858
0.168663
0.290564
0.3095
0.2125
0.230769
0.284715
0.285429
0.306234
0.279581
0.2615
0.269596
0.231384
0.278222
0.244378
0.304543
0.224888
0.250375
0.27
0.269096
0.297851
0.29935
0.2665
0.305
0.2575
0.274089
0.207396
0.261
0.2575
0.27
0.2645
0.298902
0.238642
0.256743
0.270365
0.00749625
0.290709
0.2515
0.237
0.2365
0.291
0.275
0.278721
0.269096
0.234149
0.218891
0.285928
0.273726
0.269365
0.29
0.265
0.2825
0.251374
0.1502
0.272
0.264236
0.298351
0.274725
0.257
0.294059
0.248876
0.273
0.257871
0.237762
0.236
0.271364
0.277944
0.2495
0.2145
0.274813
0.260609
0.2798
0.3015
0.24501
0.218282
0.255117
0.2785
0.2675
0.254491
0.2545
0.271593
0.284216
0.2455
0.250375
0.262369
0.264104
0.2905
0.2735
0.295761
0.247752
0.265
0.268366
0.264368
0.2125
0.243257
0.243878
0.277722
0.272864
0.267465
0.275862
0.252994
0.242258
0.263736
0.2145
0.3095
0.283932
0.282435
0.2285
0.247876
0.246877
0.268866
0.320538
0.2255
0.210895
0.2045
0.280938
0.287356
0.294
0.246
0.2515
0.267465
0.292
0.238381
0.237263
0.258
0.2505
0.236
0.207
0.225
0.2325
0.268866
0.168663
0.258871
0.248876
0.26024
0.27359
0.296852
0.262869
0.2995
0.302349
0.2765
0.289355
0.270865
0.247752
0.248751
0.218
0.252994
0.291854
0.265
0.196304
0.257114
0.230769
0.287924
0.260609
0.267366
0.256487
0.2785
0.266966
0.2665
0.28
0.287924
0.247876
0.294
0.247876
0.247376
0.247876
0.2435
0.263868
0.275
0.0055
0.304543
0.290419
0.271229
0.268
0.243378
0.2845
0.300549
0.266966
0.246
0.2775
0.241
0.252747
0.280719
0.253873
0.249
0.231768
0.241138
0.00449102
0.263237
0.2435
0.202
0.278582
0.264868
0.2575
0.272
0.23
0.286
0.253493
0.24038
0.247376
0.218282
0.263368
0.282576
0.224888
0.346135
0.286
0.27309
0.258741
0.2495
0.2865
0.251
0.29935
0.274226
0.291209
0.248004
0.2775
0.286
0.207688
0.2505
0.2545
0.274089
0.013979
0.275862
0.275587
0.2775
0.2725
0.246
0.257855
0.287213
0.268597
0.2565
0.256244
0.2675
0.265
0.270365
0.2575
0.308383
0.248627
0.295205
0.2785
0.2535
0.293353
0.265734
0.281718
0.303
0.250875
0.256872
0.284715
0.267
0.2545
0.2625
0.272228
0.254373
0.2675
0.305583
0.279
0.2555
0.2455
0.2475
0.2685
0.2265
0.281718
0.247253
0.3135
0.239141
0.283358
0.228543
0.26973
0.292208
0.28008
0.274363
0.207
0.254
0.304848
0.293353
0.2775
0.268366
0.2695
0.2375
0.2735
0.301349
0.273363
0.303
0.278721
0.01
0.196304
0.283075
0.289
0.276
0.288356
0.00698952
0.2775
0.271
0.271593
0.298351
0.24026
0.2575
0.234266
0.264368
0.2775
0.23
0.262606
0.2635
0.270365
0.0124813
0.287856
0.276
0.29356
0.27986
0.234883
0.286357
0.230885
0.272954
0.254873
0.278721
0.241
0.291354
0.2445
0.00449102
0.274363
0.242879
0.281859
0.2135
0.282359
0.282717
0.267599
0.292
0.258871
0.273863
0.256743
0.277722
0.262238
0.262737
0.281
0.2525
0.285072
0.252994
0.250624
0.232767
0.297851
0.203
0.282859
0.2745
0.2565
0.2675
0.285928
0.271364
0.256244
0.26024
0.2965
0.291854
0.256372
0.2665
0.218
0.287356
0.229385
0.279221
0.252874
0.262
0.2645
0.3075
0.225275
0.249
0.2785
0.2545
0.272319
0.282359
0.2605
0.2655
0.25987
0.28036
0.261
0.282218
0.263736
0.2305
0.291854
0.277223
0.254373
0.267233
0.266867
0.268232
0.265
0.253
0.2855
0.2845
0.2705
0.302349
0.289355
0.242
0.271864
0.2605
0.249
0.252374
0.246008
0.292208
0.2795
0.2815
0.2475
0.2985
0.264104
0.217
0.2425
0.293853
0.272954
0.238881
0.278582
0.288
0.247376
0.271093
0.223
0.275948
0.238642
0.269365
0.214678
0.281
0.24501
0.225275
0.233383
0.234765
0.248004
0.247376
0.292208
0.301849
0.221279
0.265867
0.2865
0.262869
0.22039
0.0154845
0.264236
0.285
0.284216
0.212968
0.303197
0.262
0.286357
0.292354
0.258242
0.249
0.256986
0.275225
0.275948
0.295
0.301349
0.2615
0.3
0.281859
0.2615
0.271593
0.248627
0.289
0.285
0.247006
0.214
0.268866
0.263368
0.2735
0.267
0.226773
0.244755
0.281936
0.3245
0.259111
0.285215
0.258871
0.2595
0.2845
0.0075
0.295
0.00548902
0.287356
0.215784
0.258371
0.322178
0.250375
0.291
0.265
0.272
0.209
0.284216
0.00698952
0.247752
0.282359
0.2945
0.218282
0.2535
0.248
0.271229
0.29
0.253493
0.269
0.226887
0.2435
0.2615
0.246877
0.273363
0.282218
0.2805
0.24026
0.286214
0.250624
0.275225
0.201
0.253493
0.248
0.254373
0.25974
0.254873
0.258371
0.2555
0.2875
0.251
0.275724
0.247876
0.2445
0.193
0.234765
0.282359
0.288
0.246377
0.237381
0.246254
0.2875
0.28
0.250375
0.257114
0.344483
0.266234
0.291272
0.287213
0.25987
0.244134
0.281718
0.305
0.2555
0.226887
0.227886
0.0104948
0.221389
0.288
0.2865
0.26973
0.259111
0.283716
0.247876
0.238642
0.253
0.00449102
0.225
0.2525
0.242879
0.256372
0.314343
0.269865
0.270365
0.318841
0.26
0.243
0.301849
0.29935
0.2735
0.2625
0.2385
0.234883
0.2645
0.262
0.263237
0.303
0.258242
0.00948577
0.263
0.305
0.256615
0.258612
0.266234
0.2985
0.0075
0.234765
0.281
0.259
0.2575
0.291
0.285
0.251996
0.298604
0.255372
0.268866
0.262737
0.281078
0.259
0.27
0.232
0.2285
0.226773
0.29306
0.203898
0.207396
0.263368
0.267599
0.223
0.284715
0.292208
0.255372
0.234414
0.238642
0.263868
0.242379
0.246377
0.249
0.287924
0.241
0.268
0.2825
0.266367
0.2735
0.281578
0.270095
0.255117
0.226
0.26024
0.2475
0.232
0.0089955
0.271
0.269
0.0114943
0.224888
0.2035
0.240759
0.233383
0.2465
0.262869
0.290564
0.265
0.261
0.282359
0.2625
0.007
0.24501
0.290355
0.2735
0.22017
0.281359
0.303242
0.266
0.255117
0.250375
0.2135
0.203
0.2755
0.283217
0.267233
0.261869
0.268731
0.280719
0.249875
0.255362
0.25987
0.2745
0.2685
0.250875
0.258612
0.2665
0.293706
0.3155
0.263105
0.263
0.28086
0.266733
0.251374
0.2815
0.256872
0.28
0.295352
0.201399
0.2135
0.2045
0.265102
0.249626
0.254
0.264
0.2425
0.2675
0.272364
0.221279
0.005
0.266
0.0085
0.260609
0.266733
0.2135
0.247
0.271
0.255362
0.262238
0.254
0.247876
0.248376
0.238381
0.275225
0.238881
0.286
0.255245
0.258
0.285
0.251748
0.271229
0.272864
0.234266
0.22
0.011982
0.267866
0.2425
0.285215
0.005
0.2615
0.261239
0.252374
0.291
0.25987
0.297851
0.2665
0.234883
0.2775
0.290564
0.269865
0.204489
0.2845
0.26024
0.272228
0.2815
0.243
0.2745
0.2525
0.3
0.267465
0.24038
0.00548902
0.3135
0.252122
0.286
0.2255
0.2895
0.285
0.305
0.261869
0.311189
0.269365
0.2885
0.265367
0.218
0.301199
0.232767
0.251
0.246
0.231884
0.2525
0.22028
0.266867
0.296555
0.269596
0.26
0.3285
0.256244
0.309
0.272
0.256372
0.2135
0.275862
0.25987
0.223
0.222278
0.262869
0.00548902
0.321339
0.272727
0.272228
0.264868
0.29935
0.2865
0.291
0.253247
0.275587
0.005
0.2625
0.244256
0.298851
0.275362
0.018
0.289855
0.292
0.275362
0.301
0.286357
0.256
0.232535
0.234765
0.00698952
0.240759
0.241259
0.3045
0.243
0.287356
0.275862
0.288922
0.261239
0.259241
0.223665
0.264104
0.313
0.275
0.291209
0.2815
0.265
0.258612
0.243257
0.3015
0.285429
0.283858
0.2925
0.267366
0.253873
0.269365
0.292208
0.269865
0.2815
0.2455
0.29
0.244
0.277584
0.27309
0.2885
0.252374
0.277584
0.2245
0.3075
0.2675
0.263105
0.279081
0.231269
0.250375
0.0195
0.2865
0.29
0.26037
0.209895
0.2635
0.275948
0.254119
0.271229
0.241138
0.247505
0.247
0.272183
0.273363
0.251748
0.253
0.296906
0.292208
0.273863
0.280579
0.260609
0.261
0.2525
0.223
0.28008
0.285215
0.282359
0.254
0.221889
0.225
0.258741
0.298053
0.229
0.2715
0.221279
0.230769
0.272727
0.277944
0.00548902
0.253493
0.2765
0.243
0.287
0.246753
0.263868
0.241138
0.232
0.2555
0.23938
0.2655
0.2
0.274089
0.261369
0.267099
0.264368
0.248004
0.247752
0.221389
0.230885
0.2925
0.235382
0.268866
0.2785
0.247376
0.2185
0.0085
0.013979
0.254119
0.251
0.295852
0.2885
0.2275
0.2925
0.263736
0.259241
0.285072
0.282576
0.0114943
0.230885
0.309845
0.27359
0.274089
0.247876
0.244878
0.321339
0.270365
0.2655
0.279081
0.214678
0.2615
0.246753
0.248751
0.237381
0.278
0.258871
0.258612
0.28657
0.292854
0.257371
0.262369
0.288423
0.3035
0.266867
0.261
0.234765
0.287
0.2585
0.233883
0.26973
0.256372
0.2545
0.232384
0.2595
0.284858
0.232384
0.258612
0.249375
0.272864
0.2675
0.2785
0.263868
0.298351
0.226
0.250875
0.267732
0.267099
0.310035
0.286357
0.264868
0.3135
0.2845
0.2275
0.2415
0.246008
0.25362
0.26037
0.247876
0.268866
0.2275
0.257371
0.299
0.246877
0.2825
0.281718
0.005
0.2545
0.2335
0.24501
0.24
0.2615
0.273863
0.33983
0.272591
0.2435
0.21029
0.223
0.294558
0.291354
0.2585
0.259
0.2765
0.2575
0.2645
0.2585
0.237263
0.223388
0.2325
0.242
0.308346
0.263
0.253873
0.324838
0.302349
0.267366
0.254873
0.296204
0.248004
0.232535
0.256372
0.2555
0.274863
0.2845
0.231384
0.242879
0.30085
0.2325
0.203898
0.247752
0.30005
0.294
0.011982
0.2205
0.298351
0.243
0.2435
0.2535
0.234383
0.27972
0.2798
0.00449775
0.270958
0.272954
0.0075
0.252374
0.248252
0.265102
0.2945
0.271
0.192308
0.267
0.2315
0.201
0.263736
0.2175
0.276862
0.2875
0.238262
0.228886
0.183724
0.237263
0.2315
0.263368
0.2675
0.2885
0.268866
0.272
0.272228
0.248876
0.00999001
0.225
0.315185
0.255245
0.2555
0.218
0.250499
0.286357
0.234266
0.281078
0.253247
0.2615
0.2555
0.27972
0.254373
0.282576
0.2615
0.249
0.225275
0.277861
0.272
0.233883
0.286857
0.284573
0.0255
0.244755
0.2745
0.2255
0.2365
0.292
0.2525
0.321339
0.003998
0.252374
0.271229
0.2415
0.280719
0.292
0.2455
0.288423
0.2355
0.271864
0.259111
0.246877
0.2505
0.208896
0.218
0.3095
0.274363
0.302349
0.257742
0.277584
0.247876
0.247876
0.258
0.250375
0.277584
0.294059
0.2645
0.232384
0.3155
0.288711
0.285857
0.276585
0.3245
0.258
0.2035
0.003996
0.202
0.286857
0.209895
0.27309
0.308346
0.2915
0.281
0.2765
0.264
0.289855
0.292354
0.3135
0.2755
0.249
0.2765
0.242258
0.256244
0.2835
0.272228
0.24975
0.346135
0.2795
0.294059
0.2415
0.241259
0.2405
0.241
0.2905
0.316
0.251
0.27972
0.292
0.264236
0.276362
0.288711
0.278721
0.2545
0.2805
0.254745
0.241895
0.20979
0.2675
0.2545
0.296
0.2525
0.2455
0.265235
0.2865
0.263
0.305583
0.244633
0.2995
0.258371
0.287
0.321018
0.2825
0.218
0.209
0.232651
0.238262
0.293
0.2375
0.273363
0.2715
0.266234
0.0114943
0.257871
0.322339
0.260739
0.29935
0.263237
0.2315
0.2905
0.309
0.292
0.232384
0.309
0.234149
0.309
0.244878
0.271864
0.2125
0.2125
0.258612
0.0114943
0.228657
0.226387
0.2525
0.258612
0.22
0.272864
0.3035
0.2695
0.272
0.238881
0.272319
0.252747
0.276723
0.242879
0.294353
0.2425
0.262869
0.192
0.253
0.299551
0.28
0.257243
0.2155
0.216675
0.0055
0.249875
0.255117
0.263736
0.264368
0.257114
0.291708
0.2995
0.268366
0.266
0.295557
0.258612
0.281718
0.2675
0.266101
0.24975
0.258612
0.264
0.264368
0.248
0.285215
0.242258
0.237263
0.2625
0.269231
0.261869
0.219062
0.2775
0.298053
0.242379
0.2525
0.281359
0.282359
0.289855
0.2595
0.293353
0.2035
0.221279
0.2645
0.2705
0.266234
0.265
0.245877
0.284858
0.266234
0.321339
0.263
0.3135
0.00947159
0.223888
0.265867
0.284715
0.270865
0.263605
0.2595
0.261869
0.2605
0.2795
0.251374
0.2615
0.318841
0.274
0.279081
0.286
0.275225
0.288856
0.263368
0.261869
0.268098
0.256372
0.273363
0.2735
0.256872
0.272364
0.258371
0.2725
0.295
0.241259
0.284216
0.2275
0.267099
0.2385
0.2615
0.25312
0.268828
0.268
0.281718
0.255872
0.234883
0.268366
0.27309
0.277944
0.237381
0.211
0.269596
0.287356
0.2865
0.207688
0.313
0.257114
0.276362
0.2895
0.303
0.25937
0.283
0.28008
0.2445
0.261369
0.267
0.289211
0.257
0.322339
0.268866
0.264236
0.2605
0.232
0.263868
0.0095
0.29
0.286357
0.270365
0.267366
0.256615
0.221389
0.238881
0.248252
0.334166
0.265
0.2865
0.233883
0.0124813
0.249
0.274451
0.295704
0.283575
0.2685
0.276585
0.246877
0.2665
0.2535
0.324838
0.279581
0.2695
0.237381
0.286
0.288567
0.251374
0.271229
0.26037
0.272864
0.284358
0.237381
0.289355
0.287856
