0.184908
0.223776
0.135
0.15
0.209685
0.0105
0.195902
0.2405
0.248751
0.0229885
0.0169915
0.206
0.151424
0.218
0.1725
0.192519
0.2115
0.18513
0.220779
0.21318
0.208687
0.1525
0.2165
0.229656
0.17991
0.208896
0.12032
0.215
0.009
0.1755
0.141429
0.15035
0.230385
0.1865
0.2085
0.208
0.006
0.164336
0.121
0.196902
0.2015
0.216892
0.172328
0.2325
0.199
0.187
0.202399
0.241379
0.153
0.241379
0.2075
0.0114943
0.178821
0.203796
0.169415
0.2015
0.231768
0.151273
0.188
0.1765
0.1705
0.1905
0.207396
0.209
0.202899
0.1285
0.211394
0.1999
0.202899
0.183908
0.1994
0.2075
0.169415
0.0069965
0.185
0.152771
0.2105
0.0154691
0.172827
0.163
0.2355
0.01
0.203
0.0085
0.175325
0.222555
0.2065
0.2335
0.191904
0.2002
0.237881
0.223277
0.006
0.19
0.257
0.00549176
0.159
0.213
0.186907
0.1905
0.226434
0.2135
0.1615
0.1755
0.234648
0.202899
0.178911
0.21989
0.174
0.241895
0.2065
0.173913
0.1997
0.122
0.1855
0.005997
0.206294
0.167
0.221889
0.209
0.23027
0.162837
0.144855
0.229271
0.258371
0.177323
0.0154845
0.201697
0.161919
0.189621
0.128308
0.2085
0.1725
0.207396
0.1815
0.0129805
0.208396
0.233766
0.2003
0.212894
0.231384
0.0129935
0.148204
0.185721
0.0164671
0.193806
0.184
0.234883
0.212394
0.186813
0.209
0.0215
0.177234
0.0544728
0.210395
0.203398
0.194805
0.11994
0.1975
0.145427
0.1585
0.0109945
0.2265
0.156922
0.2035
0.218891
0.254873
0.190905
0.219281
0.197303
0.208188
0.1305
0.0065
0.252374
0.00748877
0.185814
0.201597
0.184408
0.191904
0.21989
0.1905
0.184
0.185315
0.214
0.00549725
0.1998
0.01
0.011982
0.209
0.22
0.2405
0.171914
0.210895
0.246377
0.207293
0.193307
0.15
0.225
0.212
0.182318
0.203297
0.256244
0.249875
0.1145
0.1705
0.232535
0.11039
0.142358
0.150925
0.152924
0.151424
0.223888
0.190405
0.067966
0.1955
0.202696
0.213893
0.157
0.198
0.227386
0.229885
0.17982
0.206
0.23976
0.1725
0.203
0.197
0.217782
0.22089
0.197106
0.176647
0.128936
0.168164
0.185315
0.189405
0.22089
0.1999
0.202
0.183816
0.1905
0.2035
0.219
0.15
0.183408
0.134299
0.1975
0.0125
0.197
0.183724
0.2615
0.205295
0.189311
0.141429
0.121439
0.178821
0.22006
0.1865
0.1305
0.156922
0.171914
0.2015
0.155766
0.005997
0.182227
0.17033
0.187
0.194903
0.227
0.1455
0.0055
0.200699
0.168916
0.238
0.213287
0.227
0.229271
0.2035
0.21
0.1805
0.175
0.2265
0.184408
0.192807
0.0055
0.173
0.183225
0.2215
0.183225
0.2495
0.224
0.219281
0.1975
0.162675
0.199601
0.0055
0.1998
0.128308
0.006
0.167
0.201
0.007996
0.161
0.208896
0.2505
0.195402
0.2002
0.252
0.195804
0.0755
0.209
0.207
0.225887
0.0069965
0.232384
0.0164671
0.209685
0.01
0.249251
0.2015
0.2215
0.181818
0.224388
0.197802
0.0169915
0.213679
0.161919
0.248751
0.204
0.226387
0.267366
0.1975
0.2009
0.011
0.17982
0.151848
0.222278
0.164418
0.203297
0.1725
0.176735
0.185
0.234648
0.168831
0.2065
0.2255
0.1975
0.173
0.00949051
0.197703
0.226387
0.15984
0.199
0.1945
0.191404
0.0948577
0.194805
0.146281
0.228771
0.207086
0.2285
0.18032
0.198401
0.128936
0.147778
0.199
0.0105
0.135432
0.165417
0.177
0.2295
0.217891
0.1765
0.23679
0.0619381
0.183724
0.217673
0.241758
0.216892
0.223776
0.177411
0.143
0.199601
0.23
0.11994
0.169415
0.190405
0.17973
0.218891
0.154
0.204398
0.247
0.234765
0.238381
0.2165
0.235382
0.206088
0.184908
0.1465
0.192807
0.264368
0.218
0.178
0.134299
0.0215
0.0149925
0.164336
0.144928
0.00849575
0.217
0.0149925
0.127
0.173
0.2265
0.02
0.1685
0.15942
0.2785
0.1825
0.2175
0.202399
0.208396
0.18032
0.01
0.201597
0.230385
0.214
0.193903
0.203297
0.187
0.1825
0.191904
0.148703
0.245377
0.1795
0.21989
0.185721
0.1815
0.00849575
0.2005
0.196
0.01
0.0165
0.214
0.244
0.1994
0.1505
0.246877
0.190619
0.190714
0.1905
0.01
0.2065
0.012
0.2015
0.0075
0.214
0.183408
0.213786
0.195402
0.185
0.197
0.203297
0.208396
0.181
0.203
0.2275
0.1715
0.156
0.219
0.197106
0.18032
0.248627
0.193403
0.265235
0.008
0.175736
0.1555
0.162837
0.171
0.151924
0.218
0.150925
0.0124938
0.196402
0.18
0.184
0.2115
0.206397
0.21197
0.177
0.21029
0.2235
0.2265
0.17
0.192807
0.205794
0.142929
0.177733
0.189311
0.0978532
