0.241758
0.236
0.107285
0.233883
0.263368
0.233383
0.2315
0.263237
0.224888
0.218672
0.217782
0.214
0.250875
0.242879
0.275862
0.237644
0.186907
0.251374
0.2205
0.232
0.1905
0.214893
0.192404
0.223
0.017
0.249375
0.203898
0.198901
0.2015
0.237881
0.215892
0.196
0.2245
0.259611
0.195402
0.261347
0.247629
0.207896
0.257742
0.256872
0.219
0.205
0.221889
0.183816
0.229885
0.007
0.191404
0.2625
0.214286
0.222889
0.1965
0.249375
0.261608
0.232767
0.259
0.24088
0.213
0.2335
0.244878
0.0114943
0.2335
0.1855
0.2795
0.259611
0.2065
0.221778
0.00549176
0.22039
0.228771
0.168
0.207896
0.221889
0.275862
0.161
0.226773
0.232651
0.208396
0.222389
0.2155
0.198
0.2605
0.226
0.178
0.212076
0.238
0.2025
0.213
0.199301
0.212288
0.2335
0.233
0.215892
0.0025
0.188
0.267332
0.2185
0.0114943
0.214
0.236763
0.16
0.0154923
0.263237
0.189405
0.152196
0.1855
0.2075
0.174
0.2195
0.007
0.227159
0.234
0.202696
0.26
0.225
0.1965
0.251874
0.191904
0.226887
0.223277
0.187313
0.2075
0.24014
0.198901
0.2335
0.236264
0.236
0.246377
0.212787
0.223388
0.218891
0.216675
0.244
0.214393
0.0315
0.227318
0.216892
0.244511
0.242879
0.2295
0.23
0.161
0.214785
0.242379
0.29
0.212288
0.2455
0.00749625
0.235382
0.2335
0.208396
0.2135
0.218
0.236382
0.2666
0.237263
0.246131
0.2135
0.223888
0.231884
0.205397
0.262
0.233267
0.241
0.247
0.225387
0.253
0.2125
0.2315
0.254
0.150699
0.1695
0.192404
0.224888
0.1915
0.209895
0.223
0.2335
0.234
0.2125
0.244
0.1725
0.224888
0.211289
0.201299
0.2345
0.236146
0.252621
0.214963
0.0035
0.2165
0.223388
0.2595
0.133933
0.2025
0.247752
0.187906
0.226887
0.2155
0.229541
0.0315
0.1965
0.222278
0.2595
0.143428
0.2115
0.218391
0.2335
0.211394
0.222
0.207896
0.171329
0.143285
0.235382
0.237881
0.212787
0.229885
0.230385
0.1585
0.211
0.226387
0.2155
0.181409
0.1855
0.234266
0.0114943
0.191808
0.189311
0.238262
0.26037
0.237381
0.206294
0.188
0.256872
0.202096
0.231269
0.232767
0.144855
0.2395
0.205
0.241879
0.234383
0.207293
0.2415
0.203593
0.234883
0.223
0.256372
0.223888
0.235147
0.230155
0.267465
0.266867
0.2275
0.224388
0.0114943
0.250375
0.17
0.259
0.253373
0.2015
0.00949525
0.18091
0.242879
0.267366
0.1775
0.229271
0.1665
0.215
0.159261
0.224
0.200699
0.267465
0.236382
0.251748
0.2275
0.2155
0.214785
0.217
0.1955
0.1875
0.00849575
0.202
0.258242
0.268866
0.215
0.20669
0.229385
0.238761
0.214286
0.221889
0.1755
0.215892
0.244
0.238761
0.216675
0.22505
0.216392
0.222389
0.236
0.206397
0.240639
0.2625
0.2009
0.246877
0.247752
0.227
0.226
0.212394
0.203297
0.24038
0.203
0.208896
0.249
0.212182
0.187313
0.2845
0.228
0.237263
0.240898
0.235265
0.26037
0.202
0.262712
0.206397
0.236028
0.212182
0.224164
0.187812
0.224164
0.234383
0.0295
0.238381
0.227
0.2675
0.267366
0.243135
0.2195
0.263
0.233
0.2155
0.218
0.235382
0.266
0.187406
0.16
0.225
0.269
0.228771
0.152771
0.214893
0.204398
0.19
0.2115
0.198801
0.236763
0.211894
0.2175
0.250749
0.208188
0.1905
0.237
0.214893
0.271229
0.22039
0.225774
0.241758
0.196902
0.235
0.2455
0.24014
0.207
0.189027
0.2135
0.2075
0.215392
0.224388
0.2085
0.219561
0.0114943
0.206397
0.227772
0.223
0.2155
0.205295
0.241879
0.0085
0.159341
0.193403
0.224388
0.182136
0.256
0.203
0.1675
0.2195
0.26
0.255872
0.1995
0.20669
0.215892
0.19
0.166
0.0114943
0.255
0.25937
0.228315
0.0225
0.1145
0.22039
0.26037
0.227159
0.262712
0.2355
0.1685
0.195402
0.197401
0.197204
0.252747
0.221778
0.202
0.164835
0.187812
0.281437
0.2345
0.2055
0.2025
0.2325
0.264603
0.2345
0.207189
0.206897
0.2725
0.2185
0.257
0.1995
0.188811
0.00749625
0.217891
0.24038
0.26
0.243378
0.205397
0.253992
0.2175
0.243257
0.225
0.250749
0.232
0.23365
0.247253
0.219281
0.216284
0.25
0.243257
0.251374
0.228386
0.215
0.245
0.229385
0.00549176
0.211894
0.253
0.215392
0.214
0.2055
0.253
0.2075
0.222278
0.281859
0.270365
0.195305
0.237881
0.225774
0.25
0.1955
0.00899101
0.2345
0.248751
0.23
0.258
0.277084
0.220779
0.219281
0.224888
0.229271
0.260739
0.227886
0.2345
0.2025
0.2255
0.249
0.208896
0.235382
0.231153
0.206397
0.2235
0.255
0.2505
0.2295
0.238761
0.2405
