0.1455
0.164336
0.151424
0.187406
0.136296
0.134366
0.172328
0.1635
0.164
0.165917
0.17941
0.013
0.0528678
0.141858
0.12044
0.1515
0.0035
0.169415
0.141858
0.165917
0.146208
0.030969
0.1765
0.144855
0.132934
0.164918
0.156765
0.168916
0.117265
0.013993
0.1725
0.15942
0.168
0.202494
0.00749625
0.190905
0.177411
0.128372
0.0075
0.16
0.12032
0.203
0.011982
0.196902
0.1335
0.143428
0.208
0.151349
0.181909
0.185315
0.1125
0.0464535
0.1675
0.1565
0.1555
0.155422
0.0144855
0.154423
0.00949051
0.2
0.16092
0.165
0.197901
0.0619381
0.161838
0.18041
0.157343
0.189905
0.1635
0.0249875
0.007996
0.141858
0.1705
0.031984
0.0095
0.0969515
0.190809
0.12032
0.1815
0.198
0.149
0.1585
0.17991
0.152695
0.0155
0.136
0.183
0.1585
0.161258
0.1555
0.0214893
0.1775
0.208
0.00649675
0.143
0.158184
0.151349
0.228
0.0174825
0.117441
0.1625
0.195902
0.1995
0.147926
0.077
0.16018
0.110945
0.138431
0.1335
0.1605
0.167
0.165
0.00649675
0.142786
0.155267
0.170915
0.1785
0.214963
0.2
0.147778
0.0619381
0.1915
0.0144855
0.172914
0.147426
0.176148
0.1545
0.118
0.188811
0.1265
0.10095
0.204194
0.1775
0.1905
0.145427
0.186627
0.153423
0.00949051
0.2035
0.161757
0.162756
0.151198
0.11944
0.213466
0.172914
0.152
0.158921
0.226161
0.129435
0.164753
0.15519
0.0124875
0.0134798
0.132934
0.21029
0.1465
0.206191
0.19
0.18032
0.102949
0.170415
0.1315
0.1575
0.190905
0.182909
0.1735
0.1665
0.1475
0.157685
0.177146
0.008
0.176
0.135796
0.0205
0.146354
0.127936
0.118762
0.015992
0.123938
0.1505
0.031984
0.156843
0.1315
0.105
0.171914
0.143856
0.132934
0.10045
0.122939
0.13943
0.117265
0.14985
0.188
0.172914
0.162756
0.1495
0.128936
0.111944
0.1515
0.025
0.0165
0.163918
0.1875
0.151424
0.1465
0.158921
0.1595
0.136795
0.191904
0.117
0.159
0.187313
0.151424
0.168416
0.0104948
0.17
0.137
0.147
0.171414
0.224888
0.137
0.153347
0.196902
0.1705
0.170915
0.173739
0.190809
0.113443
0.113943
0.1265
0.1995
0.171329
0.0793809
0.172242
0.157186
0.167
0.154768
0.188811
0.14093
0.122255
0.132434
0.202797
0.1235
0.156687
0.151424
0.144928
0.154423
0.1255
0.016983
0.176236
0.004
0.164918
0.141929
0.1975
0.1565
0.00699301
0.1525
0.177411
0.163092
0.182227
0.155
0.162419
0.171414
0.0249875
0.188
0.1845
0.134731
0.017973
0.158
0.0239641
0.164
0.141429
0.167416
0.1295
0.1405
0.148777
0.171243
0.203398
0.0129805
0.028
0.172328
0.18005
0.1595
0.148426
0.153846
0.1505
0.1335
0.1485
0.130869
0.134798
0.112388
0.156
0.1585
0.18404
0.1395
0.159
0.181909
0.129935
0.146927
0.1735
0.147926
0.118323
0.0329341
0.148
0.182409
0.12094
0.194403
0.171914
0.113886
0.142287
0.143
0.182136
0.0475
0.003998
0.195804
0.1535
0.154346
0.152924
0.177323
0.161419
0.171329
0.1635
0.210789
0.163
0.203398
0.144
0.17941
0.134865
0.192711
0.109336
0.186407
0.19
0.106786
0.188811
0.206397
0.0778832
0.152771
0.222889
0.157
0.189
0.153
0.1565
0.0958562
0.154923
0.129435
0.17324
0.150275
0.177411
0.143928
0.173
0.1085
0.167
0.178322
0.158184
0.152424
0.203
0.1855
0.009
0.038961
0.173413
0.189
0.017982
0.181409
0.138653
0.180549
0.2035
0.203
0.138431
0.157921
0.164
0.157421
0.202899
0.144711
0.154269
0.167333
0.168
0.1625
0.188906
0.210395
0.129435
0.0115
0.123814
0.0634683
0.114943
0.0845
0.162419
0.175824
0.171158
0.137931
0.147852
0.171243
0.154269
0.155345
0.138
0.2004
0.1775
0.198901
0.172827
0.138431
0.1945
0.182318
0.168416
0.1555
0.157421
0.0065
0.16042
0.1825
0.17991
0.162257
0.162837
0.1625
0.204795
0.183908
0.163337
0.15992
0.210895
0.111444
0.165917
0.170829
0.127436
0.202
0.043
0.172914
0.026
0.188
0.093
0.153423
0.134933
0.117882
0.136432
0.1765
0.1525
0.124938
0.105289
0.147
0.1875
0.011
0.177234
0.167166
0.092
0.164918
0.121
0.137
0.136296
0.0844578
0.1735
0.0065
0.178411
0.153423
0.187
0.0075
0.171329
0.136932
0.171158
0.129935
0.165335
0.161419
0.051974
0.153
0.183724
0.2
0.161838
0.157421
0.00949525
0.1745
0.152348
0.132434
0.149
0.15992
0.148426
0.154845
0.185315
0.1295
0.110279
0.0744628
0.175824
0.151924
0.03996
0.148777
0.1385
0.158184
0.137
0.1455
0.18023
0.1335
0.204
0.166833
0.183317
0.149351
0.182726
0.196607
0.176
0.185
0.0815
0.087956
0.164336
0.184815
0.1475
0.147
0.135729
0.0075
0.184
0.191904
0.122939
0.1725
0.2
0.0225
0.134798
0.187936
0.156344
0.165
0.195804
0.165417
0.125937
0.22
0.154346
0.115
0.175325
0.190809
0.1465
0.202899
0.1485
0.132
0.117324
0.145927
0.1395
0.147
0.13986
0.136296
0.2135
0.134933
0.186813
0.182726
0.189216
0.184
0.203
0.1585
0.181
0.132434
0.0844578
0.1485
0.017991
0.182
0.146927
0.170415
0.174326
0.13943
0.1585
0.128308
0.161419
0.152348
0.201299
0.183908
0.118941
0.197
0.0955
0.00499251
0.0954523
0.00749625
0.167333
0.148352
0.139
0.188717
0.1845
0.173
0.181909
0.203297
0.0845
0.1675
0.126
0.00949525
0.157264
0.165751
0.187
0.173739
0.1535
0.173327
0.174
0.172
0.1355
0.143856
0.158263
0.217673
0.143
0.18091
0.1565
0.172914
0.145927
0.158421
0.00699301
0.137
0.143856
0.0969515
0.176148
0.159
0.163918
0.185
0.182726
0.0965
0.2004
0.166667
0.16092
0.16675
0.151273
0.148
0.127
0.1395
0.207
0.1355
0.110279
0.1885
0.169246
0.154845
0.1395
0.163
0.11333
0.0105
0.1685
0.206397
0.122255
0.161
0.14093
0.1845
0.143428
0.161419
0.130869
0.211682
0.212681
0.157343
0.178911
0.00549451
0.136
0.184
0.2
0.123814
0.00849575
0.166667
0.163918
0.1605
0.1465
0.192711
0.13
0.124938
0.025
0.1825
0.201299
0.0134798
0.1115
0.113443
0.122255
0.164918
0.179
0.188906
0.147926
0.175824
0.008
0.141787
0.182817
0.162756
0.1415
0.1615
0.1775
0.209395
0.155267
0.163418
0.198901
0.1765
0.159
0.156422
0.011
0.157421
0.19
0.138
0.176735
0.1665
0.132
0.195804
0.12987
0.0294558
0.092
0.171329
0.125937
0.163
0.2
0.0983525
0.1635
0.1645
0.186407
0.21197
0.2125
0.156843
0.1475
0.2125
0.173327
0.16042
0.202797
0.137931
0.1585
0.153
0.141858
0.18091
0.121
0.1995
0.152924
0.057
0.178821
0.17
0.172827
0.18023
0.116883
0.152424
0.0734266
0.128
0.178411
0.138653
0.178322
0.009
0.0229656
0.113943
0.187126
0.15
0.148
0.172914
0.131
0.147426
0.1525
0.00499251
0.00898652
0.153
0.186
0.143856
0.043978
0.182909
0.172914
0.198801
0.1885
0.17991
0.1795
0.191712
0.1455
0.0155
0.166833
0.2025
0.202
0.174
0.164
0.018981
0.174
0.198801
0.1235
0.212681
0.171158
0.149
0.022
0.17033
0.18041
0.161838
0.137
0.1665
0.0065
0.171742
0.192711
0.0275
0.143357
0.0354645
0.136296
0.183724
0.0485
0.154
0.169915
0.099
0.0264339
0.113443
0.00549451
0.18091
0.19
0.0354645
0.2135
0.0075
0.1665
0.1905
0.127936
0.162338
0.1725
0.16042
0.137
0.0089955
0.1994
0.164753
0.143285
0.138723
0.148777
0.189526
0.175412
0.197901
0.163
0.0134798
0.204898
0.0239641
0.153846
0.176735
0.0065
0.031984
0.0155
0.162
0.1335
0.177411
0.146427
0.17033
0.12
0.011
0.203
0.138431
0.1395
0.1485
0.197802
0.156266
0.1705
0.14
0.1955
0.0065
0.1725
0.182227
0.149351
0.1685
0.172914
0.00549725
0.148
0.0124875
0.136795
0.1805
0.164418
0.188
0.164
0.155345
0.173327
0.182909
0.1455
0.145
0.191904
0.189
0.125937
0.150925
0.159
0.1605
0.183908
0.184408
0.189405
0.1335
0.153
0.01
0.0948104
0.145927
0.175649
0.173
0.0824588
0.174913
0.112388
0.180729
0.164418
0.04
0.152
0.15942
0.1395
0.153923
0.178911
0.184908
0.151273
0.169246
0.153423
0.167416
0.18981
0.138653
0.1805
0.12987
0.172914
0.227772
0.0065
0.206397
0.165917
0.13993
0.173413
0.1175
0.15942
0.176823
0.169246
0.1675
0.1525
0.206897
0.007996
0.15976
0.151424
0.138
0.130435
0.170245
0.146135
0.191904
0.15
0.146927
0.157921
0.206397
0.011
0.161515
0.0294558
0.1855
0.14
0.225
0.216783
0.1735
0.0065
0.106786
0.0369815
0.15992
0.1655
0.1655
0.132
0.177411
0.1355
0.144284
0.143928
0.204194
0.14
0.157
0.171414
0.1865
0.132
0.0613772
0.133866
0.152847
0.1405
0.110889
0.011994
0.18091
0.164918
0.162837
0.1695
0.162338
0.0528678
0.195902
0.1765
0.156266
0.1945
0.0174825
0.162419
0.172242
0.143
0.209291
0.217565
0.178411
0.1775
0.1795
0.180729
0.1315
0.132934
0.0475
0.1975
0.007996
0.113943
0.18032
0.166334
0.122939
0.184
0.149
0.178411
0.1865
0.101898
0.117941
0.173327
0.0069965
0.162
0.204194
0.0144928
0.109
0.185315
0.163918
0.169915
0.169162
0.182
0.1735
0.217673
0.166417
0.157685
0.167
0.1625
0.1595
0.171742
0.1875
0.175912
0.173739
0.131434
0.1855
0.161
0.176
0.135432
0.013993
0.1585
0.152847
0.198
0.18
0.1655
0.184
0.07996
0.189405
0.1695
0.127436
0.011982
0.17
0.186
0.1955
0.2135
0.209395
0.129935
0.148926
0.154423
0.196803
0.185315
0.119
0.21
0.0075
0.0844578
0.183724
0.153423
0.093
0.1785
0.1715
0.0444778
0.125874
0.1575
0.169915
0.126437
0.202197
0.0645
0.189405
0.1395
0.178233
0.162
0.039
0.154768
0.118822
0.194403
0.136932
0.185907
0.228
0.175912
0.132934
0.159261
0.15942
0.213466
0.204898
0.143856
0.111944
0.18404
0.166
0.1795
0.1185
0.189405
0.1795
0.1695
0.163
0.017982
0.165335
0.151424
0.1655
0.1735
0.119
0.0114943
0.191904
0.0075
0.189
0.192308
0.0134865
0.194
0.188717
0.192519
0.18091
0.0354645
0.132
0.0144928
0.184
0.1555
0.1315
0.18091
0.127
0.204
0.173413
0.147852
0.133933
0.143
0.163754
0.1655
0.0374625
0.182227
0.04
0.157685
0.1715
0.157685
0.006
0.1655
0.16675
0.0125
0.188906
0.1865
0.231153
0.156687
0.185907
0.151424
0.176
0.146927
0.164336
0.154346
0.1765
0.1755
0.109336
0.1735
0.0075
0.148
0.157343
0.136863
0.21197
0.051974
0.168164
0.168416
0.1915
0.163836
0.198401
0.111944
0.202899
0.16675
0.151424
0.138
0.211682
0.214963
0.18005
0.1675
0.0565
0.1875
0.141288
0.158421
0.14985
0.158921
0.184
0.134299
0.122439
0.17324
0.125937
0.007996
0.1805
0.141929
0.18091
0.167
0.2175
0.191
0.154768
0.1765
0.155922
0.197
0.015
0.04
0.152348
0.1855
0.147
0.137
0.1415
0.00999001
0.0365
0.150925
0.1625
0.142429
0.152
0.180729
0.1705
0.137363
0.1345
0.133866
0.113886
0.185407
0.178911
0.185907
0.17
0.192711
0.0125
0.188811
0.0135
0.0659341
0.148
0.14
0.163918
0.147852
0.153
0.14043
0.16042
0.173826
0.0105
0.135729
0.109945
0.196803
0.157
0.176912
0.0145
0.147
0.1315
0.155267
0.137363
0.146
0.156344
0.1505
0.163918
0.175824
0.1855
0.181319
0.129
0.197
0.127436
0.143856
0.1333
0.156687
0.164918
0.1795
0.1265
0.118323
0.0374813
0.017991
0.168416
0.1765
0.0135
0.149425
0.0115
0.1601
0.172
0.178911
0.1825
0.00549451
0.167333
0.1785
0.1095
0.194903
0.164
0.172
0.0524738
0.128372
0.17991
0.1335
0.188811
0.153
0.177323
0.0659341
0.1485
0.1235
0.156344
0.0065
0.165417
0.0229656
0.14
0.193903
0.0229885
0.111444
0.144428
0.1795
0.2005
0.1795
0.119321
0.15992
0.148926
0.154923
0.186314
0.174913
0.156422
0.17033
0.223888
0.152847
0.170915
0.147206
0.152695
0.15
0.0065
0.1485
0.192519
0.106447
0.00799201
0.147
0.1545
0.143856
0.138431
0.16
0.157921
0.174
0.013979
0.2175
0.151273
0.129
0.167249
0.176
0.117324
0.1975
0.1715
0.007
0.18005
0.125
0.136795
0.191404
0.178144
0.019
0.147852
0.0485
0.176148
0.181319
0.0144928
0.167249
0.178
0.1485
0.1905
0.1775
0.0124875
0.137
0.1455
0.1335
0.171329
0.17324
0.1595
0.014
0.0114943
0.113943
0.168831
0.164753
0.225
0.181409
0.009
0.146927
0.1355
0.1535
0.137
0.0174825
0.167166
0.115
0.182817
0.214393
0.1805
0.152771
0.175824
0.1675
0.143713
0.188406
0.128936
0.0983525
0.1235
0.172242
0.154269
0.0564718
0.152196
0.1745
0.152
0.154
0.128936
0.184
0.211894
0.0485
0.178821
0.148426
0.019
0.1555
0.156422
0.165
0.1215
0.146
0.154269
0.124813
0.17
0.1285
0.169246
0.171414
0.0948104
0.162176
0.197303
0.112944
0.168416
0.1705
0.1765
0.136296
0.0155
0.2315
0.1085
0.173327
0.193903
0.168579
0.177323
0.138931
0.178233
0.195
0.1485
0.168831
0.1415
0.1465
0.030969
0.1325
0.187126
0.0115
0.183317
0.222
0.156344
0.0564718
0.012
0.00649675
0.21029
0.162176
0.18023
0.192308
0.1605
0.141858
0.163092
0.157
0.1125
0.099
0.109
0.1265
0.156843
0.087956
0.166417
0.1685
0.181909
0.1465
0.181909
0.148703
0.133367
0.176
0.0165
0.122
0.157264
0.1265
0.0683633
0.143713
0.189
0.1325
0.125437
0.134366
0.17033
0.134
0.1875
0.173413
0.1335
0.1775
0.158421
0.183408
0.0089955
0.154423
0.171414
0.163918
0.143856
0.192212
0.019
0.114943
0.154923
0.187812
0.194306
0.166
0.117
0.1585
0.157921
0.172156
0.192212
0.1665
0.146927
0.0075
0.195
0.15
0.149
0.120879
0.214179
0.171414
0.1095
0.1555
0.169915
0.141858
0.154
0.2135
0.218391
0.159341
0.1525
0.1355
0.152
0.00949051
0.009
0.127436
0.17
0.1795
0.183908
0.143357
0.157685
0.161258
0.1115
0.17991
0.164336
0.00848727
0.0124875
0.134433
0.163918
0.188406
0.161838
0.013
0.117
0.1525
