0.237644
0.0065
0.261369
0.234883
0.269365
0.258242
0.2265
0.235764
0.283716
0.258371
0.3285
0.264868
0.255245
0.1935
0.258113
0.212394
0.258371
0.24038
0.244
0.258871
0.230885
0.252874
0.251374
0.269365
0.2705
0.263
0.229
0.2425
0.204398
0.240399
0.2515
0.2015
0.282218
0.267099
0.262869
0.271364
0.2295
0.281
0.251123
0.2375
0.2265
0.2535
0.2665
0.25974
0.267732
0.251123
0.25362
0.2735
0.230885
0.2435
0.165417
0.272364
0.242515
0.263237
0.233883
0.27936
0.230385
0.2255
0.3005
0.266367
0.2075
0.25
0.235764
0.199201
0.273227
0.004
0.310345
0.285072
0.217891
0.264603
0.2725
0.281859
0.29
0.2665
0.264
0.216284
0.27
0.27023
0.252374
0.0149701
0.249375
0.00349825
0.21967
0.2485
0.271457
0.255617
0.2355
0.235647
0.2625
0.232384
0.3035
0.1695
0.274
0.266367
0.255
0.311189
0.244378
0.234648
0.244
0.262369
0.269365
0.288356
0.241138
0.236
0.237644
0.225774
0.204398
0.2785
0.187812
0.257871
0.284
0.248376
0.231
0.264868
0.214
0.2405
0.236382
0.265367
0.2625
0.202899
0.272591
0.252747
0.262107
0.218
0.242879
0.2615
0.2355
0.00798403
0.2385
0.2595
0.297851
0.2485
0.252747
0.275587
0.2425
0.24088
0.212894
0.275862
0.270594
0.265102
0.279221
0.259611
0.232
0.250375
0.226887
0.2185
0.267099
0.274863
0.278
0.262869
0.272
0.2505
0.2565
0.219
0.26037
0.187313
0.261
0.295352
0.25
0.257485
0.225
0.284216
0.201899
0.239
0.2735
0.2805
0.268329
0.213893
0.223
0.261608
0.285072
0.219
0.2425
0.273227
0.245
0.275449
0.258371
0.270865
0.252495
0.2475
0.256372
0.212
0.245132
0.263237
0.252
0.296
0.137931
0.204898
0.238
0.2445
0.017982
0.234648
0.255617
0.276862
0.310845
0.258371
0.264368
0.269
0.308229
0.257871
0.225
0.216
0.2425
0.2555
0.228386
0.191404
0.261976
0.2585
0.224388
0.269
0.222
0.203
0.274226
0.242258
0.247253
0.282859
0.251
0.270365
0.262369
0.195902
0.2455
0.00499251
0.268232
0.259481
0.2445
0.238881
0.271
0.251374
0.0195
0.25025
0.256872
0.266367
0.017
0.227386
0.25362
0.251
0.233
0.309845
0.241758
0.262
0.2095
0.21967
0.255245
0.203297
0.221889
0.2835
0.011
0.23
0.259
0.244511
0.258724
0.246
0.264339
0.274226
0.266367
0.25974
0.253247
0.0075
0.2425
0.277861
0.225275
0.248252
0.212
0.00798403
0.225662
0.2365
0.204398
0.2475
0.261369
0.2435
0.209
0.209291
0.275362
0.252374
0.0144928
0.256872
0.227
0.2855
0.2455
0.232
0.241259
0.2415
0.290065
0.276447
0.166917
0.2235
0.24975
0.254373
0.228771
0.257871
0.293853
0.237881
0.236882
0.247876
0.273363
0.2735
0.297
0.227886
0.2525
0.235764
0.287569
0.247752
0.2615
0.2155
0.258741
0.187
0.237406
0.271229
0.237881
0.2765
0.229385
0.2455
0.249875
0.215784
0.2245
0.2235
0.280938
0.252
0.232152
0.2485
0.250998
0.2015
0.237263
0.269
0.2485
0.274725
0.02
0.237
0.282359
0.233
0.232884
0.2425
0.261369
0.259611
0.264
0.249875
0.22039
0.27
0.28
0.222
0.2595
0.243878
0.265
0.231
0.259111
0.225
0.2195
0.2345
0.249002
0.269365
0.251748
0.2625
0.294
0.2135
0.266367
0.2445
0.22017
0.235882
0.28086
0.258113
0.286713
0.269
0.2245
0.264368
0.257871
0.310689
0.281859
0.281859
0.277805
0.244755
0.238761
0.247
0.1795
0.245
0.212681
0.253873
0.2205
0.2575
0.246377
0.246008
0.283
0.2125
0.278721
0.19511
0.265968
0.255872
0.011994
0.289066
0.203
0.225774
0.235529
0.2685
0.246131
0.1885
0.272
0.267366
0.224052
0.2345
0.227
0.276862
0.305847
0.224276
0.2455
0.273453
0.280579
0.276362
0.2675
0.26037
0.231653
0.257371
0.22977
0.244878
0.21989
0.209895
0.2095
0.22
0.232
0.2785
0.2255
0.26037
0.252621
0.2365
0.257871
0.236382
0.235882
0.278361
0.298351
0.234883
0.256872
0.309845
0.275862
0.2105
0.276862
0.234149
0.283858
0.242
0.251249
0.26037
0.248376
0.230539
0.249
0.259
0.235
0.261347
0.2485
0.272
0.254246
0.23988
0.1925
0.242
0.259
0.264735
0.246753
0.256872
0.0235
0.226274
0.282
0.213
0.227886
0.254
0.263868
0.009
0.2385
0.226
0.264
0.275
0.302349
0.2255
0.00649026
0.207481
0.216783
0.2425
0.202
0.237762
0.2245
0.231653
0.258242
0.297054
0.278361
0.25
0.2715
0.2135
0.263237
0.203297
0.231269
0.20669
0.249
0.2485
0.0114943
0.231884
0.237881
0.241379
0.272
0.271229
0.254491
0.3025
0.2585
0.228386
0.271
0.2265
0.25025
0.214393
0.229885
0.29021
0.23938
0.232767
0.262
0.234383
0.210579
0.282652
0.246
0.284715
0.186907
0.241138
0.274363
0.274725
0.187812
0.2465
0.284358
0.251
0.292354
0.2465
0.292208
0.27936
0.265
0.188218
0.2335
0.25987
0.2725
0.24975
0.264
0.26
0.2485
0.274
0.224663
0.236382
0.3025
0.283075
0.247876
0.263237
0.246377
0.264603
0.269365
0.262369
0.228386
0.231537
0.2795
0.283358
0.267866
0.2815
0.262869
0.011994
0.191404
0.216284
0.2455
0.278222
0.235382
0.272954
0.2685
0.213893
0.3025
0.227386
0.23988
0.240759
0.267732
0.227
0.27936
0.297
0.276
0.242636
0.27994
0.247253
0.25362
0.214571
0.246507
0.252874
0.287712
0.272591
0.2465
0.274863
0.278861
0.2505
0.256872
0.189
0.26
0.2595
0.242016
0.249
0.244
0.257114
0.277861
0.191404
0.236882
0.232419
0.2345
0.254246
0.310689
0.00949525
0.211
0.249002
0.230385
0.217391
0.2665
0.240399
0.2515
0.284
0.261
0.2185
0.285072
0.261976
0.223
0.24088
0.25362
0.237881
0.239141
0.2735
0.269231
0.248376
0.321357
0.246377
0.214678
0.201198
0.28
0.301548
0.244
0.1997
0.2795
0.2375
0.273363
0.263868
0.222
0.247876
0.0095
0.2665
0.260978
0.2465
0.00649351
0.227886
0.283075
0.244878
0.238
0.2315
0.261369
0.278222
0.279581
0.225887
0.254873
0.207
0.258371
0.249875
0.233
0.248
0.255245
0.222666
0.246377
0.277805
0.2535
0.234883
0.263237
0.0114943
0.259
0.276862
0.2665
0.2555
0.2015
0.2425
0.266
0.279
0.234149
0.258113
0.238761
0.277722
0.281796
0.28036
0.222167
0.235882
0.225275
0.217891
0.2245
0.221889
0.27
0.237881
0.2135
0.2365
0.237
0.228886
0.2785
0.221
0.2667
0.011
0.257371
0.258612
0.270095
0.252874
0.254873
0.2265
0.234149
0.208
0.211788
0.27
0.269596
0.327836
0.217891
0.23938
0.011994
0.0274863
0.260609
0.251249
0.005
0.220779
0.2815
0.254246
0.229271
0.288711
0.263237
0.2475
0.2635
0.246131
0.272591
0.239141
0.244256
0.244
0.229656
0.2675
0.284
0.260739
0.182
0.2625
0.27359
0.262869
0.22017
0.283858
0.204398
0.264868
0.247253
0.201798
0.265235
0.2795
0.284
0.226274
0.211
0.241379
0.2635
0.283
0.302849
0.231269
0.22977
0.2725
0.252122
0.251374
0.273726
0.214393
0.2205
0.254491
0.2425
0.2305
0.23315
0.237762
0.231269
0.0065
0.248
0.232152
0.2185
0.259
0.286857
0.209395
0.248376
0.2615
0.227886
0.25987
0.227386
0.273363
0.258724
0.251623
0.251748
0.22089
0.1875
0.224388
0.251
0.2035
0.2485
0.232884
0.285857
0.222777
0.224388
0.268232
0.267866
0.311344
0.236645
0.274089
0.296
0.28
0.208
0.248876
0.22089
0.2495
0.285714
0.207896
0.2425
0.2055
0.268731
0.2565
0.266
0.259
0.251874
0.261239
0.2815
0.011994
0.268731
0.269231
0.235764
0.252
0.2315
0.23988
0.259611
0.0035
0.176912
0.252874
0.2475
0.2865
0.255372
0.258113
0.1845
0.2205
0.241379
0.270594
0.249
0.203297
0.225275
0.18981
0.278721
0.274226
0.268597
0.237381
0.294
0.2635
0.2055
0.0255
0.2455
0.311189
0.269596
0.217891
0.26037
0.2385
0.246254
0.238881
0.245
0.0035
0.248
0.287356
0.218
0.251374
0.257742
0.247376
0.256
0.22
0.24038
0.228386
0.190215
0.269365
0.228158
0.271364
0.213393
0.0035
0.277584
0.187812
0.215784
0.248376
0.297
0.264471
0.2505
0.2455
0.284
0.225662
0.255988
0.269
0.254
0.0114943
0.219171
0.28
0.3165
0.204398
0.243378
0.216284
0.249375
0.28
0.227
0.265367
0.238761
0.202993
0.226387
0.244878
0.257871
0.281359
0.254873
0.281
0.254873
0.258724
0.22
0.283075
0.237
0.2085
0.257243
0.237263
0.2555
0.273227
0.00549725
0.270095
0.26037
0.153
0.216783
0.277
0.0149701
0.263736
0.26011
0.242772
0.2455
0.260739
0.297
0.244878
0.237
0.3005
0.233383
0.2025
0.275449
0.2465
0.269596
0.24038
0.256372
0.211078
0.232419
0.222777
0.274863
0.3165
0.242
0.23
0.246883
0.256
0.247253
0.2365
0.00698952
0.258612
0.315842
0.22666
0.219
0.237406
0.255245
0.2355
0.00349825
0.272954
0.24
0.2305
0.280719
0.27994
0.288136
0.204398
0.292354
0.214393
0.220779
0.252874
0.009
0.23938
0.188218
0.264236
0.261369
0.225774
0.237
0.227
0.2625
0.2255
0.257
0.282859
0.2525
0.2795
0.241
0.248252
0.231
0.213393
0.229656
0.26037
0.27
0.27986
0.26024
0.26037
0.235
0.253
0.246
0.251249
0.3025
0.00449326
0.259
0.213393
0.235882
0.2665
0.263868
0.18981
0.273
0.00549451
0.242757
0.221389
0.238881
0.261
0.258871
0.243756
0.3085
0.255872
0.2365
0.266467
0.24026
0.1845
0.263868
0.225275
0.248876
0.241379
0.254873
0.2455
0.236146
0.271593
0.271864
0.257871
0.249875
0.2785
0.282859
0.274363
0.256
0.272864
0.195
0.265367
0.281
0.227886
0.27
0.248376
0.235882
0.272364
0.207481
0.226887
0.235
0.258371
0.237
0.1985
0.2475
0.223054
0.2685
0.28657
0.0105
0.225662
0.1795
0.011994
0.2615
0.237
0.015992
0.23004
0.254246
0.269
0.00499251
0.1825
0.261869
0.274089
0.268329
0.266467
0.2335
0.273952
0.252374
0.237263
0.0185
0.279441
0.206
0.2585
0.250125
0.248252
0.2445
0.261369
0.225887
0.2895
0.310345
0.244
0.281578
0.272364
0.235882
0.225387
0.256872
0.261738
0.2695
0.247
0.286857
0.272
0.3002
0.259611
0.2315
0.247
0.241379
0.287
0.2315
0.284
0.233883
0.292354
0.265367
0.262869
0.2855
0.2485
0.233383
0.26
0.251249
0.211
0.007
0.228386
0.265867
0.190215
0.248252
0.227545
0.248376
0.2405
0.249
0.221279
0.2025
0.212894
0.26037
0.265867
0.011
0.2055
0.2465
0.24975
0.281
0.228886
0.0114943
0.315842
0.23938
0.251374
0.227886
0.2455
0.277722
0.254246
0.270594
0.215
0.240759
0.265867
0.216392
0.289
0.275862
0.249375
0.272
0.281359
0.282717
0.25
0.27359
0.3005
0.2535
0.233
0.275862
0.205794
0.217391
0.0035
0.212
0.267366
0.236882
0.253873
0.00599101
0.230885
0.24
0.255489
0.229885
0.2465
0.2265
0.272864
0.190215
0.269365
0.259241
0.2325
0.218
0.2425
0.2455
0.222
0.232
0.252248
0.191404
0.2235
0.2505
0.252
0.266966
0.327836
0.229
0.25987
0.211
0.271364
0.2495
0.3145
0.2525
0.260479
0.252122
0.244633
0.2495
0.277861
0.28
0.2785
0.22977
0.282859
0.2635
0.2425
0.227046
0.2085
0.230885
0.254119
0.2815
0.017982
0.232884
0.230885
0.2515
0.2405
0.0124813
0.259241
0.240759
0.2705
0.1765
0.238262
0.0379431
0.2575
0.268232
0.227159
0.265367
0.282
0.169162
0.217891
0.264236
0.226274
0.2705
0.24389
0.264868
0.253
0.25998
0.2265
0.266101
0.006
0.232767
0.263
0.298202
0.193
0.007996
0.208
0.2015
0.211
0.251
0.226
0.235764
0.2666
0.26037
0.28
0.247876
0.316842
0.24038
0.286857
0.242258
0.2785
0.276
0.186907
0.2805
0.247876
0.261608
0.246254
0.265
0.265
0.2055
0.2035
0.28
0.2595
0.2805
0.25987
0.23938
0.241259
0.262238
0.269365
0.278861
0.245632
0.274863
0.29985
0.258
0.258
0.264603
0.241259
0.2315
0.197
0.249251
0.252747
0.232884
0.1825
0.246507
0.234648
0.272591
0.236
0.2015
0.2275
0.299
0.2125
0.269365
0.21939
0.283358
0.256872
0.298351
0.241758
0.2675
0.272
0.238761
0.237
0.00549725
0.296703
0.282652
0.26037
0.2585
0.2625
0.269865
0.2405
0.3
0.266101
0.252
0.237
0.27359
0.263868
0.182
0.2235
0.285857
0.288856
0.230385
0.238881
0.282218
0.219
0.23004
0.195804
0.269231
0.253746
0.22977
0.238
0.282359
0.261738
0.281359
0.2255
0.248252
0.222666
0.239141
0.22089
0.202899
0.216783
0.262869
0.227046
0.2145
0.263237
0.00649351
0.232884
0.265
0.278222
0.309845
0.153
0.248376
0.2615
0.185315
0.241
0.271364
0.254373
0.2885
0.233
0.223665
0.315842
0.286857
0.195
0.272954
0.235
0.2725
0.195
0.2665
0.261
0.257
0.265367
0.237
0.263
0.239141
0.310224
0.247253
0.222
0.186907
0.226
0.217891
0.238761
0.296
0.242258
0.2355
0.239
0.258371
0.272
0.205794
0.275862
0.256372
0.23
0.258741
0.2565
0.231269
0.238262
0.261
0.277361
0.24026
0.2555
0.262
0.26024
0.2715
0.236763
0.24038
0.241879
0.262238
0.202
0.209291
0.227159
0.211
0.246377
0.23
0.248376
0.201798
0.2445
0.252874
0.236882
0.245
0.272591
0.297
0.254873
0.264868
0.2465
0.241
0.211
0.289355
0.260739
0.251623
0.277861
0.23
0.015992
0.2025
0.233
0.264236
0.215
0.256372
0.2455
0.2375
0.24663
0.254373
0.228886
0.2465
0.231
0.2615
0.262
0.222
0.228272
0.237381
0.238881
0.2835
0.297
0.2665
0.259611
0.233383
0.253746
0.262369
0.234032
0.273227
0.245377
0.255489
0.258371
0.2795
0.258724
0.005
0.219
0.226387
0.0379431
0.249
0.211
0.288856
0.0334331
0.246883
0.301548
0.228386
0.269231
0.257
0.280719
0.243
0.265
0.254873
0.288856
0.229
0.240639
0.2785
0.29985
0.278861
0.244511
0.251249
0.259
0.26037
0.2255
0.271956
0.185315
0.272591
0.269865
0.287712
0.237406
0.2375
0.232152
0.252374
0.2485
0.258871
