0.2495
0.261
0.223776
0.261608
0.237762
0.240759
0.3055
0.2625
0.2255
0.2635
0.2875
0.005997
0.228386
0.29
0.24088
0.281718
0.245377
0.283575
0.2325
0.288356
0.265
0.233383
0.288356
0.237
0.241879
0.241879
0.2565
0.245754
0.267465
0.222278
0.182817
0.281859
0.23
0.303348
0.219
0.0134933
0.01997
0.285572
0.20399
0.280439
0.248627
0.275362
0.2465
0.2585
0.273227
0.2645
0.237381
0.252
0.268866
0.205192
0.294763
0.283716
0.245877
0.248376
0.2265
0.2205
0.2285
0.21984
0.241259
0.242
0.193403
0.223553
0.230769
0.2355
0.254
0.249875
0.2475
0.2805
0.3045
0.267
0.2705
0.310345
0.203297
0.249
0.24
0.1865
0.275312
0.303
0.26
0.2535
0.2365
0.269865
0.219
0.240639
0.2615
0.193403
0.236527
0.269
0.238
0.297351
0.247006
0.254
0.268098
0.274363
0.17941
0.261869
0.307846
0.236
0.248376
0.266867
0.2615
0.187406
0.276224
0.216675
0.298351
0.266733
0.2505
0.005
0.253
0.267099
0.296852
0.246753
0.274226
0.252248
0.228886
0.1805
0.215392
0.244389
0.241
0.265
0.214286
0.243878
0.24
0.265367
0.25
0.275862
0.237
0.2455
0.0045
0.268
0.2595
0.2335
0.2595
0.258
0.228771
0.2445
0.268232
0.232268
0.232268
0.277361
0.284
0.259
0.279302
0.248376
0.25987
0.273363
0.246877
0.236527
0.263736
0.248376
0.25
0.264
0.206088
0.194403
0.279221
0.293207
0.255872
0.255
0.2585
0.237381
0.194306
0.2585
0.173913
0.2595
0.194306
0.2515
0.2135
0.248376
0.290855
0.259111
0.2615
0.257
0.294353
0.176324
0.27
0.2355
0.258
0.210789
0.262
0.007
0.204
0.2365
0.2505
0.25987
0.255245
0.284
0.2405
0.248252
0.263368
0.242757
0.2795
0.274863
0.253873
0.247876
0.251374
0.1855
0.195804
0.258871
0.253873
0.294763
0.244256
0.281
0.2625
0.2625
0.306
0.007
0.2745
0.237525
0.281359
0.206793
0.261
0.223665
0.261738
0.264868
0.262
0.276224
0.2145
0.291563
0.289
0.26
0.2265
0.231
0.2295
0.271364
0.248252
0.235764
0.251748
0.250624
0.225275
0.2515
0.2325
0.247
0.290855
0.255
0.271364
0.176735
0.244633
0.227
0.277
0.014
0.0154923
0.255489
0.283575
0.2515
0.2425
0.28
0.215177
0.262869
0.251
0.2955
0.007
0.257371
0.2345
0.263736
0.184908
0.244878
0.217891
0.254618
0.222
0.203898
0.249875
0.26011
0.291209
0.2495
0.246377
0.276862
0.256743
0.1865
0.2665
0.288856
0.2485
0.234
0.283075
0.258371
0.266
0.253
0.258871
0.287425
0.2545
0.2435
0.248252
0.24
0.266
0.229
0.245
0.23
0.251123
0.258371
0.2495
0.267099
0.24975
0.268
0.2525
0.2195
0.247
0.2585
0.2525
0.256372
0.270594
0.2275
0.226387
0.269
0.254
0.271
0.2003
0.24038
0.308
0.251374
0.268463
0.29306
0.248376
0.236882
0.277445
0.246877
0.261239
0.247
0.261108
0.247876
0.288711
0.014
0.2615
0.275862
0.2505
0.235382
0.242636
0.224888
0.254
0.274863
0.221389
0.29306
0.247253
0.27
0.244256
0.235882
0.293353
0.218563
0.282359
0.22039
0.270365
0.286857
0.006
0.291854
0.2565
0.1994
0.0105
0.211577
0.275087
0.238
0.284216
0.257614
0.204795
0.2305
0.269691
0.260739
0.258371
0.269231
0.2405
0.2645
0.286
0.23988
0.287
0.2765
0.22017
0.238381
0.235265
0.2515
0.2835
0.263868
0.248376
0.25362
0.218
0.261369
0.224
0.228886
0.257114
0.2285
0.286214
0.2725
0.282
0.241
0.211577
0.256244
0.225
0.241879
0.242757
0.2285
0.257114
0.2275
0.2125
0.265
0.2585
0.232036
0.2555
0.212
0.274863
0.254745
0.288
0.269865
0.301349
0.265867
0.2405
0.254373
0.277
0.261869
0.252
0.231
0.256743
0.236
0.242757
0.281359
0.236146
0.237762
0.229
0.288423
0.26087
0.20669
0.2985
0.249
0.2555
0.249875
0.271956
0.270865
0.2375
0.187
0.240759
0.2525
0.295
0.29985
0.251123
0.291354
0.246
0.216
0.243
0.291354
0.266
0.287356
0.2675
0.243
0.2275
0.219281
0.24
0.296555
0.285215
0.24088
0.253
0.232152
0.266
0.257
0.254873
0.273363
0.263237
0.221279
0.232036
0.237263
0.2675
0.242515
0.239
0.277
0.26
0.283
0.276224
0.2875
0.249
0.265602
0.268463
0.2795
0.272228
0.254491
0.236382
0.221279
0.296352
0.24
0.279081
0.284858
0.2795
0.2735
0.268366
0.236
0.2585
0.261369
0.253373
0.236882
0.2665
0.263237
0.165751
0.242879
0.225
0.237381
0.255744
0.2315
0.252874
0.23988
0.194403
0.237
0.278582
0.273363
0.279221
0.227545
0.316842
0.169246
0.2335
0.24038
0.22
0.217891
0.295
0.29
0.268098
0.234266
0.273363
0.24
0.2505
0.26024
0.2625
0.2315
0.234
0.2505
0.276723
0.2525
0.265
0.247
0.284431
0.269365
0.234149
0.245632
0.169246
0.274226
0.275362
0.251123
0.23988
0.2885
0.287569
0.2895
0.2615
0.287
0.0129741
0.2385
0.2655
0.198
0.23976
0.232
0.235
0.274
0.25025
0.237525
0.203
0.014
0.264
0.210185
0.2645
0.288356
0.292707
0.271229
0.244755
0.248252
0.2655
0.249
0.274226
0.218563
0.1975
0.276086
0.219
0.2625
0.239
0.287
0.257
0.216783
0.2045
0.237381
0.285928
0.275
0.271728
0.224276
0.200699
0.242757
0.2715
0.266867
0.302198
0.282859
0.232
0.246877
0.256872
0.2705
0.2345
0.217891
0.227
0.187
0.2605
0.2235
0.244256
0.2655
0.27986
0.243
0.234883
0.290855
0.2485
0.249
0.274
0.251123
0.242636
0.285357
0.2505
0.266
0.273363
0.243
0.248376
0.259
0.21939
0.257614
0.26024
0.256244
0.218891
0.251374
0.245632
0.245
0.24
0.218781
0.2705
0.2175
0.274
0.234883
0.25
0.255245
0.249875
0.176412
0.257
0.250125
0.236882
0.282359
0.24975
0.256116
0.2405
0.273363
0.282717
0.2555
0.283
0.207
0.243378
0.301199
0.0104948
0.2665
0.2515
0.2775
0.222
0.1385
0.203898
0.2645
0.215392
0.284074
0.247376
0.262869
0.236146
0.258
0.293619
0.244378
0.216392
0.2325
0.253493
0.254745
0.287
0.2665
0.2345
0.245632
0.243378
0.242
0.170415
0.2665
0.2645
0.247505
0.277584
0.229156
0.244
0.009
0.252248
0.243135
0.314685
0.2355
0.211894
0.25937
0.2635
0.275724
0.2635
0.245
0.2675
0.195804
0.263
0.278582
0.0045
0.2775
0.238
0.254618
0.2615
0.268
0.2565
0.236882
0.233883
0.264236
0.226887
0.270365
0.25987
0.26037
0.234149
0.210395
0.2285
0.232767
0.236
0.226387
0.281
0.2505
0.2405
0.278083
0.29306
0.2795
0.287
0.270865
0.0084788
0.1385
0.2595
0.263736
0.227
0.25974
0.2175
0.278
0.269
0.228386
0.24038
0.250624
0.266
0.254745
0.247376
0.249
0.278861
0.243257
0.230385
0.2705
0.278361
0.248376
0.249875
0.268366
0.249126
0.211
0.245
0.247253
0.301199
0.239261
0.2135
0.252248
0.2715
0.21
0.277223
0.2345
0.287356
0.236
0.226274
0.227159
0.245377
0.237762
0.2245
0.251623
0.251623
0.224888
0.266733
0.00549725
0.2855
0.242879
0.228272
0.2575
0.257243
0.183816
0.268
0.282859
0.2495
0.230385
0.294206
0.266
0.248627
0.2895
0.236645
0.229
0.2385
0.180819
0.2685
0.249875
0.2235
0.265
0.287213
0.2145
0.2495
0.183724
0.235382
0.268597
0.2675
0.2855
0.2425
0.254491
0.248
0.283075
0.248376
0.283
0.237
0.281
0.291708
0.256244
0.256244
0.234266
0.241879
0.291
0.237525
0.206088
0.2155
0.227386
0.253
0.287425
0.233883
0.197401
0.266867
0.288423
0.218391
0.208188
0.264368
0.291209
0.256244
0.2285
0.297
0.218781
0.291354
0.244256
0.290564
0.276224
0.243135
0.233383
0.2425
0.2505
0.269
0.236264
0.250375
0.239
0.248376
0.251
0.252874
0.2405
0.00648379
0.249
0.273227
0.2645
0.297
0.254
0.291
0.241638
0.2375
0.282934
0.249375
0.242
0.2585
0.252621
0.245877
0.255744
0.238
0.3
0.246877
0.284
0.2915
0.197
0.264603
0.2815
0.2965
0.257371
0.2365
0.268463
0.226274
0.3055
0.255
0.267099
0.286
0.213287
0.26
0.257
0.269865
0.245754
0.215177
0.28086
0.23365
0.264603
0.232152
0.1855
0.269
0.2455
0.242879
0.223165
0.2635
0.291354
0.245264
0.215892
0.256872
0.244256
0.295852
0.225887
0.241879
0.22977
0.2625
0.234266
0.2685
0.251374
0.011976
0.277223
0.236
0.294705
0.213893
0.2255
0.252874
0.289211
0.016
0.255
0.257
0.292
0.2525
0.2555
0.249
0.180819
0.2635
0.25987
0.24663
0.2695
0.279581
0.227
0.269865
0.2325
0.286713
0.280719
0.2045
0.255744
0.292354
0.268098
0.2735
0.3045
0.2625
0.2575
0.254745
0.2115
0.245
0.294264
0.241379
0.256372
0.222
0.261239
0.242
0.296555
0.248
0.2705
0.2655
0.239641
0.256
0.235882
0.2285
0.293853
0.239
0.259611
0.265734
0.255872
0.221778
0.236882
0.298701
0.2375
0.176324
0.266367
0.253
0.281359
0.238
0.26087
0.005
0.204795
0.252
0.282218
0.241879
0.267465
0.236382
0.307846
0.2325
0.2003
0.2305
0.297
0.236146
0.239261
0.268098
0.29491
0.242
0.245877
0.272864
0.271364
0.198302
0.2515
0.249375
0.26497
0.268463
0.2305
0.261239
0.245
0.249875
0.281578
0.1895
0.262
0.264868
0.258113
0.267366
0.298
0.253
0.261
0.2145
0.27986
0.229
0.218781
0.247752
0.2355
0.2585
0.261
0.291209
0.284858
0.268
0.2625
0.284
0.256244
0.2575
0.252248
0.28086
0.286214
0.242
0.2205
0.261738
0.275862
0.2825
0.2795
0.241
0.2895
0.288068
0.2685
0.238
0.21
0.227386
0.235764
0.285357
0.2195
0.256372
0.263605
0.255489
0.274813
0.247
0.006
0.011976
0.265367
0.00549451
0.2245
0.215892
0.30085
0.2555
0.1805
0.218391
0.274863
0.287213
0.248252
0.2525
0.227886
0.2495
0.23938
0.243
0.2155
0.225
0.245877
0.244
0.245877
0.250125
0.224888
0.2045
0.243257
0.236382
0.226887
0.270729
0.005
0.245
0.264868
0.2555
0.257614
0.26037
0.2795
0.223665
0.249
0.2245
0.2825
0.228543
0.277584
0.251874
0.2615
0.271364
0.261738
0.2815
0.2705
0.234383
0.254745
0.176324
0.268
0.206088
0.236
0.263237
0.268731
0.2285
0.194
0.2625
0.240759
0.297851
0.251123
0.255245
0.253
0.203898
0.199
0.284216
0.262107
0.265
0.2965
0.2295
0.270865
0.2325
0.252874
0.26024
0.2495
0.217283
0.268866
0.25987
0.2705
0.261738
0.307846
0.291708
0.287856
0.240279
0.215892
0.263
0.194403
0.2375
0.268866
0.322839
0.202298
0.261369
0.2495
0.254
0.168332
0.241379
0.208
0.305
0.287856
0.005997
0.254373
0.276862
0.255872
0.245377
0.2245
0.2365
0.197
0.278222
0.245377
0.250749
0.305847
0.292208
0.221389
0.237026
0.2645
0.0109835
0.304848
0.271229
0.224052
0.2625
0.265102
0.2345
0.23938
0.295
0.2465
0.261239
0.00549725
0.2175
0.294853
0.261738
0.271
0.208188
0.245132
0.250875
0.29306
0.223388
0.2965
0.263868
0.2565
0.2575
0.2715
0.254873
0.1975
0.239521
0.241879
0.269865
0.264868
0.2655
0.263105
0.271
0.254745
0.267
0.2565
0.236
0.245
0.275862
0.2535
0.293353
0.249875
0.2325
0.2245
0.21
0.2825
0.283716
0.245632
0.2655
0.218391
0.265602
0.2495
0.245632
0.2605
0.212
0.205192
0.269231
0.252
0.2695
0.253
0.168332
0.239
0.255872
0.009
0.255872
0.251996
0.254
0.268
0.2305
0.277361
0.235764
0.239641
0.263972
0.2505
0.268366
0.228
0.261108
0.22
0.2145
0.273363
0.208
0.2115
0.209291
0.272591
0.0115
0.278222
0.2505
0.252
0.2285
0.2525
0.239641
0.264868
0.29
0.268463
0.222278
0.282218
0.252
0.2435
0.240279
0.23938
0.245377
0.2575
0.228386
0.2765
0.252122
0.2515
0.260739
0.290855
0.222
0.2255
0.28036
0.218
0.203297
0.252
0.301
0.228886
0.257
0.244878
0.009
0.25987
0.270365
0.273363
0.253873
0.246753
0.24
0.276224
0.284074
0.261108
0.246877
0.216783
0.255872
0.222
0.2645
0.24038
0.268731
0.234266
0.267866
0.249375
0.2345
0.273363
0.249875
0.268866
0.232884
0.00349825
0.246377
0.238
0.28
0.249875
0.2815
0.2505
0.266
0.283716
0.283358
0.284074
0.2675
0.29
0.2495
0.211682
0.249
0.244256
0.230769
0.289211
0.254873
0.2635
0.26024
0.232651
0.289
0.2345
0.259611
0.218
0.2875
0.247376
0.224276
0.293853
0.204795
0.241638
0.245877
0.204795
0.219
0.2375
0.246
0.25312
0.245
0.251748
0.0035
0.28
0.241
0.257114
0.21029
0.243
0.248252
0.176735
0.232036
0.268232
0.2435
0.218891
0.2725
0.248627
0.264868
0.206191
0.26
0.281578
0.239
0.247876
0.254745
0.275362
0.23938
0.256372
0.252
0.235382
0.251123
0.2575
0.239022
0.296555
0.291854
0.251
0.237263
0.273363
0.288856
0.238
0.235
0.253373
0.221168
0.248376
0.252374
0.277584
0.258982
0.240759
0.235382
0.302198
0.2805
0.269865
0.236882
0.243135
0.239141
0.253873
0.281859
0.29
0.279221
0.279581
0.237881
0.265602
0.262369
0.2655
0.2765
0.274813
0.259611
0.2595
0.258982
0.256743
0.241259
0.23938
0.197401
0.251374
0.276723
0.316842
0.31984
0.308846
0.228272
0.194306
0.265
0.2315
0.270365
0.269596
0.288711
0.282359
0.2675
0.238
0.260739
0.245632
0.277361
0.279221
0.265
0.27986
0.251374
0.223553
0.00649026
0.263368
0.252874
0.264868
0.246254
0.264868
0.282218
0.265867
0.253873
0.2135
0.301
0.243257
0.268
0.291
0.277861
0.2295
0.282077
0.236264
0.24975
0.269365
0.277361
0.277223
0.228886
0.236882
0.2515
0.2003
0.2795
0.241379
0.261369
0.295557
0.246877
0.262
0.290855
0.255744
0.245509
0.2575
0.271229
0.258741
0.26037
0.169246
0.243257
0.268866
0.2765
0.223165
0.2625
0.275862
0.249
0.2685
0.235
0.25
0.300748
0.287
0.0104948
0.24975
0.264
0.252874
0.217391
0.1994
0.23
0.213893
0.283075
0.228
0.234765
0.283
0.24
0.0105
0.250375
0.260739
0.257
0.23938
0.283575
0.275862
0.246877
0.2575
0.241259
0.245
0.2745
0.2675
0.2625
0.271364
0.282218
0.20399
0.308
0.251123
0.2365
0.254
0.176735
0.200699
0.241638
0.252621
0.214893
0.2455
0.1999
0.183816
0.285572
0.256372
0.283
0.24
0.265
0.263
0.273363
0.2305
0.291209
0.229656
0.262
0.2825
0.265
0.227386
0.270594
0.2585
0.295
0.27
0.2385
0.246877
0.282859
0.270365
0.3005
0.253
0.236882
0.257114
0.291354
0.262
0.25987
0.234383
0.277361
0.266367
0.2325
0.260739
0.257
0.252248
0.303348
0.238
0.2365
0.268463
0.285572
0.226387
0.283575
0.293619
0.246877
0.253873
0.308
0.269096
0.303
0.271728
0.276362
0.23
0.2865
0.243513
0.229156
0.269231
0.291209
0.195305
0.2665
0.233267
0.270594
0.271728
0.1999
0.294853
0.2635
0.25
0.01997
0.227545
0.289211
0.2575
0.23
0.2545
0.2555
0.246877
0.234383
0.010978
0.2155
0.242636
0.2125
0.196803
0.216392
0.2285
0.17941
0.218891
0.232
0.198
0.0035
0.2705
0.184408
0.265
0.24026
0.28086
0.245377
0.2145
0.2745
0.2015
0.263736
0.252248
0.273227
0.301
0.2755
0.2575
0.254873
0.176735
0.187406
0.217
0.212394
0.261369
0.242
0.2365
0.241758
0.223388
0.25987
0.0115
0.2315
0.256372
0.266
0.23027
0.252374
0.248876
0.252874
0.26024
0.243
0.226387
0.229
0.2425
0.248876
0.24
0.217891
0.264603
0.294206
0.266
0.2705
0.249
0.266367
0.187
0.264868
0.271229
0.00549451
0.267099
0.283
0.24038
0.229
0.227886
0.285357
0.2795
0.2515
0.0115
0.244256
0.00649026
0.269865
0.273363
0.257
0.0145
0.267964
0.243257
0.297203
0.275948
0.287
0.285357
0.268
0.273227
0.23988
0.265968
0.237381
0.227
0.237881
0.321339
0.273227
0.291209
0.22
0.298
0.261
0.291854
0.245877
0.257485
0.233383
0.22017
0.254246
0.202298
0.300748
0.249375
0.254873
0.242
0.266867
0.270095
0.298
0.221667
0.237026
0.2855
0.230385
0.2205
0.2645
0.0109835
0.252874
0.248
0.2505
0.2295
0.2435
0.26
0.2795
0.277584
0.233267
0.2505
0.2335
0.284858
0.271364
0.296852
0.2495
0.211
0.241758
0.245
0.223888
0.261738
0.295852
0.252
0.2655
0.236882
0.26037
0.292707
0.2345
0.2265
0.247876
0.273227
0.26
0.306
0.2415
0.00349825
0.254373
0.230885
0.269231
0.243257
0.224663
0.2755
0.261869
0.211682
0.274226
0.227159
0.237881
0.205897
0.244633
0.2745
0.267964
0.250624
0.255872
0.288212
0.253873
0.2765
0.295852
0.214286
0.228272
0.2665
0.276224
0.24026
0.276585
0.210185
0.265367
0.262869
0.254373
0.266101
0.2305
0.239641
0.261738
0.273363
0.2385
0.275225
0.242137
0.252374
0.242
0.237762
0.287356
0.241018
0.2004
0.310345
0.25
0.267866
0.2275
0.2675
0.221778
0.245264
0.270594
0.245877
0.26024
0.17941
0.271728
0.00649026
0.2965
0.282218
0.224164
0.2855
0.2505
0.2355
0.2495
0.301199
0.215392
0.150425
0.20399
0.2815
0.289211
0.282218
0.2645
0.223888
0.265734
0.256872
0.304848
0.237762
0.00648379
0.261369
0.277584
0.2985
0.249002
0.224276
0.261869
0.2535
0.2265
0.268866
0.291708
0.267732
0.253
0.2285
0.25
0.0104948
0.2345
0.253
0.248376
0.2705
0.287213
0.2915
0.215
0.253
0.287356
0.176735
0.247876
0.2355
0.237381
0.252248
0.229
0.2825
0.236
0.247253
0.241
0.2285
0.237
0.280719
0.234883
0.2135
0.239
0.197401
0.222555
0.2155
0.23976
0.262869
0.2675
0.245632
0.2685
0.2725
0.221279
0.278
0.2565
0.2485
0.185407
0.227386
0.269865
0.2295
0.216783
0.180819
0.282359
0.2175
0.245377
0.322839
0.273363
0.242893
0.218563
0.245877
0.246
0.282717
0.239641
0.2625
0.261
0.1994
0.223165
0.259
0.273363
0.2585
0.237026
0.286713
0.2195
0.246
0.256372
0.21
0.261369
0.217391
0.275724
0.268098
0.011477
0.252374
0.23365
0.268366
0.254
0.216
0.274226
0.255372
0.285215
0.262869
0.2535
0.2666
0.2245
0.274
0.252374
0.246877
0.235382
0.2825
0.225162
0.2245
0.28086
0.2295
0.253
0.252874
0.216392
0.0104948
0.283
0.228886
0.2795
0.267366
0.2645
0.294206
0.2675
0.2575
0.245632
0.264368
0.21029
0.234765
0.247376
0.254491
0.265367
0.258982
0.264
0.280719
0.268731
0.00649026
0.250499
0.204296
0.254373
0.270594
0.229156
0.245632
0.2215
0.254745
0.2205
0.00649026
0.25
0.2775
0.247629
0.267866
0.27023
0.256872
0.238
0.249875
0.216392
0.2665
0.2295
0.228272
0.245264
0.217782
0.252248
0.0045
