0.279
0.277861
0.2465
0.266367
0.292561
0.29
0.303348
0.258
0.289
0.235
0.319181
0.2475
0.241138
0.257
0.2905
0.2575
0.209291
0.2735
0.2835
0.231153
0.255744
0.30085
0.256
0.249126
0.248
0.26087
0.301849
0.2375
0.346
0.245377
0.289355
0.306847
0.272864
0.302849
0.27
0.275
0.282793
0.2525
0.2685
0.317365
0.288856
0.257
0.254373
0.261
0.270865
0.274226
0.312
0.194
0.237
0.2655
0.278
0.2875
0.266
0.2805
0.315684
0.288711
0.256615
0.30035
0.27
0.2525
0.221389
0.2835
0.3165
0.299551
0.28022
0.010989
0.302
0.240759
0.253373
0.267732
0.234883
0.248376
0.22
0.212
0.2535
0.2425
0.2375
0.262107
0.284
0.3165
0.298351
0.289
0.266234
0.2445
0.276
0.251874
0.256244
0.263
0.287282
0.267732
0.293
0.28971
0.258113
0.286857
0.214893
0.28022
0.250125
0.304
0.2975
0.2605
0.249626
0.271593
0.252747
0.254373
0.262369
0.330005
0.325337
0.272364
0.274725
0.235
0.2665
0.3075
0.2985
0.258
0.247376
0.264868
0.250624
0.285215
0.2875
0.2765
0.276086
0.242879
0.00949525
0.281078
0.312344
0.272
0.244
0.231884
0.295704
0.249
0.2475
0.304
0.2885
0.2925
0.3085
0.285
0.260978
0.32034
0.275724
0.2565
0.292
0.2675
0.288856
0.311
0.303
0.246753
0.295908
0.297
0.248376
0.313716
0.288856
0.285857
0.270459
0.311844
0.294
0.2645
0.25
0.24
0.2885
0.270095
0.314
0.261869
0.252374
0.274
0.301849
0.286071
0.249251
0.228386
0.258113
0.28036
0.297851
0.2555
0.222389
0.175237
0.30035
0.2745
0.256372
0.28971
0.269096
0.238
0.2805
0.2785
0.2425
0.291
0.309
0.2565
0.253493
0.3015
0.00848727
0.0134933
0.283858
0.281859
0.3075
0.224
0.2735
0.247129
0.278222
0.3145
0.280719
0.217174
0.23988
0.271
0.291
0.283075
0.242
0.2535
0.3205
0.256872
0.294206
0.302198
0.272
0.2845
0.243756
0.279
0.28022
0.26384
0.0174913
0.194
0.244
0.269
0.2135
0.244134
0.232651
0.245754
0.2575
0.278
0.289355
0.217391
0.287
0.255988
0.2565
0.257871
0.298351
0.254119
0.3075
0.245763
0.282576
0.250875
0.248751
0.257871
0.302198
0.276
0.271956
0.292354
0.2175
0.236
0.286
0.298701
0.3075
0.272
0.285072
0.237881
0.2745
0.272591
0.3015
0.232268
0.2585
0.0114943
0.217391
0.266
0.301349
0.27
0.28008
0.2645
0.282859
0.288
0.3165
0.276086
0.26087
0.276585
0.292354
0.297
0.247129
0.282576
0.2815
0.255372
0.3075
0.302
0.302349
0.285072
0.248252
0.271864
0.247876
0.346
0.2945
0.257871
0.275
0.269461
0.241138
0.271093
0.283
0.257
0.262737
0.262107
0.297851
0.2895
0.273863
0.283858
0.262
0.2775
0.283358
0.282218
0.2915
0.2525
0.259
0.2535
0.226
0.277722
0.28036
0.272092
0.271
0.271593
0.26037
0.257871
0.319021
0.273227
0.268
0.2975
0.230769
0.302244
0.2415
0.271864
0.27
0.249875
0.0114943
0.294206
0.23976
0.31934
0.258
0.271864
0.257871
0.2265
0.2475
0.271
0.26087
0.238262
0.301
0.299551
0.263868
0.222889
0.276
0.285857
0.295352
0.25
0.278222
0.236
0.302244
0.293
0.270865
0.281718
0.257
0.242258
0.2645
0.2535
0.2905
0.24038
0.245632
0.010989
0.297
0.269096
0.284358
0.249875
0.288856
0.263972
0.237644
0.300898
0.267465
0.271864
0.291209
0.301
0.281936
0.283
0.272864
0.265367
0.245255
0.282435
0.26
0.2175
0.239641
0.0085
0.299
0.256743
0.262869
0.265102
0.260739
0.175237
0.284573
0.2875
0.2615
0.194
0.282
0.263
0.282576
0.2395
0.2595
0.2565
0.233
0.290355
0.257
0.279
0.265602
0.315684
0.292914
0.270729
0.2745
0.222389
0.237
0.282435
0.230923
0.224
0.267732
0.255372
0.2505
0.270365
0.271093
0.296352
0.234883
0.245632
0.234883
0.254119
0.302047
0.253
0.296
0.235265
0.3085
0.00848727
0.273363
0.264
0.2395
0.261869
0.246753
0.256244
0.251374
0.263868
0.271364
0.285072
0.2495
0.274863
0.245
0.250875
0.284358
0.306693
0.279
0.252747
0.230385
0.260739
0.286071
0.2405
0.271364
0.2585
0.2545
0.207792
0.29021
0.330005
0.2575
0.250875
0.253873
0.248
0.15992
0.2595
0.2595
0.29
0.27936
0.270365
0.318
0.291209
0.282859
0.287
0.237381
0.254
0.293853
0.314
0.286071
0.251374
0.289355
0.26087
0.281936
0.263605
0.292854
0.008
0.280579
0.3075
0.2375
0.2665
0.266966
0.268463
0.2275
0.255744
0.2545
0.268
0.272864
0.310845
0.2985
0.268232
0.281718
0.288279
0.264471
0.230885
0.308691
0.307692
0.298701
0.2565
0.271864
0.269365
0.292354
0.207792
0.258483
0.27
0.291854
0.005
0.250375
0.276362
0.3075
0.266
0.015
0.2885
0.2895
0.240759
0.282576
0.259
0.268962
0.296352
0.292354
0.249875
0.25
0.291854
0.287
0.2465
0.265367
0.279221
0.320519
0.271864
0.272364
0.256872
0.297851
0.0075
0.2895
0.238881
0.212
0.269865
0.224
0.2575
0.3165
0.26973
0.274
0.258113
0.224888
0.2875
0.308846
0.306847
0.2735
0.29021
0.284573
0.306693
0.292354
0.285215
0.237381
0.2855
0.241879
0.276362
0.2095
0.249
0.2755
0.282
0.275862
0.201
0.251874
0.27986
0.2095
0.241379
0.3045
0.3
0.295704
0.258741
0.284
0.274
0.316842
0.28086
0.247376
0.278861
0.0044955
0.243878
0.2825
0.271593
0.294059
0.27986
0.287856
0.269096
0.269
0.258242
0.296
0.250375
0.275
0.230885
0.28022
0.321339
0.271593
0.3
0.329
0.008
0.29491
0.278
0.2445
0.298851
0.277944
0.3
0.249
0.271956
0.270729
0.271864
0.285714
0.271864
0.2645
0.268866
0.267366
0.005
0.272591
0.2665
0.2855
0.328
0.264
0.273726
0.268597
0.280719
0.242879
0.291209
0.283358
0.275862
0.329
0.2615
0.201
0.274863
0.264868
0.247253
0.2435
0.297
0.288068
0.266733
0.271864
0.229
0.232152
0.233383
0.262
0.221778
0.240759
0.257871
0.262238
0.246
0.297257
0.267
0.259611
0.275362
0.239141
0.2555
0.255872
0.261869
0.291209
0.285357
0.277223
0.264368
0.258741
0.2795
0.2585
0.250875
0.277584
0.207792
0.306234
0.284858
0.2585
0.317841
0.252374
0.296852
0.261239
0.268866
0.292
0.252
0.251
0.273726
0.006
0.257
0.243
0.2625
0.217283
0.285
0.3
0.2745
0.28022
0.272364
0.2805
0.278361
0.3205
0.284
0.307
0.253373
0.254
0.239141
0.282435
0.289421
0.2785
0.282
0.2895
0.252
0.305847
0.2945
0.2895
0.275449
0.266367
0.26
0.237381
0.268866
0.2835
0.305542
0.306693
0.245255
0.258871
0.272864
0.315342
0.2785
0.2855
0.278
0.283358
0.301349
0.280719
0.263342
0.276585
0.262869
0.275362
0.271864
0.265
0.264104
0.281936
0.266234
0.2655
0.302
0.250875
0.01
0.3165
0.245255
0.267233
0.280299
0.297
0.271864
0.281718
0.0075
0.282
0.285357
0.247
0.2575
0.263237
0.2555
0.304196
0.3335
0.273363
0.27936
0.28036
0.242016
0.259611
0.291
0.256
0.2745
0.258371
0.309845
0.248376
0.292854
0.315185
0.270365
0.273863
0.2785
0.2605
0.0169915
0.2815
0.3002
0.250375
0.2135
0.271956
0.27023
0.281936
0.270865
0.282
0.314843
0.305347
0.287213
0.271864
0.230885
0.283858
0.270095
0.302395
0.246254
0.292854
0.2235
0.290855
0.25312
0.277
0.25987
0.271728
0.2415
0.283217
0.265
0.2505
0.292914
0.273863
0.258741
0.208583
0.278
0.3105
0.274363
0.2655
0.291708
0.242879
0.291063
0.251
0.301849
0.282934
0.288356
0.269
0.312188
0.291708
0.308691
0.28
0.27
0.298
0.267732
0.282154
0.2645
0.2535
0.296852
0.285429
0.252747
0.285857
0.24088
0.254618
0.329
0.291
0.314685
0.28086
0.312687
0.2465
0.273952
0.2675
0.251374
0.247376
0.240759
0.236382
0.2715
0.243378
0.243756
0.281936
0.287
0.312344
0.3025
0.278861
0.245
0.276362
0.286214
0.25
0.2365
0.2805
0.2395
0.234
0.307
0.250375
0.2605
0.285215
0.2825
0.24026
0.287856
0.24663
0.297351
0.276086
0.2475
0.236146
0.254
0.294059
0.2875
0.28022
0.253
0.261869
0.287213
0.238
0.278721
0.288279
0.307692
0.28022
0.231384
0.25312
0.281936
0.247376
0.267233
0.247629
0.281859
0.294206
0.2565
0.245754
0.282859
0.197
0.267366
0.28036
0.247129
0.289
0.263972
0.312188
0.26973
0.302697
0.301048
0.2275
0.290355
0.329
0.259481
0.259611
0.243257
0.2175
0.2865
0.285215
0.2875
0.295852
0.308192
0.302
0.305347
0.2985
0.285357
0.301
0.282
0.2635
0.271364
0.262737
0.309345
0.00898652
0.294059
0.2215
0.319021
0.257
0.307039
0.306847
0.257243
0.263237
0.2625
0.0169915
0.234883
0.006
0.2785
0.2705
0.237881
0.305
0.242757
0.271229
0.272364
0.011988
0.282
0.2495
0.2755
0.251874
0.261369
0.262974
0.2505
0.302849
0.259611
0.282859
0.329
0.266101
0.224
0.2745
0.291854
0.308
0.313
0.2585
0.273227
0.25
0.294059
0.302
0.258
0.201
0.279
0.263237
0.282859
0.2785
0.015
0.2925
0.2615
0.247505
0.274588
0.242
0.245377
0.288
0.2645
0.2735
0.308
0.257
0.222389
0.272228
0.271864
0.3195
0.251874
0.195
0.258982
0.305347
0.235
0.233383
0.254119
0.258871
0.285215
0.2575
0.0169915
0.247376
0.2385
0.2705
0.23976
0.256372
0.296
0.2435
0.273227
0.273227
0.257871
0.267866
0.284
0.2565
0.282859
0.257871
0.2735
0.2435
0.251874
0.315684
0.287213
0.276862
0.291
0.2765
0.3165
0.208583
0.296352
0.261239
0.24088
0.2725
0.291708
0.275862
0.285
0.2685
0.257
0.264868
0.290065
0.230885
0.277
0.247629
0.254618
0.276086
0.294853
0.312344
0.3
0.28036
0.317
0.233383
0.264
0.268866
0.2535
0.2945
0.234149
0.243
0.304044
0.292415
0.258113
0.29021
0.2205
0.305042
0.276946
0.268232
0.276
0.262869
0.256872
0.237881
0.228386
0.267866
0.268866
0.271593
0.267366
0.27
0.249126
0.279221
0.292561
0.2745
0.2555
0.291854
0.228886
0.265469
0.267732
0.238262
0.258242
0.282859
0.2765
0.297351
0.304348
0.307039
0.27986
0.251874
0.251874
0.2495
0.288856
0.300748
0.285
0.284858
0.3065
0.26087
0.2585
0.2625
0.294558
0.2855
0.263237
0.268866
0.277
0.308346
0.262
0.266733
0.27986
0.2595
0.270865
0.3065
0.246254
0.2695
0.250875
0.217391
0.250624
0.296352
0.2675
0.213679
0.282934
0.294206
0.251874
0.285357
0.212
0.287856
0.27936
0.251874
0.291209
0.268
0.275362
0.1925
0.321
0.234765
0.3335
0.270095
0.284358
0.257871
0.2775
0.262
0.266367
0.254873
0.297405
0.253873
0.2505
0.232
0.273363
0.2575
0.253373
0.0029985
0.294059
0.285
0.251
0.244134
0.241879
0.243756
0.237
0.275362
0.272864
0.3165
0.2305
0.282859
0.283858
0.278721
0.254119
0.2735
0.301849
0.307692
0.3025
0.277
0.298
0.267866
0.245877
0.1975
0.247129
0.308
0.247253
0.277223
0.313
0.264868
0.237381
0.2655
0.283
0.286713
0.281859
0.249
0.1975
0.295852
0.235
0.256872
0.2435
0.284
0.269231
0.238761
0.233883
0.270365
0.28992
0.277223
0.233267
0.232268
0.281936
0.267366
0.287282
0.231269
0.291209
0.290065
0.265734
0.2825
0.287712
0.257871
0.258113
0.247376
0.3
0.2385
0.247376
0.2745
0.269
0.261239
0.298351
0.276862
0.286071
0.2135
0.300748
0.284
0.302894
0.232
0.253873
0.271956
0.296852
0.31
0.2555
0.303848
0.28008
0.00599401
0.2785
0.303848
0.262369
0.2665
0.28036
0.276362
0.279
0.234
0.277223
0.226887
0.245255
0.261738
0.251874
0.2475
0.298
0.271
0.236527
0.312188
0.285072
0.270729
0.305347
0.2965
0.3165
0.256
0.280299
0.26037
0.2985
0.276585
0.284358
0.0214678
0.235147
0.295852
0.2825
0.2065
0.245754
0.222889
0.259
0.2445
0.267233
0.2905
0.256244
0.268866
0.266966
0.265734
0.328
0.296555
0.288
0.281936
0.2555
0.243378
0.228158
0.239641
0.273227
0.276862
0.30969
0.291
0.282859
0.231384
0.257
0.269461
0.2705
0.222389
0.290355
0.29
0.250875
0.2505
0.285714
0.2835
0.2395
0.269461
0.322178
0.296
0.3002
0.290355
0.267366
0.2705
0.283858
0.303045
0.286857
0.30035
0.273863
0.303696
0.262
0.237381
0.2385
0.263
0.28086
0.310845
0.307039
0.294059
0.208084
0.290355
0.269231
0.287712
0.281
0.249875
0.259611
0.273
0.291
0.287
0.0114885
0.238143
0.243
0.295352
0.262369
0.2315
0.294206
0.288856
0.284358
0.276086
0.260978
0.237881
0.301849
0.283217
0.263
0.266966
0.2885
0.271364
0.230769
0.2805
0.278
0.266966
0.281
0.307232
0.304
0.306041
0.304044
0.2435
0.2505
0.28086
0.2945
0.274363
0.293706
0.2595
0.268232
0.286214
0.264368
0.296555
0.302047
0.292914
0.28
0.276362
0.252
0.287213
0.234883
0.267
0.2905
0.24038
0.2685
0.276723
0.256872
0.227886
0.27986
0.28971
0.2465
0.0029985
0.2685
0.011988
0.312344
0.271864
0.250125
0.286071
0.288212
0.286357
0.311844
0.32034
0.257614
0.265
0.297
0.290855
0.316
0.2735
0.271093
0.283716
0.269865
0.282576
0.26037
0.277223
0.228158
0.286427
0.278
0.296352
0.265
0.2915
0.296
0.2655
0.26087
0.254
0.228158
0.2635
0.291854
0.272228
0.271956
0.273363
0.289
0.273227
0.256
0.282859
0.249375
0.290065
0.292354
0.3035
0.2685
0.284358
0.3125
0.015
0.2785
0.2795
0.285857
0.267465
0.250624
0.250749
0.285
0.230385
0.288
0.238
0.305042
0.2845
0.268098
0.311
0.3065
0.308346
0.223888
0.265
0.0134933
0.276362
0.289211
0.239641
0.234
0.229
0.2875
0.223665
0.285357
0.2795
0.265469
0.230385
0.235
0.24
0.256872
0.252747
0.2615
0.15992
0.256872
0.282359
0.25987
0.253
0.296
0.2165
0.3015
0.271956
0.288711
0.26
0.306
0.267866
0.256
0.006
0.261369
0.264
0.290355
0.265734
0.2305
0.275225
0.2785
0.27986
0.272864
0.267366
0.285072
0.342643
0.285072
0.2525
0.26087
0.243135
0.2885
0.296352
0.282859
0.2805
0.295852
0.275087
0.330005
0.282
0.2495
0.271956
0.243378
0.314843
0.267866
0.305347
0.289355
0.234
0.2575
0.315185
0.303696
0.2595
0.321535
0.238262
0.247876
0.255
0.294206
0.2615
0.292
0.29
0.270459
0.2545
0.262
0.262737
0.314
0.2815
0.296
0.212
0.263868
0.245877
0.0114943
0.290355
0.271
0.2585
0.292354
0.254373
0.275087
0.28008
0.222389
0.268
0.2955
0.243756
0.2735
0.285215
0.294
0.2475
0.26
0.2725
0.309
0.2305
0.301048
0.273227
0.281
0.298053
0.329341
0.245754
0.287213
0.305347
0.302047
0.273363
0.315342
0.301849
0.265
0.304695
0.232152
0.253
0.269865
0.274725
0.27936
0.302697
0.2665
0.3005
0.279
0.245377
0.2775
0.303045
0.308346
0.28
0.293353
0.272864
0.2855
0.268
0.268366
0.2375
0.271864
0.231384
0.302047
0.259
0.243378
0.2565
0.305347
0.271
0.249
0.262107
0.254373
0.265
0.236
0.293
0.292
0.317
0.2885
0.236882
0.2545
0.237381
0.269
0.2535
0.285072
0.286
0.283932
0.291854
0.301849
0.287712
0.289
0.256872
0.197
0.25974
0.2395
0.2605
0.279221
0.237
0.279
0.195402
0.313217
0.288423
0.279
0.288856
0.29021
0.302395
0.243135
0.245
0.2675
0.233
0.276
0.276086
0.252122
0.3025
0.250749
0.2785
0.263237
0.293353
0.260739
0.260739
0.284
0.321535
0.278861
0.2685
0.282
0.234883
0.2735
0.275449
0.197
0.2635
0.2375
0.281859
0.263368
0.27023
0.006
0.270459
0.290355
0.247
0.250875
0.2805
0.276
0.264
0.312687
0.3005
0.261869
0.262
0.2905
0.2765
0.318
0.285857
0.2415
0.2975
0.2995
0.2765
0.2395
0.2665
0.266
0.2705
0.263368
0.28036
0.00949525
0.25362
0.283858
0.252621
0.274363
0.273952
0.283932
0.241
0.219281
0.271593
0.268866
0.315342
0.2345
0.269
0.242379
0.269231
0.31934
0.306
0.286
0.2595
0.25362
0.281859
0.257871
0.291
0.287069
0.309
0.2775
0.281718
0.0174913
0.283858
0.269096
0.2755
0.22028
0.230923
0.2735
0.283858
0.311189
0.247
0.234149
0.288856
0.275862
0.276
0.28008
0.237881
0.255744
0.273
0.229
0.256
0.284358
0.28022
0.27023
0.00749251
0.287213
0.315684
0.297203
0.253493
0.222389
0.306041
0.2315
0.252
0.297
0.28086
0.291354
0.247376
0.303848
0.28086
0.245
0.305542
0.2375
0.256244
0.283217
0.222278
0.241
0.291708
0.2455
0.26087
0.262974
0.278361
0.2885
0.255
0.2845
0.224
0.256872
0.2615
0.302
0.293
0.292354
0.247376
0.324
0.27986
0.285714
0.285215
0.298351
0.243378
0.282576
0.305347
0.245255
0.256743
0.315342
0.267866
0.291
0.248376
0.243878
0.26
0.308192
0.288
0.30085
0.257243
0.302
0.263237
0.254
0.27309
0.28036
0.224
0.2355
0.270365
0.287856
0.241138
0.288856
0.25974
0.2955
0.274863
0.005
0.282859
0.280299
0.2835
0.267366
0.290855
0.28
0.255744
0.283858
0.227
0.289
0.27986
0.275724
0.3035
0.283858
0.253
0.244755
0.285
0.27972
0.261369
0.286214
0.276086
0.27
0.233
0.270365
0.263972
0.282576
0.2645
0.273227
0.269365
0.256244
0.261239
0.271864
0.2745
0.268866
0.0164918
0.28
0.277
0.278582
0.253367
0.258741
0.287213
0.266733
0.2565
0.2815
0.28
0.312188
0.290419
0.284573
0.262107
0.2635
0.292354
0.282717
0.297405
0.296852
0.290065
0.252
0.302849
0.28992
0.2615
0.249
0.307039
0.209291
0.2795
0.30969
0.264471
0.305847
0.282859
0.292
0.264868
0.250875
0.236146
0.28
0.241
0.267866
0.287356
0.248128
0.2545
0.301
0.247
0.2915
0.325337
0.278861
0.244134
0.261239
0.2755
0.302349
0.287
0.282576
0.2725
0.245877
0.276
0.256
0.253992
0.261
0.295704
0.267233
0.2825
0.26
0.308
0.253
0.249
0.270865
0.288212
0.230385
0.295352
0.3025
0.2825
0.289
0.306693
0.223888
0.281859
0.234883
0.261869
0.250875
0.326673
0.292
0.222278
0.2785
0.249
0.269231
0.330335
0.27986
0.277
0.275
0.296352
0.175237
0.289355
0.273227
0.273227
0.242
0.272228
0.293207
0.290274
0.2945
0.232
0.2275
0.309845
0.2505
0.29935
0.2355
0.302849
0.288356
0.296852
0.229
0.256615
0.207792
0.27936
0.1845
0.288356
0.243
0.2815
0.268366
0.29
0.3005
0.292354
0.270729
0.265
0.254745
0.236527
0.295
0.2685
0.254
0.295852
0.272864
0.2725
0.255744
0.268866
0.266234
0.270865
0.234648
0.292854
0.279441
0.00848727
0.261738
0.251374
0.2805
0.2745
0.296555
0.006
0.235
