0.0864568
0.126
0.188124
0.125312
0.158263
0.1905
0.172914
0.057971
0.00549176
0.16042
0.1155
0.147926
0.015992
0.185
0.012987
0.104
0.146427
0.174
0.163
0.12044
0.152771
0.114386
0.193903
0.0065
0.142929
0.145927
0.01
0.17033
0.066
0.12044
0.130935
0.1135
0.154
0.1355
0.153423
0.117
0.0234765
0.155
0.104
0.12044
0.170915
0.113443
0.170415
0.158921
0.0055
0.168
0.0194611
0.022
0.173413
0.06
0.162419
0.113886
0.0569715
0.103
0.145927
0.003998
0.1805
0.1275
0.171
0.113772
0.021
0.0939061
0.1345
0.0405
0.0135
0.114
0.0165
0.185407
0.173
0.01
0.144
0.00998004
0.127
0.167916
0.117
0.00749251
0.00949051
0.00649351
0.102846
0.202
0.122439
0.172242
0.125375
0.183816
0.168916
0.122
0.155922
0.173913
0.1715
0.1125
0.127808
0.149
0.00949525
0.091954
0.13
0.0104948
0.164254
0.1345
0.1285
0.1245
0.161
0.143856
0.187
0.0164835
0.0089955
0.18041
0.167416
0.138362
0.043
0.113943
0.127436
0.014985
0.1465
0.156
0.151772
0.148777
0.14
0.1445
0.156266
0.1315
0.1885
0.174
0.188
0.177822
0.143428
0.146633
0.1805
0.121878
0.164918
0.152272
0.009
0.1735
0.00949051
0.165834
0.0125
0.013
0.145355
0.0185
0.024
0.148851
0.1795
0.144928
0.163836
0.151
0.165834
0.141858
0.146707
0.154346
0.122939
0.2075
0.0045
0.125437
0.1245
0.106893
0.1575
0.1315
0.0049975
0.1125
0.164835
0.1205
0.18041
0.168747
0.201798
0.156687
0.0224888
0.130435
0.162
0.01
0.1375
0.148426
0.0939061
0.1895
0.132
0.171914
0.063968
0.00649351
0.15
0.1415
0.131
0.155922
0.158421
0.013
0.171414
0.136795
0.146927
0.137363
0.127936
0.1405
0.148
0.128936
0.123
0.0785
0.122439
0.157343
0.169
0.193903
0.161419
0.147
0.177411
0.117383
0.12038
0.0144928
0.202096
0.142429
0.1555
0.009
0.0069965
0.127436
0.19031
0.135796
0.170915
0.1095
0.018981
0.112
0.132934
0.1925
0.1405
0.155
0.136
0.1285
0.147
0.212
0.137
0.1925
0.189216
0.168416
0.125312
0.1745
0.157842
0.00649351
0.164918
0.115327
0.113886
0.117
0.113387
0.1885
0.138792
0.1675
0.1525
0.113772
0.1385
0.1745
0.00849575
0.175325
0.1525
0.168248
0.0629371
0.151772
0.150925
0.155766
0.2005
0.127936
0.0105
0.117383
0.051
0.115
0.174
0.127436
0.142216
0.165417
0.0294705
0.142429
0.147926
0.1095
0.175
0.0723914
0.0129935
0.173913
0.167916
0.0215
0.1315
0.00549176
0.096
0.00649351
0.182
0.1615
0.00849151
0.106
0.148426
0.155112
0.162419
0.0104895
0.107232
0.173913
0.151
0.00698952
0.15
0.1365
0.0908637
0.1435
0.0955
0.123876
0.10095
0.135365
0.194805
0.1915
0.101746
0.188124
0.012
0.151924
0.161
0.146427
0.1135
0.0715
0.1405
0.154
0.151
0.175824
0.177822
0.1515
0.148
0.191
0.0115
0.124813
0.146633
0.145
0.1655
0.15
0.1155
0.169915
0.182
0.1055
0.1925
0.023988
0.0829171
0.136432
0.104343
0.117882
0.145
0.1555
0.149775
0.009
0.173
0.1915
0.168495
0.17016
0.170415
0.0319521
0.131434
0.1375
0.023988
0.136795
0.157421
0.0955
0.170915
0.145355
0.1405
0.153347
0.124
0.105947
0.170915
0.133933
0.194
0.00949051
0.1515
0.173413
0.0204693
0.0115
0.0204795
0.146
0.164835
0.1075
0.014985
0.114
0.0769615
0.154
0.167832
0.136
0.131934
0.121817
0.142929
0.150925
0.092
0.0089955
0.0394803
0.128
0.14043
0.144855
0.1305
0.186
0.1165
0.0134798
0.006
0.138293
0.021978
0.156765
0.146853
0.112444
0.129935
0.167249
0.104
0.132
0.1915
0.143
0.156765
0.140789
0.00798802
0.126
0.172741
0.165917
0.147926
0.0629371
0.1315
0.185315
0.157921
0.166251
0.13943
0.153347
0.171
0.101
0.1585
0.13
0.00798005
0.112
0.00949051
0.145927
0.133367
0.179231
0.1515
0.1705
0.1365
0.1925
0.178233
0.0115
0.109835
0.132
0.1265
0.0145
0.047
0.126937
0.172741
0.0129935
0.189715
0.14
0.15
0.0129805
0.1125
0.188906
0.135864
0.133367
0.155922
0.0634049
0.138224
0.153423
0.2015
0.138362
0.124438
0.177323
0.0144855
0.149775
0.1205
0.131802
0.132368
0.170915
0.16
0.187
0.121878
0.119
0.163418
0.169
0.123876
0.133933
0.123876
0.138293
0.0194611
0.166417
0.151424
0.013993
0.164336
0.1675
0.186
0.194708
0.0629685
0.095952
0.168916
0.178821
0.1475
0.1575
0.1245
0.1475
0.154691
0.1025
0.176
0.0319521
0.123814
0.117882
0.1375
0.013
0.0194903
0.137431
0.121939
0.183908
0.028
0.0045
0.00949051
0.156922
0.147426
0.0314685
0.0134933
0.218391
0.0225
0.141429
0.148926
0.156843
0.201798
0.19012
0.1525
0.13993
0.145427
0.0085
0.179321
0.1825
0.189905
0.136
0.136432
0.1525
0.113772
0.1045
0.10095
0.133933
0.063
0.143428
0.0045
0.1155
0.0164835
0.129
0.0763854
0.1545
0.106
0.191904
0.1285
0.109445
0.00898652
0.174
0.151924
0.0204898
0.131434
0.1605
0.148
0.1805
0.045
0.1135
0.15
0.173327
0.0634049
0.161419
0.147852
0.113387
0.151273
0.123
0.174
0.130435
0.147
0.152348
0.133
0.136795
0.105395
0.192519
0.194403
0.18981
0.0234531
0.155422
0.170829
0.1635
0.0114885
0.042
0.1155
0.155112
0.18041
0.147206
0.0895
0.192904
0.00798802
0.147426
0.056
0.131934
0.164
0.1475
0.135
0.137431
0.18041
0.029
0.0975
0.066
0.0145
0.112944
0.143357
0.013
0.181409
0.084
0.144855
0.056
0.1725
0.1455
0.1485
0.151772
0.013
0.0135
0.170915
0.0314685
0.152847
0.0784216
0.14043
0.156422
0.188218
0.1525
0.19031
0.0214893
0.00949525
0.010989
0.128308
0.17033
0.166833
0.124875
0.0089955
0.1625
0.0155
0.1105
0.152
0.162419
0.154923
0.15942
0.1285
0.174
0.136432
0.154768
0.125749
0.1545
0.1045
0.190905
0.18981
0.021978
0.159
0.123438
0.168916
0.126873
0.1515
0.156765
0.00999001
0.154423
0.0659011
0.150425
0.138861
0.172741
0.0135
0.172
0.1005
0.155
0.11982
0.173
0.141929
0.17982
0.171414
0.133
0.144855
0.112
0.0955
0.122439
0.149
0.0155
0.06
0.1785
0.1235
0.130804
0.108
0.00549176
0.164254
0.157763
0.157
0.196
0.00999001
0.205486
0.134865
0.172914
0.1645
0.175824
0.1585
0.137431
0.142
0.0394803
0.1025
0.009
0.115942
0.146427
0.17
0.1365
0.124813
0.115942
0.0873689
0.0404393
0.107
0.1315
0.137931
0.1435
0.146853
0.166417
0.163754
0.138362
0.171414
0.144928
0.0934533
0.2
0.1015
0.0939061
0.18041
0.157421
0.17016
0.0115
0.176647
0.194903
0.194403
0.146927
0.0984016
0.134433
0.126
0.149
0.14043
0.151
0.188218
0.1605
0.01
0.11982
0.1205
0.0949051
0.178
0.175
0.1955
0.1355
0.108946
0.1525
0.1495
0.0144783
0.111389
0.00599101
0.1805
0.15942
0.1635
0.157842
0.149351
0.168416
0.173913
0.121439
0.147353
0.124314
0.1385
0.063968
0.2015
0.1275
0.173
0.013
0.176
0.009
0.139
0.094
0.155922
0.00949525
0.205397
0.1795
0.143285
0.11944
0.2095
0.142358
0.109835
0.181409
0.13943
0.16042
0.011988
0.0295
0.156765
0.19
0.0225
0.15
0.172741
0.149925
0.008
0.138362
0.175325
0.0995
0.15
0.131369
0.167
0.00898652
0.125437
0.0155
0.155
0.0085
0.17515
0.147778
0.145927
0.18023
0.166833
0.136795
0.176823
0.1245
0.108837
0.0324351
0.107731
0.172741
0.149425
0.154269
0.14043
0.143
0.174326
0.158
0.00649351
0.185315
0.151924
0.182318
0.011982
0.165417
0.152
0.00449775
0.114
0.15984
0.0929535
0.130935
0.212
0.0939061
0.051974
0.183408
0.13
0.143214
0.125437
0.123
0.145
0.138293
0.157186
0.153423
0.1775
0.042
0.11994
0.0974513
0.144928
0.0355
0.156
0.1333
0.137931
0.116
0.136795
0.1365
0.1645
0.1385
0.137931
0.218391
0.14043
0.149
0.101746
0.146427
0.167416
0.147926
0.185
0.157685
0.008
0.051
0.13993
0.125811
0.161
0.178233
0.01
0.126
0.138931
0.144
0.101746
0.01999
0.120259
0.167916
0.143357
0.00998502
0.1475
0.122317
0.122
0.151772
0.183
0.0634683
0.18
0.147705
0.17033
0.007
0.1565
0.1485
0.193903
0.109835
0.118822
0.01
0.164336
0.152
0.184
0.0659341
0.114943
0.175
0.142429
0.0944528
0.0194611
0.1495
0.1695
0.181409
0.122877
0.162837
0.134865
0.185407
0.0134798
0.147206
0.0049975
0.165417
0.16034
0.093953
0.154269
0.170415
0.1575
0.168663
0.1215
0.1405
0.185315
0.164753
0.084
0.1795
0.00549176
0.147852
0.165751
0.0169661
0.129
0.175
0.15984
0.162338
0.121
0.199201
0.101746
0.1495
0.13943
0.143
0.154768
0.175
0.01
0.0164835
0.172914
0.0169661
0.121
0.166667
0.156922
0.1135
0.150425
0.137431
0.117882
0.1095
0.029
0.0114885
0.164918
0.135432
0.18
0.170415
0.114
0.1255
0.1005
0.17982
0.1475
0.121878
0.167748
0.1615
0.1435
0.0354468
0.18
0.150774
0.0344828
0.115942
0.165
0.151772
0.1475
0.137931
0.122
0.0134798
0.130935
0.0115
0.0449775
0.007
0.203
0.143713
0.0994006
0.13943
0.0229885
0.1565
0.1555
0.148777
0.1795
0.126374
0.1655
0.1075
0.146
0.129435
0.0174913
0.15992
0.157343
0.130935
0.154269
0.0723914
0.148426
0.173
0.121878
0.134865
0.1785
0.157921
0.045
0.137431
0.133866
0.129
0.1565
0.190405
0.145927
0.137931
0.137725
0.161596
0.114943
0.15
0.132867
0.0324351
0.1575
0.187313
0.163092
0.0975
0.015984
0.141858
0.145355
0.1245
0.162419
0.144284
0.0934533
0.072
0.1285
0.205
0.127309
0.181909
0.191
0.109835
0.0664668
0.0215
0.108946
0.00798802
0.18
0.17016
0.183
0.191404
0.14029
0.015
0.0905
0.108837
0.1315
0.135
0.1595
0.013979
0.183408
0.1515
0.162919
0.158921
0.147353
0.132
0.150925
0.1975
0.1475
0.153347
0.0104948
0.1655
0.148352
0.176148
0.136432
0.1075
0.174413
0.109391
0.165417
0.133
0.1085
0.087
0.0414378
0.1565
0.0095
0.135796
0.1575
0.097
0.155766
0.127936
0.152
0.1315
0.167916
0.156
0.1735
0.179
0.111888
0.156
0.190905
0.168248
0.0134798
0.0989505
0.153923
0.148
0.168663
0.0145
0.117
0.1515
0.141858
0.0215
0.137862
0.008
0.1885
0.0194903
0.111832
0.142929
0.1405
0.1275
0.0135
0.137
0.016
0.1525
0.0129935
0.0944528
0.175912
0.12
0.0089955
0.138362
0.165834
0.136795
0.129935
0.150425
0.0865
0.177323
0.18981
0.149
0.183317
0.169
0.1105
0.169162
0.1845
0.131868
0.181
0.110889
0.173
0.143713
0.0045
0.0234765
0.00949525
0.0294705
0.1585
0.0189905
0.14
0.180549
0.128807
0.15992
0.1025
0.1625
0.115
0.191904
0.129935
0.1655
0.162919
0.00349825
0.1295
0.174
0.18
0.0994503
0.186407
0.1115
0.166417
0.0205
0.0974026
0.00949051
0.0999001
0.1465
0.141
0.157921
0.1905
0.1315
0.150925
0.132867
0.016
0.1165
0.204398
0.14
0.105447
0.14678
0.186407
0.156765
0.125749
0.154923
0.1025
0.175412
0.148
0.0969515
0.136795
0.187
0.0129935
0.167916
0.109445
0.150699
0.156922
0.194403
0.190619
0.025
0.051
0.202
0.137363
0.1905
0.144855
0.042
0.158
0.145
0.151772
0.118881
0.130935
0.1555
0.1555
0.194805
0.164336
0.1615
0.115
0.158921
0.172914
0.15035
0.182
0.0514743
0.117383
0.0204898
0.143
0.154768
0.165834
0.012
0.014985
0.136432
0.182409
0.182227
0.1205
0.0155
0.170415
0.0104948
0.0955
0.185315
0.00949051
0.163836
0.00899101
0.136432
0.00949051
0.108337
0.147705
0.130435
0.0135
0.14656
0.119261
0.0764618
0.123438
0.0134933
0.159
0.15035
0.1415
0.1525
0.145927
0.173413
0.19031
0.1994
0.1715
0.154269
0.126
0.0114885
0.157
0.1375
0.1825
0.158
0.0124813
0.1805
0.117
0.1125
0.142429
0.1675
0.146927
0.1075
0.1625
0.161757
0.138224
0.0404192
0.186
0.1615
0.174413
0.125811
0.218391
0.130869
0.108946
0.00698603
0.152924
0.1455
0.182409
0.172741
0.155345
0.1465
0.165751
0.127808
0.178821
0.147279
0.143
0.1485
0.155
0.142857
0.165
0.1675
0.14043
0.117882
0.1815
0.181
0.1415
0.209
0.109391
0.171329
0.145
0.096
0.156922
0.1705
0.201899
0.0874563
0.1605
0.117
0.154923
0.157842
0.155422
0.131934
0.183816
0.149351
0.152
0.00849575
0.112
0.114386
0.111
0.212
0.166667
0.13037
0.1395
0.109445
0.0865
0.121878
0.00549176
0.132
0.0614386
0.013
0.0194611
0.168916
0.156422
0.0195
0.0225
0.162
0.0414378
0.1955
0.1725
0.168416
0.19
0.181
0.0829171
0.131868
0.00549176
0.134
0.0194903
0.167748
0.155
0.1765
0.142
0.0585
0.167832
0.105947
0.0224551
0.154923
0.0225
0.131
0.0144783
0.0155
0.009995
0.1475
0.110889
0.139083
0.0595
0.0114885
0.173
0.122
0.063968
0.130435
0.164
0.151424
0.118822
0.0224775
0.1445
0.1045
0.137363
0.165917
0.1015
0.178
0.107393
0.1475
0.156344
0.172914
0.1955
0.136
0.143357
0.013986
0.173
0.125
0.152272
0.167
0.1285
0.167748
0.153
0.0405
0.0154923
0.013986
0.168831
0.151
0.127373
0.1405
0.18041
0.0678982
0.174
0.1355
0.118441
0.0089955
0.0915
0.185315
0.156687
0.112444
0.127
0.1375
0.00999001
0.111389
0.132
0.144855
0.108
0.0355
0.0404192
0.1565
0.103
0.170915
0.0274725
0.165917
0.051974
0.139721
0.139
0.16042
0.181
0.1775
0.182
0.139721
0.1585
0.16042
0.163174
0.178233
0.162
0.1465
0.1665
0.127
0.0134798
0.1585
0.161
0.141929
0.1615
0.125437
0.162919
0.131434
0.125811
0.1435
0.1735
0.1515
0.010989
0.170915
0.122939
0.127808
0.136
0.013993
0.00749251
0.168416
0.0934533
0.140789
0.0184539
0.161097
0.152924
0.0195
0.171243
0.147852
0.112444
0.147426
0.143214
0.110889
0.175
0.222389
0.171
0.130804
0.117764
0.173
0.168
0.00949051
0.189311
0.175325
0.156765
0.190405
0.1125
0.0185
0.13
0.14
0.214
0.0085
0.0185
0.163337
