0.1445
0.0255
0.1815
0.00749251
0.0184908
0.127
0.127936
0.015992
0.0545
0.19
0.0894553
0.130435
0.106
0.025974
0.124438
0.133433
0.170829
0.158762
0.135932
0.111832
0.0395
0.128
0.1825
0.0125
0.135
0.1595
0.00848303
0.19
0.163
0.139
0.181
0.153923
0.0294705
0.111
0.041
0.031968
0.1415
0.1395
0.146853
0.0604094
0.085957
0.147926
0.0035
0.1195
0.1485
0.089
0.1545
0.0144928
0.127309
0.16026
0.115826
0.0788423
0.0185
0.111832
0.004
0.12044
0.118204
0.0934533
0.14
0.1255
0.123315
0.123876
0.171828
0.0035
0.133933
0.024
0.0255
0.1625
0.0204795
0.1445
0.0455
0.021989
0.123876
0.0545
0.043
0.10095
0.124438
0.108392
0.143285
0.124938
0.0535
0.0174913
0.1325
0.1485
0.065
0.0129935
0.156344
0.129435
0.155422
0.0045
0.0244511
0.143
0.147852
0.1305
0.1405
0.113943
0.14656
0.228886
0.133
0.0284573
0.00999001
0.161919
0.026973
0.150699
0.0104948
0.14656
0.1475
0.0444555
0.009995
0.135432
0.097
0.130804
0.095952
0.155345
0.179321
0.12094
0.158
0.165417
0.136364
0.131434
0.005
0.0708937
0.0894553
0.152924
0.14
0.123
0.0814186
0.1705
0.0125
0.0114828
0.1055
0.0214893
0.1175
0.1425
0.169
0.1505
0.157921
0.127936
0.0783824
0.0124813
0.165252
0.047976
0.116708
0.095952
0.142429
0.0604698
0.0784608
0.012
0.145
0.0555
0.0834583
0.137363
0.109445
0.109445
0.004995
0.0384615
0.112444
0.0769615
0.033983
0.0175
0.095952
0.0184815
0.0214464
0.1755
0.118441
0.161757
0.172242
0.114386
0.13993
0.00549176
0.11039
0.00949525
0.113387
0.1555
0.133866
0.0085
0.1095
0.1145
0.1502
0.107393
0.12032
0.141858
0.115
0.152424
0.120879
0.063
0.130435
0.131802
0.13
0.0109835
0.1235
0.1175
0.00749251
0.187906
0.114386
0.0189621
0.125937
0.00699301
0.147
0.00549176
0.118
0.1465
0.0114828
0.0685
0.089
0.00999001
0.12032
0.021989
0.134299
0.0155
0.162419
0.0384615
0.00749625
0.1705
0.00549176
0.165417
0.129
0.0914086
0.1165
0.00698603
0.134
0.159
0.148278
0.1965
0.0125
0.119
0.143
0.154
0.125437
0.148426
0.133433
0.157
0.132867
0.008
0.0984016
0.00849575
0.0975
0.011
0.135796
0.1335
0.123
0.097951
0.117324
0.0074813
0.11333
0.116766
0.175
0.02
0.141929
0.0869565
0.145854
0.089
0.151
0.106447
0.1605
0.133933
0.1505
0.121439
0.1525
0.0159681
0.126437
0.172827
0.107
0.130305
0.1165
0.1055
0.0174913
0.147279
0.161258
0.102949
0.117207
0.00999001
0.101
0.115
0.0709645
0.1255
0.0249875
0.19
0.194903
0.1335
0.1355
0.143928
0.141359
0.1705
0.141858
0.051
0.110945
0.148426
0.135
0.0555
0.14521
0.128936
0.0429785
0.1145
0.11994
0.161838
0.145781
0.0249875
0.174738
0.0834583
0.0974513
0.0255
0.171414
0.135864
0.114386
0.0255
0.137
0.110945
0.136
0.0579421
0.0484274
0.166334
0.134366
0.136795
0.136
0.021989
0.148777
0.1575
0.126437
0.12094
0.105947
0.0174913
0.153423
0.0369446
0.0304695
0.1465
0.147426
0.189
0.117
0.0314685
0.189405
0.131434
0.117882
0.116326
0.155267
0.13
0.112
0.148352
0.0934533
0.159
0.13993
0.0788423
0.161919
0.136432
0.11039
0.19
0.0915
0.0489755
0.16675
0.11039
0.097
0.1465
0.0484274
0.15
0.153423
0.107393
0.089
0.167
0.12094
0.1185
0.00899101
0.137793
0.12987
0.07996
0.149
0.12044
0.11982
0.0853719
0.116942
0.121817
0.102449
0.1135
0.147926
0.0928607
0.004995
0.162675
0.131802
0.1135
0.126185
0.1195
0.0145
0.135
0.0685
0.0175
0.1415
0.165252
0.153423
0.02
0.0515
0.0294853
0.157
0.166
0.0925
0.102
0.130739
0.162919
0.001999
0.149775
0.182409
0.134
0.157421
0.00948104
0.004995
0.121318
0.0704648
0.0175
0.13993
0.1465
0.0104843
0.116326
0.0114828
0.159
0.14036
0.1515
0.0085
0.152924
0.150925
0.143
0.110945
0.1395
0.136932
0.116942
0.097
0.149925
0.112
0.0673653
0.122
0.130435
0.125
0.182409
0.188
0.157421
0.172242
0.0974513
0.0045
0.0374813
0.107
0.1315
0.148278
0.174152
0.0144566
0.116942
0.1625
0.1105
0.149925
0.1245
0.0255
0.0649675
0.015992
0.0983034
0.118
0.1635
0.0309536
0.143
0.00848303
0.0179641
0.1295
0.118382
0.166334
0.0945
0.110945
0.0369446
0.113886
0.0135
0.135
0.172827
0.151424
0.036
0.055
0.029985
0.0705
0.12094
0.0254873
0.0793809
0.135864
0.162419
0.025
0.141359
0.114386
0.1435
0.00949525
0.1385
0.009995
0.0335
0.123438
0.1465
0.126374
0.137431
0.132434
0.00749251
0.0484274
0.0444778
0.111944
0.117941
0.0784608
0.1325
0.1455
0.004
0.013979
0.0295
0.1415
0.0215
0.0255
0.1185
0.1415
0.149775
0.140859
0.149925
0.0149775
0.167249
0.147
0.0604698
0.0095
0.149
0.1215
0.1825
0.00649026
0.1115
0.042
0.159341
0.0728907
0.170829
0.128743
0.118382
0.145927
0.139
0.1075
0.13986
0.099
0.162419
0.155844
0.158263
0.150774
0.0673653
0.156188
0.126
0.137
0.037
0.0109945
0.176
0.163836
0.188
0.00699301
0.114443
0.06
0.172414
0.14036
0.1325
0.162919
0.0104738
0.0304848
0.176324
0.125312
0.11988
0.1295
0.12094
0.166833
0.1555
0.0304848
0.157921
0.157
0.112219
0.115942
0.124938
0.144783
0.155422
0.2015
0.108446
0.228886
0.127
0.118441
0.141429
0.131
0.0744628
0.132434
0.107
0.114
0.128871
0.023
0.0105
0.025987
0.1255
0.135864
0.144284
0.0089955
0.141646
0.0154768
0.114943
0.122439
0.11944
0.164918
0.125811
0.128
0.0983034
0.0184723
0.148777
0.158
0.038
0.00749251
0.174413
0.0855
0.0834583
0.123
0.1555
0.023988
0.13993
0.0604698
0.095952
0.1345
0.159182
0.137294
0.138792
0.011
0.149276
0.1185
0.125874
0.165751
0.174
0.117764
0.129935
0.122939
0.1255
0.0104843
0.0255
0.01
0.12094
0.136795
0.193114
0.0978532
0.143856
0.117
0.152424
0.183
0.116
0.1145
0.0245
0.0964036
0.0459311
0.0175
0.1415
0.127309
0.123938
0.155
0.143856
0.123938
0.1275
0.1045
0.1965
0.1485
0.1965
0.135
0.095952
0.00899101
0.0255
0.1215
0.183724
0.148926
0.095
0.169745
0.127
0.0669665
0.107
0.137363
0.093
0.161919
0.1525
0.136863
0.0595
0.131
0.107
0.117324
0.122
0.139
0.0065
0.1625
0.0758483
0.1015
0.079
0.0983525
0.138861
0.175649
0.127
0.04
0.158
0.0604094
0.142715
0.1555
0.107446
0.108337
0.165252
0.138
0.04
0.147852
0.1502
0.120879
0.143
0.191
0.0978532
0.0744628
0.153423
0.06
0.118881
0.089
0.125
0.130435
0.133
0.127
0.0635
0.01998
0.132867
0.122816
0.0145
0.096
0.0705
0.1625
0.12
0.182
0.146427
0.136
0.122
0.143
0.093
0.208687
0.128308
0.099
0.0109945
0.155
0.00998502
0.174413
0.14029
0.0455
0.138431
0.1535
0.0834583
0.0085
0.173327
0.116
0.0264603
0.158921
0.1295
0.144855
0.0105
0.12032
0.107
0.14
0.0124875
0.131
0.165
0.147778
0.168916
0.004995
0.102398
0.162419
0.0794603
0.15035
0.116326
0.149
0.154
0.157
0.0444555
0.00649675
0.1575
0.142
0.124938
0.1555
0.172414
0.147426
0.0994006
0.188906
0.0114885
0.136
0.12032
0.147852
0.13993
0.127
0.137294
0.170829
0.047976
0.00849151
0.146927
0.174152
0.0114828
0.157
0.042
0.13943
0.113387
0.107393
0.1585
0.134433
0.011
0.063
0.132
0.035
0.168916
0.142
0.0124813
0.12038
0.15984
0.156344
0.0758483
0.138
0.0889111
0.170415
0.1555
0.162419
0.125
0.113886
0.168747
0.154
0.143
0.136932
0.0104948
0.155689
0.144928
0.155
0.0145
0.149925
0.121939
0.137294
0.175237
0.158184
0.0204795
0.134
0.0454092
0.025
0.132
0.012
0.141646
0.147353
0.15942
0.134
0.171414
0.005997
0.141929
0.017991
0.0963074
0.112332
0.0853719
0.107
0.067
0.0285
0.0888667
0.124
0.00849575
0.085957
0.157343
0.128
0.082
0.123
0.1175
0.175325
0.0934533
0.1325
0.147926
0.152
0.129935
0.0135
0.0104738
0.1775
0.154
0.1235
0.005997
0.127745
0.109445
0.046
0.1325
0.17941
0.126374
0.162675
0.151
0.143285
0.0105
0.115
0.112275
0.1135
0.0965
0.100899
0.164918
0.165417
0.176912
0.111333
0.088
0.1525
0.0175
0.01999
0.148426
0.116442
0.173327
0.0074813
0.1195
0.1255
0.114443
0.146427
0.130435
0.1305
0.174239
0.149351
0.166002
0.14093
0.129935
0.0783824
0.110945
0.0154845
0.100698
0.126
0.0255
0.1555
0.04
0.124438
0.1735
0.118
0.0234883
0.00999001
0.0345
0.0978532
0.152
0.038
0.153
0.144356
0.0169915
0.143856
0.157
0.130435
0.157
0.108392
0.150774
0.0284858
0.124938
0.166334
0.121318
0.171243
0.157921
0.133433
0.167
0.0945
0.095
0.162756
0.112332
0.136932
0.148
0.0245
0.106447
0.077961
0.0952618
0.119
0.0794603
0.0109835
0.1415
0.0315
0.117441
0.126374
0.116442
0.1425
0.095952
0.1245
0.135932
0.00848303
0.0969515
0.138431
0.165751
0.0555
0.0783824
0.164336
0.116766
0.063968
0.0065
0.0734633
0.11
0.181909
0.0374813
0.157343
0.047
0.118
0.0963074
0.133866
0.0739261
0.1225
0.153423
0.11
0.1375
0.183
0.104948
0.165751
0.0952618
0.175
0.153923
0.0134731
0.125
0.128936
0.136
0.1495
0.0889555
0.00449326
0.115442
0.00949525
0.0114828
0.158184
0.117441
0.157763
0.1195
0.131802
0.00699301
0.147926
0.134299
0.1225
0.166
0.127808
0.170744
0.128936
0.172827
0.158921
0.0832918
0.119381
0.137363
0.0994006
0.0885
0.1535
0.12094
0.018
0.004995
0.097
0.13993
0.0144928
0.0883674
0.1315
0.174239
0.124438
0.130869
0.0215
0.0374813
0.1235
0.14656
0.0145
0.0129805
0.1465
0.172827
0.0513972
0.027
0.146
0.132434
0.0184908
0.127
0.170744
0.124938
0.1465
0.0934533
0.114943
0.01
0.13993
0.105947
0.13523
0.138931
0.009
0.124938
0.1515
0.142857
0.1245
0.1515
0.164835
0.122
0.108392
0.1515
0.145
0.1415
0.048
0.116
0.0449326
0.131
0.11
0.103948
0.101898
0.1525
0.1175
0.163836
0.0685
0.089
0.13993
0.011
0.0134933
0.145
0.122378
0.1075
0.149
0.177911
0.06
0.124438
0.103448
0.00949525
0.0154923
0.145
0.161419
0.0974513
0.114885
0.118323
0.148352
0.1455
0.092
0.0374813
0.133433
0.12681
0.134
0.1325
0.127
0.0978532
0.147778
0.158
0.0215
0.141429
0.158
0.1485
0.009995
0.130305
0.1185
0.194
0.1815
0.1105
0.1055
0.101898
0.173327
0.103
0.127436
0.1105
0.1535
0.112
0.0154923
0.1215
0.11994
0.118441
0.157
0.147852
0.0634366
0.0515
0.12094
0.1565
0.146927
0.165252
0.0924538
0.119381
0.107838
0.141429
0.169745
0.00649351
0.13993
0.101
0.114
0.13986
0.119381
0.117324
0.1385
0.096
0.1
0.1045
0.0963074
0.111944
0.058
0.135
0.13
0.127872
0.0664668
0.0529735
0.037
0.0705
0.1205
0.00949525
0.187906
0.172741
0.1685
0.154
0.059
0.089955
0.1405
0.134
0.146853
0.12987
0.0649675
0.176236
0.123
0.031984
0.1635
0.1335
0.036
0.163918
0.106947
0.124376
0.085957
0.0315
0.0934533
0.158
0.134165
0.126
0.114943
0.123377
0.005997
0.0124813
0.152424
0.138861
0.11333
0.123938
0.0195
0.141787
0.0105
0.0185
0.11944
0.0229656
0.1395
0.118
0.158921
0.0869565
0.117
0.162419
0.035
0.124938
0.00649351
0.00649675
0.01999
0.12032
0.100899
0.0755
0.128372
0.126437
0.00748877
0.0979021
0.0374813
0.12038
0.011
0.136932
0.1175
0.172242
0.0895
0.115385
0.0444778
0.1355
0.128436
0.116326
0.0783824
0.162419
0.129435
0.085
0.1625
0.13986
0.019
0.1075
0.0758483
0.01998
0.172827
0.12032
0.047976
0.1015
0.0254873
0.170829
0.008
0.064
0.04
0.112
0.1815
0.0705
0.119381
0.1545
0.0134933
0.1195
0.12987
0.1625
0.124938
0.1965
0.0595
0.146427
0.177911
0.102449
0.158
0.0929535
0.0215
0.1325
0.0035
0.154
0.0144711
0.0205
0.1695
0.157
0.082
0.148
0.0129805
0.141359
0.0255
0.011994
0.1965
0.0485
0.145355
0.067
0.102449
0.0909091
0.1965
0.00749625
0.124875
0.0315
0.0914543
0.1185
0.0145
0.0134933
0.085
0.133
0.0445
0.142429
0.16026
0.12044
0.1325
0.135932
0.126374
0.1215
0.01999
0.118
0.0149925
0.117882
0.0705
0.177911
0.0894553
0.0169915
0.178911
0.005997
0.012
0.1335
0.144428
0.143856
0.165417
0.1815
0.0744628
0.0175
0.0914086
0.138293
0.1105
0.12094
0.1705
0.0145
0.168747
0.1502
0.148352
0.0255
0.153
0.0835
0.178732
0.0065
0.0129805
0.0914543
0.15984
0.0634366
0.122939
0.126374
0.161258
0.155422
0.0284858
0.104448
0.161919
0.0758483
0.128
0.146427
0.12032
0.1395
0.118881
0.0405
0.128
0.158
0.1455
0.1295
0.0044955
0.0184908
0.0889111
0.0325
0.134299
0.157343
0.0945
0.118941
0.155035
0.1535
0.0035
0.177911
0.132434
0.154923
0.113829
0.125811
0.170829
0.0055
0.0845
0.0175
0.0909091
0.047
0.0164671
0.163754
0.146927
0.123
0.144356
0.136932
0.084
0.105289
0.041
0.018981
0.1625
0.1425
0.133433
0.0928607
0.126
0.194903
0.109835
0.1225
0.0705
0.165917
0.136364
0.147
0.154
0.110945
0.129935
0.099351
0.1415
0.172741
0.1415
0.024
0.0375
0.0814186
0.00848727
0.162919
0.0595
0.0045
0.1155
0.1105
0.0853293
0.146927
0.148426
0.146354
0.0145
0.0535
0.16092
0.115884
0.0705
0.149
0.162756
0.1575
0.165
0.124438
0.144
0.124688
0.183
0.163
0.030969
0.00948104
0.134165
0.0685
0.1415
0.1145
0.144
0.0184723
0.0055
0.1535
0.0555
0.125
0.029
0.026
0.137656
0.170829
0.0035
0.115826
0.0255
0.0924076
0.1725
0.0239641
0.117
0.136
0.0485
0.1065
0.168248
0.171828
0.1865
0.0934533
0.137294
0.0994006
0.126873
0.108946
0.00549176
0.0264603
0.036
0.159
0.151349
0.183908
0.0525
0.0104843
0.018
0.1295
0.0888667
0.105
0.1505
0.122378
0.152924
0.144
0.194903
0.0229656
0.1055
0.138293
0.0044955
0.1475
0.163836
0.172414
0.1495
0.136932
