0.229385
0.0244755
0.209895
0.164753
0.211289
0.0075
0.188
0.1975
0.132867
0.203593
0.235
0.1755
0.234266
0.218672
0.238
0.1755
0.1775
0.256743
0.181
0.213287
0.184224
0.226387
0.1995
0.2315
0.2075
0.1765
0.18041
0.21
0.2315
0.206294
0.203
0.194805
0.212394
0.154
0.215392
0.2135
0.190905
0.2115
0.00649351
0.16034
0.197802
0.270365
0.204398
0.212894
0.231269
0.226434
0.2355
0.228886
0.17973
0.14985
0.22039
0.217891
0.153
0.164
0.2035
0.2002
0.145355
0.227386
0.1845
0.220779
0.175736
0.20509
0.249126
0.171243
0.193403
0.21989
0.142929
0.25974
0.210895
0.006
0.222666
0.206
0.175325
0.198
0.196402
0.256743
0.0109945
0.1705
0.005
0.0044955
0.270365
0.1665
0.1905
0.184408
0.22039
0.271593
0.203297
0.2045
0.009
0.224888
0.200699
0.204194
0.0575
0.0129611
0.226434
0.214
0.0215
0.1685
0.1865
0.145927
0.204296
0.191404
0.2025
0.228886
0.212394
0.0174913
0.175325
0.235764
0.193
0.158841
0.1875
0.224388
0.1935
0.136
0.216783
0.18
0.2009
0.232884
0.1865
0.020979
0.204398
0.216892
0.156843
0.033
0.2215
0.233766
0.2155
0.0229541
0.185315
0.163418
0.215
0.161919
0.226387
0.197
0.134299
0.229271
0.191404
0.1575
0.178911
0.013
0.215892
0.00947159
0.216892
0.188
0.262843
0.204795
0.167748
0.2205
0.174326
0.226161
0.193
0.209895
0.228
0.214
0.236382
0.1845
0.198
0.157921
0.204398
0.248128
0.208396
0.00649351
0.175
0.1825
0.23027
0.2165
0.018
0.184
0.211894
0.2155
0.2255
0.068
0.196
0.214893
0.213
0.192807
0.222
0.241758
0.190619
0.1905
0.188406
0.246131
0.205
0.1695
0.012
0.2015
0.226387
0.245877
0.212894
0.188406
0.261108
0.2495
0.145
0.0424575
0.184723
0.191
0.198401
0.22
0.194903
0.1315
0.1775
0.212394
0.223277
0.188218
0.1965
0.271593
0.1994
0.223776
0.224
0.197401
0.248252
0.214393
0.190714
0.2295
0.228386
0.211894
0.217565
0.244755
0.17324
0.206294
0.0069965
0.227659
0.01
0.202399
0.2295
0.22089
0.213679
0.2065
0.2255
0.2003
0.186407
0.252374
0.204398
0.1705
0.1875
0.0075
0.254373
0.0055
0.156922
0.196
0.223
0.1333
0.1315
0.239641
0.1999
0.130935
0.208896
0.0095
0.202
0.184
0.194209
0.2135
0.201098
0.251374
0.150425
0.1995
0.252874
0.164
0.244
0.152924
0.2575
0.198
0.25974
0.262843
0.208292
0.2155
0.227772
0.173826
0.23027
0.224164
0.223665
0.183908
0.231884
0.175325
0.245509
0.0069965
0.202797
0.203297
0.0045
0.207
0.17973
0.1925
0.0105
0.1999
0.219
0.194805
0.198401
0.156922
0.211
0.1735
0.01
0.21989
0.197605
0.209
0.142929
0.1805
0.00649351
0.214393
0.1455
0.1635
0.191309
0.1925
0.219062
0.227273
0.198702
0.173
0.164
0.0065
0.236
0.178233
0.217565
0.0104948
0.209
0.218781
0.184
0.267
0.1835
0.175824
0.271593
0.211894
0.00947159
0.209895
0.1965
0.0164671
0.167249
0.00799201
0.185
0.190405
0.1835
0.18
0.005
0.210789
0.0195
0.193
0.1925
0.232767
0.235382
0.0114885
0.216783
0.209
0.248876
0.225162
0.177733
0.00749625
0.0095
0.015984
0.0045
0.209
0.201
0.1575
0.243878
0.171243
0.2155
0.167
0.1595
0.252
0.166
0.171329
0.172827
0.234149
0.00549176
0.241879
0.220779
0.2485
0.0729271
0.18
0.192807
0.135432
0.1525
0.226
0.18091
0.166
0.269365
0.0154845
0.151424
0.206397
0.153
0.214393
0.2185
0.220779
0.2315
0.2305
0.178911
0.012
0.226387
0.202
0.188
0.188312
0.202
0.230808
0.0129935
0.218781
0.192212
0.150925
0.254873
0.220779
0.194
0.148703
0.257
0.1333
0.230385
0.1998
0.2195
0.1965
0.210895
0.155267
0.2215
0.233883
0.1465
0.11944
0.214893
0.191
0.0999001
0.166
0.227
0.1795
0.177
0.0044955
0.00549176
0.21029
0.15984
0.254873
0.172827
0.22
0.205
0.232
0.226
0.198702
0.182
0.174825
0.221778
0.214
0.176823
0.202
0.227159
0.233883
0.23365
0.188312
0.025987
0.0095
0.01
0.00549725
0.1585
0.0115
0.1705
0.248751
0.235382
0.185
0.188312
0.129242
0.126437
0.231384
0.187625
0.17973
0.223
0.0045
0.178
0.215
0.192904
0.225162
0.1905
0.241879
0.00599401
0.01
0.188
0.255
0.205295
0.0269865
0.156
0.224888
0.2025
0.265367
0.16034
0.1545
0.2525
0.265235
0.156922
0.122939
0.18091
0.21989
0.240759
0.194903
0.191904
0.170915
0.206793
0.235
0.218
0.162419
0.267866
0.261869
0.0195
0.1765
0.2355
0.212288
0.18513
0.2685
0.226773
0.197802
0.196803
0.236645
0.241758
0.1994
0.128936
0.175824
0.184316
0.201399
0.242
0.184224
0.195402
0.221778
0.245377
0.124
0.1565
0.2235
0.204398
0.223888
0.216
0.181909
0.268866
0.2205
0.209895
0.22028
0.225162
0.1755
0.017982
0.261108
0.158841
0.156922
0.142358
0.217391
0.1775
0.1999
0.007996
0.229156
0.213893
0.184408
0.204
0.219
0.203593
0.191309
0.233915
0.1815
0.188
0.233883
0.0065
0.167832
0.143928
0.178821
0.191
0.238
0.1895
0.190215
0.174
0.1994
0.254745
0.208687
0.192
0.252122
0.17982
0.1795
0.18041
0.1455
0.24026
0.0129611
0.185
0.213393
0.225162
0.210895
0.2
0.228386
0.201098
0.0134933
0.186907
0.191404
0.185721
0.206294
0.195804
0.166
0.0195
0.1855
0.195706
0.0089955
0.215892
0.0999001
0.238143
0.213393
0.206897
0.205897
0.1885
0.215285
0.22
0.209895
0.121
0.189905
0.197303
0.194805
0.222
0.202
0.134299
0.195804
0.223888
0.178411
0.191404
0.170744
0.17991
0.229042
0.206
0.156
0.0114943
0.204
0.094
0.15
0.188312
0.0154845
0.1994
0.230885
0.199
0.226161
0.22006
0.246
0.254373
0.170915
0.193613
0.22006
0.267
0.223665
0.2055
0.227886
0.271593
0.178233
0.181909
0.206
0.24026
0.188218
0.1585
0.171
0.0374813
0.1965
0.158421
0.207792
0.207293
0.225162
0.244
0.17
0.0105
0.1725
0.227772
0.151273
0.01
0.1285
0.018
0.267366
0.18513
0.184316
0.126437
0.208896
0.185
0.156
0.227273
0.0174913
0.213786
0.185721
0.212288
0.201399
0.224
0.193403
0.198203
0.2065
0.245509
0.236645
0.232651
0.225162
0.213
0.208687
0.189027
0.225
0.191
0.175824
0.215285
0.154
0.0055
0.233766
0.182227
0.186
0.0105
0.00699301
0.163836
0.18
0.178643
0.223388
0.191
0.198801
0.00449775
0.189311
0.16042
0.1575
0.1485
0.196304
0.0829585
0.195804
0.242
0.191808
0.152924
0.162338
0.174
0.1955
0.184408
0.2065
0.158841
0.1994
0.229
0.1775
0.227
0.1525
0.1835
0.172914
0.191404
0.234
0.176
0.181818
0.184224
0.191
0.153
0.209395
0.0544728
0.238
0.157
0.199
0.245877
0.247
0.142929
0.217891
0.209
0.198702
0.228386
0.01
0.244511
0.215285
0.195902
0.2405
0.1915
0.212894
0.0055
0.142429
0.212681
0.211
0.183816
0.240519
0.156922
0.194306
0.191
0.1955
0.187313
0.00549725
0.0109945
0.119321
0.008
0.1775
0.191
0.2085
0.0129805
0.204398
0.0045
0.09
0.0055
0.247
0.249251
0.229656
0.225387
0.242
0.203796
0.1845
0.242
0.204194
0.187625
0.213393
0.195
0.269365
0.227386
0.189311
0.244
0.165917
0.227772
0.218781
0.00848303
0.217891
0.1285
0.178
0.147426
0.1465
0.00599401
0.252122
0.194209
0.0114943
0.214
0.2265
0.222
0.0109945
0.218781
0.175912
0.221778
0.215892
0.189621
0.175824
0.167
0.227273
0.213
0.2045
0.226387
0.249875
0.213466
0.172914
0.186407
0.21197
0.21989
0.156922
0.2155
0.0294558
0.156266
0.2205
0.00998502
0.204398
0.162
0.144855
0.196402
0.185
0.1755
0.2095
0.17
0.0125
0.1475
0.2035
0.0065
0.2035
0.235764
0.246
0.222555
0.1905
0.252621
0.231
0.191617
0.190405
0.162
0.1775
0.237644
0.229885
0.16092
0.211
0.187
0.249126
0.171329
0.1725
0.227772
0.192807
0.2035
0.2125
0.171828
0.234
0.232384
0.1355
0.00947159
0.198401
0.238381
0.201
0.211394
0.204398
0.227386
0.1765
0.216892
0.215392
0.01
0.186813
0.177411
0.233766
0.197303
0.11944
0.169745
0.155267
0.15
0.201697
0.0999001
0.0095
0.175824
0.2375
0.229271
0.206
0.200799
0.206
0.2155
0.187406
0.1795
0.15984
0.14093
0.207
0.21
0.177411
0.191213
0.0095
0.213287
0.207293
0.155844
0.204194
0.185315
0.1845
0.0144855
0.174239
0.194209
0.206
0.182227
0.2125
0.182227
0.166
0.182817
0.207
0.173913
0.215285
0.150425
0.183408
0.143928
0.1305
0.18
0.1955
0.202
0.193903
0.193613
0.185
0.0829585
0.163
0.204
0.2035
0.0754623
0.215177
0.214893
0.1455
0.198203
0.238381
0.213893
0.0029985
0.0394803
0.1545
0.184224
0.190619
0.2415
0.017982
0.224276
0.245377
0.256244
0.2175
0.2165
0.209395
0.193613
0.216
0.2215
0.22666
0.02
0.223388
0.00899101
0.229
0.1965
0.135432
0.231153
0.184224
0.162
0.217782
0.152924
0.189905
0.211894
0.0169915
0.206
0.1895
0.152771
0.0119701
0.185
0.00998502
0.188811
0.208292
0.22006
0.20509
0.215
0.011982
0.0095
0.181228
0.2065
0.2165
0.211394
0.2245
0.1995
0.202899
0.223776
0.203898
0.201
0.142429
0.205295
0.250375
0.241895
0.189405
0.265235
0.2565
0.202
0.203297
