0.132
0.113
0.193403
0.104448
0.0464768
0.0645
0.1665
0.00849151
0.158421
0.170915
0.0814186
0.114
0.1775
0.118881
0.149
0.0124938
0.0974513
0.145927
0.155844
0.176
0.0779221
0.100899
0.1135
0.055
0.0668997
0.0664004
0.142929
0.115942
0.142
0.170744
0.1725
0.0555
0.154423
0.144783
0.1785
0.138861
0.02
0.0224775
0.0069965
0.008
0.122378
0.0584416
0.182909
0.11994
0.125312
0.093
0.147
0.00998502
0.00599401
0.149925
0.0114828
0.132434
0.0959041
0.131369
0.109
0.106447
0.0065
0.123438
0.0464535
0.0824588
0.00648056
0.166917
0.11
0.101449
0.159261
0.121878
0.00549725
0.106947
0.14
0.157
0.151
0.1435
0.0124938
0.1455
0.0085
0.0634683
0.074
0.113943
0.111944
0.148926
0.011988
0.014
0.020979
0.015992
0.152618
0.113273
0.00699301
0.175736
0.00898652
0.157921
0.145927
0.0985
0.107946
0.132
0.144928
0.1375
0.141
0.17
0.124
0.077
0.0135
0.004
0.149
0.153846
0.156922
0.013
0.13979
0.0069965
0.126
0.167916
0.133
0.0645
0.00698952
0.029
0.011
0.139
0.1185
0.1095
0.13979
0.154423
0.132934
0.146853
0.0075
0.1575
0.127436
0.0365
0.013
0.0455
0.0144855
0.0974026
0.1095
0.138861
0.144783
0.136432
0.161419
0.118
0.0968547
0.1545
0.0634683
0.117941
0.13037
0.16034
0.12
0.142429
0.145282
0.106947
0.115385
0.103896
0.016983
0.1335
0.135432
0.153
0.161419
0.096
0.0664336
0.0939061
0.1255
0.1235
0.137
0.135
0.1715
0.0324838
0.1355
0.005
0.1295
0.02997
0.1255
0.113886
0.135432
0.144783
0.00949051
0.0685
0.136
0.083
0.147353
0.016
0.132934
0.0504244
0.035
0.0204898
0.0969515
0.187313
0.1365
0.082793
0.142429
0.121
0.0475
0.0389805
0.0154845
0.0125
0.1295
0.193709
0.108392
0.128871
0.013
0.1205
0.0975
0.1335
0.0129935
0.008
0.127
0.00849151
0.150849
0.181228
0.12044
0.154845
0.178
0.011988
0.1055
0.123377
0.0075
0.145927
0.143928
0.146853
0.0884558
0.128871
0.1435
0.140859
0.161919
0.0424575
0.145927
0.164418
0.0944528
0.1425
0.117882
0.1565
0.145
0.13024
0.0905
0.1605
0.0144855
0.115826
0.00849151
0.012475
0.025
0.157921
0.143
0.0995
0.1495
0.1205
0.163
0.1665
0.0928144
0.0069965
0.144928
0.1635
0.0855
0.169246
0.126873
0.138792
0.124875
0.077
0.18041
0.1425
0.1715
0.118
0.140719
0.0124938
0.153423
0.136228
0.107946
0.115
0.0369446
0.1115
0.023
0.142
0.1055
0.0069965
0.16999
0.1335
0.164835
0.141288
0.175237
0.1385
0.0664004
0.142
0.0385
0.113829
0.0234883
0.027
0.152
0.1265
0.14093
0.095
0.116326
0.163
0.0309845
0.175412
0.127436
0.119
0.112388
0.0104948
0.129741
0.0174913
0.155267
0.0979021
0.010989
0.139
0.037
0.132801
0.1455
0.164
0.077
0.104448
0.0429785
0.0674326
0.126437
0.107339
0.151
0.119321
0.129435
0.122939
0.162257
0.0828343
0.1405
0.127436
0.1325
0.159341
0.033983
0.143
0.0095
0.0585
0.011
0.0504244
0.11039
0.161339
0.155844
0.0115
0.125437
0.0184815
0.0834583
0.141429
0.1105
0.0888224
0.144855
0.135365
0.124438
0.145927
0.00949051
0.0984016
0.117882
0.0114885
0.141429
0.16092
0.105
0.0904096
0.0169745
0.17324
0.004
0.00849575
0.121439
0.131868
0.1185
0.169246
0.174413
0.116326
0.167916
0.133866
0.134
0.132934
0.108337
0.135365
0.127745
0.035
0.136932
0.1385
0.012
0.0069965
0.156922
0.1035
0.0969515
0.0364635
0.00599401
0.193403
0.112944
0.164
0.140859
0.149925
0.0669665
0.0484758
0.187
0.1625
0.0414172
0.148
0.16999
0.026
0.0124938
0.111944
0.144
0.186407
0.149925
0.2005
0.1395
0.0645
0.019
0.0154845
0.129435
0.089
0.154423
0.185721
0.0134865
0.119321
0.141429
0.013
0.0579421
0.12032
0.116942
0.00999001
0.00949525
0.143
0.1755
0.139
0.007996
0.00898652
0.098
0.135432
0.13037
0.136432
0.113943
0.127436
0.0784608
0.142287
0.022977
0.142429
0.123438
0.153923
0.1455
0.006
0.14
0.1435
0.109391
0.102949
0.0989011
0.147
0.02997
0.1665
0.0264339
0.009
0.0115
0.1235
0.160759
0.129435
0.135729
0.181228
0.0864568
0.0285
0.14093
0.0225
0.1765
0.154423
0.0654019
0.115442
0.175736
0.123752
0.0604094
0.0289566
0.15942
0.008
0.170915
0.115385
0.145
0.013
0.121878
0.079
0.133
0.165751
0.16675
0.127745
0.162
0.0365
0.0124938
0.0124938
0.101
0.135297
0.035
0.182
0.136
0.0475
0.0204591
0.0145
0.01999
0.1475
0.0875
0.0664336
0.0275
0.142
0.145427
0.16
0.0115
0.011988
0.112
0.147705
0.004
0.155766
0.151273
0.00648379
0.128871
0.182909
0.126
0.129371
0.151697
0.0389416
0.022
0.119
0.16042
0.141
0.0685
0.0675
0.1555
0.103397
0.11
0.172
0.157
0.0968547
0.011988
0.0065
0.112388
0.145
0.181409
0.1
0.112944
0.013986
0.139
0.1325
0.133
0.202399
0.150425
0.132934
0.0645
0.026
0.113443
0.138362
0.0824588
0.124376
0.017991
0.020979
0.154845
0.0114828
0.11
0.1475
0.113829
0.148
0.118
0.145
0.00949051
0.148
0.146927
0.130935
0.161757
0.0144928
0.114386
0.0225
0.142287
0.126
0.156
0.162338
0.0309845
0.141787
0.0645
0.0355
0.186907
0.106447
0.153693
0.112444
0.1145
0.143428
0.121
0.137226
0.1585
0.04
0.054
0.178
0.151424
0.010989
0.019
0.0924076
0.15992
0.0045
0.1325
0.151
0.129935
0.079
0.1135
0.0055
0.0095
0.044955
0.003998
0.134
0.012
0.17
0.0825
0.0634683
0.1185
0.128936
0.0888224
0.147426
0.171742
0.138293
0.1255
0.110945
0.142429
0.1045
0.1225
0.1185
0.1215
0.00849151
0.012
0.126437
0.0575
0.1255
0.1075
0.0205
0.167166
0.144
0.1585
0.14036
0.118
0.136432
0.172414
0.00949525
0.142287
0.132434
0.1395
0.178
0.00899101
0.125312
0.0135
0.157921
0.150925
0.00799201
0.115942
0.130175
0.126374
0.173327
0.167416
0.0975
0.0069965
0.179142
0.1495
0.157421
0.1525
0.124314
0.131
0.1425
0.0909545
0.138293
0.082793
0.187
0.118204
0.1395
0.136
0.108
0.00949525
0.132434
0.00799201
0.0164918
0.023
0.163
0.188906
0.0055
0.15942
0.0504748
0.0805
0.1735
0.0365
0.0464768
0.111944
0.117
0.102346
0.166334
0.166833
0.127745
0.1745
0.005
0.042957
0.02
0.013993
0.119321
0.0065
0.0229885
0.13979
0.0204898
0.144928
0.0075
0.029
0.1415
0.138861
0.1315
0.0855
0.146427
0.079
0.155
0.1855
0.145927
0.0184815
0.0305
0.0549451
0.141787
0.1785
0.0589705
0.022977
0.117
0.137363
0.118881
0.108283
0.115826
0.1095
0.0624064
0.115942
0.1295
0.163
0.1475
0.164835
0.014
0.154691
0.13943
0.119
0.128807
0.0634683
0.1515
0.147353
0.115
0.178322
0.0225
0.1265
0.182909
0.161419
0.0855
0.153
0.0145
0.13
0.148
0.1495
0.0065
0.182909
0.148926
0.175412
0.1575
0.160759
0.0354823
0.146927
0.147926
0.0585
0.066
0.157921
0.12987
0.113
0.00949525
0.166
0.137431
0.0705
0.153
0.135
0.00798403
0.142358
0.0294264
0.1625
0.135432
0.168416
0.128807
0.107
0.132934
0.089
0.0225
0.011994
0.103896
0.178821
0.158683
0.152
0.138931
0.158921
0.1485
0.155
0.126937
0.1185
0.01
0.0905
0.117
0.172328
0.00848727
0.013
0.027
0.0354823
0.00898652
0.171414
0.153
0.0744628
0.0264471
0.119321
0.146427
0.110945
0.133933
0.129
0.124
0.14
0.0205
0.124938
0.115442
0.1445
0.15942
0.169
0.138861
0.169915
0.0049975
0.123
0.143428
0.14
0.131
0.133866
0.020979
0.1775
0.148926
0.162675
0.15942
0.129435
0.126437
0.131802
0.087
0.150275
0.0664336
0.0145
0.0035
0.148926
0.17324
0.00949051
0.131369
0.106447
0.0075
0.155
0.167416
0.0695
0.0675
0.0324838
0.153347
0.0735
0.187812
0.151
0.131868
0.0923615
0.169415
0.12044
0.1775
0.1375
0.156266
0.153423
0.11
0.008
0.1115
0.0324838
0.0504748
0.162
0.11982
0.151
0.162837
0.135365
0.152424
0.0969515
0.0129805
0.156922
0.126374
0.123253
0.0814186
0.0385
0.019
0.132
0.146927
0.026
0.134299
0.00649351
0.149425
0.0664004
0.0634683
0.107
0.100899
0.129435
0.1065
0.00649675
0.0294558
0.013
0.0975
0.125
0.147353
0.052
0.18513
0.0109835
0.138723
0.1165
0.138723
0.146927
0.0325
0.12987
0.152424
0.004
0.124
0.1385
0.1095
0.149
0.026
0.157921
0.084
0.0655
0.0055
0.1625
0.054
0.0994503
0.134433
0.135932
0.129935
0.138861
0.0029985
0.1085
0.143928
0.1525
0.004
0.0805
0.021967
0.1015
0.136
0.1395
0.128436
0.141429
0.1195
0.154691
0.0135
0.122439
0.0229885
0.1575
0.0539191
0.0905
0.152771
0.128436
0.148
0.165417
0.0475
0.115826
0.172827
0.0799201
0.151273
0.115
0.176
0.1745
0.1115
0.14093
0.130935
0.144
0.1245
0.0709291
0.173413
0.00999001
0.131369
0.0025
0.131369
0.119
0.013
0.1245
0.114885
0.007
0.121318
0.146853
0.10684
0.12044
0.142
0.023
0.173413
0.016983
0.003998
0.133433
0.133866
0.023
0.00849575
0.0289566
0.142
0.011988
0.00698952
0.181409
0.130935
0.167416
0.0125
0.0634683
0.157
0.134366
0.162419
0.159
0.153
0.134232
0.127373
0.007996
0.0639361
0.124
0.129435
0.10989
0.152
0.087
0.0314843
0.0605
0.113886
0.129435
0.133866
0.113443
0.0184908
0.118881
0.149425
0.1745
0.0655
0.067966
0.139361
0.161258
0.134366
0.16042
0.1385
0.134
0.1095
0.02
0.005
0.0085
0.116942
0.0824588
0.1185
0.122439
0.1385
0.143
0.118
0.106447
0.142358
0.18513
0.012987
0.0055
0.167416
0.0174913
0.1635
0.0524738
0.1225
0.088
0.1055
0.1405
0.005
0.168
0.132
0.1445
0.0025
0.067966
0.121
0.013
0.1365
0.0705
0.127
0.032
0.0254873
0.134433
0.115942
0.116267
0.0109835
0.0144928
0.18041
0.144855
0.139291
0.0875
0.128807
0.121
0.155345
0.125437
0.14043
0.0164918
0.0645
0.0285
0.167416
0.0705
0.140719
0.122816
0.114
0.114443
0.113829
0.161419
0.119
0.1475
0.14036
0.1305
0.0089955
0.0075
0.146927
0.15992
0.113273
0.129741
0.126747
0.0144928
0.126873
0.138861
0.0375
0.149
0.129371
0.036
0.1645
0.029
0.0165
0.110945
0.011
0.159
0.106947
0.181228
0.158
0.123438
0.132
0.10989
0.0109835
0.134933
0.140789
0.153
0.147
0.127436
0.16034
0.131303
0.0334833
0.115327
0.146
0.0974513
0.181
0.112444
0.132434
0.1335
0.1045
0.1365
0.109391
0.163
0.143928
0.0265
0.0905
0.166334
0.1075
0.007996
0.1365
0.14985
0.126747
0.1994
0.0944056
0.0154845
0.178
0.107
0.124875
0.156
0.179231
0.170744
0.1425
0.151
0.144
0.158342
0.136932
0.1625
0.144
0.16675
0.142358
0.1645
0.115442
0.1333
0.154845
0.131
0.1435
0.16
0.137431
0.077961
0.0894553
0.15942
0.09995
0.161419
0.1795
0.0089955
0.1095
0.124
0.114443
0.113943
0.142429
0.118
0.1545
0.0189905
0.152771
0.147353
0.178
0.122378
0.0045
0.00649351
0.138931
0.121
0.146
0.09995
0.185721
0.092
0.114443
0.020979
0.113
0.057
0.116442
0.132934
0.173413
0.122378
0.145927
0.0365
0.145927
0.162338
0.111944
0.136932
0.1275
0.154691
0.006
0.120879
0.146853
0.131303
0.12
0.105894
0.0324838
0.0125
0.131868
0.139
0.0214893
0.158
0.145
0.127745
0.173
0.0918622
0.0069965
0.18041
0.131868
0.107339
0.135432
0.134
0.0195
0.0109835
0.156266
0.066
0.0214893
0.1065
0.0129741
0.009
0.1705
0.116267
0.1305
0.153923
0.107339
0.0154923
0.22039
0.057
0.15942
0.148851
0.0712861
0.0853719
0.105395
0.138792
0.143
0.0109835
0.15
0.1095
0.140789
0.131868
0.171828
0.0105
0.1705
0.153347
0.107
0.125312
0.0868697
0.156422
0.187
0.1215
0.1455
0.0334833
0.140789
0.110889
0.11
0.087956
0.123438
0.00649351
0.165
0.145
0.1785
0.0089955
0.150425
0.0579421
0.117
0.127309
0.113886
0.023
0.104396
0.1425
0.1735
0.11039
0.133234
0.129435
0.112944
0.00799201
0.130435
0.1535
0.118881
0.185629
0.0944056
0.115385
0.140648
0.136432
0.1185
0.12
0.166
0.10095
0.146853
0.169
0.0888224
0.146927
0.122939
0.1285
0.179231
0.1235
0.164
0.131
0.138931
0.137226
0.0314843
0.152924
0.136364
0.138723
0.0045
0.142929
0.135932
0.133866
0.154038
0.164418
0.0784216
0.00949525
0.152771
0.116942
0.148
0.166
0.16
0.136432
0.175412
0.102346
0.0114828
0.118
0.0899101
0.0634683
0.122439
0.116442
0.1425
0.0184908
0.0175
0.146853
0.127872
0.12032
0.16034
0.161419
0.115442
0.1325
0.155345
0.0429356
0.167249
0.0205
0.1505
0.124875
0.185721
0.0289566
0.138293
0.035
0.0114828
0.180639
0.131
0.118
0.0294558
0.010989
0.15942
0.0645
0.107393
0.0913174
0.122
0.132934
0.118204
0.143
0.117
0.182817
0.03
0.127309
0.166334
0.116
0.0654673
0.0504244
0.177
0.139361
0.126
0.1745
0.007996
0.0668997
0.0075
0.136
0.119381
0.013
0.0129935
0.1035
0.05997
0.0375
0.00699301
0.0529735
0.162419
0.154423
0.1355
0.0149775
0.169745
0.1095
0.11
0.00949525
0.124438
0.136932
0.023
0.107446
0.1535
0.0264868
0.154
0.107892
0.115442
0.132434
0.0174913
0.116883
0.1185
0.156422
0.146927
0.129935
0.198401
0.00699301
0.1625
0.0285
0.106
0.08
0.0184908
0.0844156
0.0989011
0.145
0.127
0.103397
0.11994
0.165417
0.113443
0.015992
0.007996
0.0105
0.114443
0.130435
0.01999
0.123438
0.0604094
0.023
0.138792
0.0225
0.0104948
0.143
0.1615
0.1605
0.084
0.127
0.0225
0.158683
0.138861
0.168831
0.1555
0.013993
0.014
0.184908
0.118
0.1315
0.116883
0.132434
0.14
0.153423
0.175412
0.0824588
0.116
0.14093
0.086
0.146927
0.008
0.1185
0.123752
0.11982
0.17207
0.0214893
0.0964518
0.011
0.131934
0.105447
0.0204898
0.0104948
0.087956
0.135932
0.112
0.1205
0.102346
0.007996
0.154346
0.00599401
0.051
0.00499251
0.1185
0.1505
0.0994503
0.107
0.00799201
0.134433
0.101449
0.158
0.150774
0.1035
0.048951
0.0799201
0.057
0.122816
0.011994
0.148
0.0634683
0.133433
0.0735
0.13
0.138861
0.176
0.125
0.0184815
0.120879
0.154768
0.140859
0.0085
0.123438
0.095
0.146853
0.153923
0.0504748
0.126
0.114
0.0124938
0.166
0.173413
0.127309
0.00899101
0.169745
0.143428
0.129435
0.172414
0.118
0.149925
0.0125
0.085
0.139
0.156188
0.149925
0.004
0.096
0.132801
0.1155
0.0833749
0.0264471
0.0145
0.045
0.00749625
0.00648056
0.00898652
0.0605
0.1333
0.112944
0.00848727
0.132
0.007996
0.0974513
0.1295
0.159
0.0314843
0.019
0.117882
0.11039
0.1205
0.134299
0.087
0.183317
0.1255
0.009995
0.0929535
0.129935
0.153
0.130435
0.172328
0.02997
0.127872
0.159261
0.157264
0.1245
0.149925
0.129935
0.146
0.139
0.1615
0.044955
0.159
0.0585
0.0325
0.134
0.154
0.131868
0.019
0.1425
0.0939061
0.0205
0.144855
0.141787
0.00599401
0.159
0.125437
0.1345
0.111333
0.010989
0.1195
0.113943
0.1295
0.154038
0.114943
0.1555
0.121
0.0169745
0.116384
0.10479
0.084
0.126
0.096
0.1175
0.020979
0.167416
0.1365
0.148
0.113443
0.137294
0.1565
0.127745
0.181409
0.118
0.0514743
0.1705
0.128936
0.0395
0.123377
0.126937
0.0634683
0.013986
0.0069965
0.113886
0.084
0.143
0.116883
0.0939061
0.0675
0.145
0.116442
0.019
0.136932
0.175412
0.113716
0.00799201
0.0164918
0.0705
0.132934
0.122816
0.11
0.0174913
0.1925
0.125375
0.012
0.117882
0.100899
0.005997
0.145427
0.151122
0.121
0.122816
0.155844
0.144
0.0669665
0.110945
0.003998
0.00749625
0.181409
0.009
0.0075
0.169
0.133433
0.007
0.003998
0.134
0.16092
0.146927
0.144783
0.136863
0.1065
0.138792
0.01999
0.0189715
0.1405
0.144428
0.1855
0.0109835
0.1695
0.145282
0.142287
0.1185
0.102897
0.147
0.135
0.112
0.182909
0.1395
0.165417
0.0549725
0.066
0.126937
0.134433
0.00899101
0.145927
0.0069965
0.1125
0.193403
0.0069965
0.0315
0.0668997
0.1295
0.123
0.138293
0.134433
0.0154845
0.141
0.0289421
0.158683
0.139
0.104396
0.0215
0.101796
0.151424
0.147926
0.0629685
0.1185
0.197204
0.00749251
0.186
0.172414
0.0825
0.138293
0.009
0.0904096
0.133433
0.00948577
0.164671
0.120879
0.1225
0.144
0.00898652
0.012
0.0189905
0.1395
0.131369
0.122439
0.139361
0.0305
0.136932
0.110945
0.141787
0.087
0.00849151
0.048951
0.138431
0.166168
0.0234765
0.107892
0.169
0.18041
0.137
0.162419
0.143
0.0815
0.0928144
0.0824588
0.149925
0.1325
0.1725
0.118
0.137862
0.153846
0.12987
0.0639361
0.147
0.150275
0.009
0.129435
0.11
0.0124938
0.131
0.116384
0.1945
0.1455
0.131
0.1125
0.22039
0.138723
0.137
0.012
0.0969515
0.12044
0.007
0.144
0.110945
0.0315
0.0824588
0.161419
0.162
0.011
0.129741
0.1425
0.174413
0.0025
0.135932
0.0389416
0.0354823
0.18041
0.143928
0.13993
0.0744628
0.157421
0.1255
0.00899101
0.01
0.164918
0.181409
0.103
0.1325
0.0105
0.0974026
0.0815
0.144783
0.122
0.1045
0.0825
0.0264735
0.16034
0.115
0.14985
0.13
0.2025
0.132801
0.0884558
0.0045
0.0029985
0.12
0.133
0.113943
0.122
0.146208
0.118441
0.169745
0.1415
0.149925
0.1315
0.159261
0.157
0.0055
0.14093
0.124875
0.154
0.125312
0.175412
0.00849151
0.148851
0.169
0.0784216
0.0174913
0.1235
0.136
0.168
0.148426
0.156422
0.0109835
0.0324513
0.145427
0.153423
0.15992
0.164
0.00898652
0.0923615
0.125437
0.134433
0.168
0.0149925
0.132867
0.0145
0.074
0.157527
0.1485
0.112444
0.144928
0.052
0.0055
0.163337
0.172414
0.1615
0.04
0.153
0.136432
0.00949051
0.105447
0.1455
0.1925
0.117941
0.107393
0.161838
0.0754623
0.1445
0.0629685
0.153923
0.1575
0.186
0.1565
0.1825
0.124376
0.166417
0.1395
0.082793
0.00648056
0.107
0.144428
0.166
0.127
0.154346
0.188
0.129935
0.0539191
0.0805
0.0225
0.127436
0.107
0.1775
0.108946
0.0998502
0.0455
0.011
0.123814
0.014
0.177057
0.08
0.197
0.127
0.167916
0.117
0.193403
0.132368
0.013
0.178411
0.11988
0.019
0.009
0.118441
0.0264339
0.159
0.144
0.1665
0.135932
0.152771
0.1675
0.0974513
0.108392
0.005
0.102897
0.155
0.133933
0.0129741
0.11
0.0484758
0.1495
0.027
0.00799201
0.1555
0.08
0.00749625
0.123876
0.0824588
0.0155
0.016983
0.120879
0.0055
0.016983
0.173
0.137
0.182817
0.115442
0.138792
0.0868263
0.0234883
0.007
0.101449
0.1705
0.0814593
0.0075
0.143428
0.16042
0.174413
0.146
0.1335
0.121878
