0.246384
0.017991
0.280439
0.288423
0.2585
0.257371
0.286857
0.235
0.230385
0.272228
0.2835
0.28036
0.2515
0.274363
0.286713
0.27936
0.268
0.279
0.260739
0.266867
0.260609
0.286214
0.265602
0.286
0.238642
0.329506
0.2515
0.32
0.297203
0.224
0.32084
0.276862
0.3205
0.281359
0.2825
0.313
0.303545
0.272
0.294558
0.2635
0.315342
0.271364
0.299103
0.261239
0.278083
0.303545
0.329006
0.319
0.296352
0.333832
0.317841
0.289855
0.247876
0.237144
0.305847
0.248252
0.318522
0.256487
0.2685
0.266
0.276585
0.243756
0.299051
0.251874
0.2835
0.2695
0.283358
0.232
0.3285
0.267366
0.3095
0.337831
0.3025
0.322854
0.265235
0.307385
0.303848
0.002
0.292
0.316683
0.251874
0.283716
0.3235
0.312188
0.306347
0.271956
0.316342
0.273
0.2995
0.306847
0.251874
0.27
0.279
0.2845
0.225275
0.348477
0.28036
0.276585
0.294705
0.2855
0.2935
0.256743
0.306194
0.267
0.2805
0.343157
0.2185
0.261976
0.282435
0.311
0.3365
0.237026
0.261869
0.297904
0.2735
0.297851
0.292354
0.272228
0.290355
0.295352
0.0065
0.243756
0.301349
0.275087
0.292415
0.237644
0.291563
0.297351
0.315185
0.2975
0.301
0.278304
0.253873
0.267599
0.295205
0.252374
0.24038
0.278222
0.254745
0.009995
0.298351
0.292208
0.272864
0.30005
0.225887
0.282
0.305347
0.244
0.279
0.329506
0.308038
0.248
0.292062
0.269096
0.2905
0.268
0.289855
0.312844
0.185315
0.256
0.287856
0.279221
0.296
0.291354
0.208396
0.275862
0.269096
0.317183
0.292062
0.350623
0.273
0.300748
0.264
0.2775
0.0095
0.255872
0.287569
0.265
0.296204
0.344483
0.311
0.28022
0.316367
0.264368
0.263368
0.2355
0.250749
0.2825
0.0095
0.332334
0.292707
0.329006
0.321339
0.277722
0.330669
0.316
0.272
0.287924
0.293853
0.281
0.266733
0.303
0.270594
0.247876
0.2785
0.243756
0.3175
0.02
0.307539
0.228
0.2535
0.299551
0.303848
0.253873
0.304391
0.265235
0.258741
0.2995
0.207189
0.276862
0.315842
0.259
0.292415
0.250125
0.267732
0.273
0.295908
0.2585
0.263473
0.3025
0.2515
0.3015
0.285072
0.2805
0.32018
0.2665
0.294705
0.272727
0.329
0.2425
0.268866
0.322677
0.301349
0.2375
0.301349
0.283858
0.2755
0.3085
0.294
0.288
0.278861
0.3395
0.247376
0.312844
0.311844
0.2735
0.272864
0.290355
0.258612
0.297203
0.2475
0.312032
0.285215
0.33
0.276362
0.261369
0.296204
0.277361
0.297702
0.284573
0.262
0.3065
0.243756
0.285357
0.321839
0.277
0.287856
0.272591
0.299
0.340489
0.254873
0.266234
0.2785
0.257871
0.317524
0.286214
0.24038
0.266966
0.271593
0.338
0.3005
0.2685
0.307193
0.291708
0.295352
0.288212
0.284573
0.292707
0.322839
0.2765
0.284573
0.2825
0.260739
0.308346
0.266234
0.3
0.271
0.297203
0.265102
0.283716
0.2595
0.286214
0.304196
0.2885
0.281
0.311
0.292
0.3065
0.328172
0.290355
0.267366
0.27
0.28086
0.32034
0.272
0.285357
0.314
0.3255
0.305042
0.235882
0.264735
0.0055
0.258
0.303848
0.286857
0.292208
0.291
0.261869
0.24038
0.297
0.322516
0.297851
0.3065
0.30035
0.2845
0.296352
0.2755
0.291354
0.3065
0.24038
0.2825
0.299551
0.257871
0.253
0.3155
0.278361
0.297
0.263368
0.26
0.225887
0.271864
0.313061
0.2855
0.3
0.284
0.305347
0.277223
0.2925
0.282793
0.326174
0.269
0.257
0.2845
0.279
0.315027
0.260609
0.237263
0.3
0.2785
0.26087
0.31984
0.308383
0.27
0.287856
0.295704
0.272364
0.261239
0.298552
0.276723
0.259241
0.295205
0.3155
0.257
0.283716
0.003
0.271
0.274
0.348326
0.246384
0.285928
0.277223
0.302849
0.301
0.29935
0.322839
0.344828
0.2585
0.253
0.277944
0.3025
0.268731
0.2875
0.289855
0.274363
0.281
0.273227
0.285357
0.23
0.292707
0.2935
0.2435
0.2805
0.2945
0.264868
0.3065
0.268
0.318182
0.328836
0.3265
0.277
0.2795
0.325837
0.298351
0.290355
0.288068
0.2495
0.301
0.3145
0.233
0.299
0.279163
0.3065
0.289855
0.29935
0.30085
0.2835
0.287856
0.315342
0.262869
0.306347
0.257
0.276362
0.272
0.314
0.324338
0.2535
0.244378
0.337
0.300549
0.28
0.3065
0.269461
0.256743
0.291063
0.324838
0.286
0.260609
0.271229
0.304
0.301
0.252994
0.277
0.258871
0.319
0.187906
0.279163
0.241379
0.3155
0.238
0.236382
0.2685
0.248751
0.2765
0.0045
0.301
0.288856
0.322339
0.32018
0.28
0.317341
0.29935
0.2355
0.273363
0.3345
0.2535
0.2565
0.0055
0.0085
0.2795
0.312531
0.254373
0.286
0.28086
0.272864
0.348477
0.286857
0.266733
0.326837
0.206
0.226
0.287924
0.2865
0.303
0.288
0.264368
0.275948
0.2765
0.258741
0.258
0.292208
0.269365
0.307193
0.286713
0.295205
0.0045
0.245377
0.2565
0.314343
0.28
0.269365
0.3205
0.258612
0.31353
0.0124938
0.27309
0.290355
0.284
0.279
0.31934
0.306194
0.241
0.307846
0.264368
0.304848
0.269231
0.354823
0.241259
0.289855
0.306194
0.3135
0.25937
0.305347
0.263605
0.261869
0.2997
0.269096
0.292854
0.301698
0.264868
0.340489
0.230385
0.008
0.2795
0.258871
0.283858
0.28086
0.2815
0.308691
0.303545
0.244
0.276224
0.3115
0.26087
0.2585
0.268
0.2945
0.2785
0.263
0.284358
0.268
0.332667
0.3135
0.281859
0.307193
0.243756
0.272727
0.317
0.3105
0.269
0.219281
0.312188
0.25937
0.294705
0.264868
0.241758
0.3405
0.257742
0.279581
0.302849
0.272
0.332834
0.290065
0.2175
0.315
0.264735
0.256743
0.27936
0.283
0.308346
0.279581
0.272864
0.272
0.2975
0.275862
0.2535
0.296906
0.290564
0.284715
0.288212
0.273863
0.279221
0.272364
0.31968
0.02
0.2795
0.284216
0.2735
0.244
0.2885
0.243756
0.222666
0.295704
0.312188
0.278361
0.324
0.273363
0.238381
0.3305
0.277223
0.283
0.248751
0.2445
0.312032
0.265
0.3065
0.305
0.2865
0.291
0.275587
0.256743
0.0055
0.290355
0.2745
0.34648
0.3295
0.284216
0.272092
0.288922
0.249375
0.283858
0.3165
0.324014
0.235
0.3095
0.283075
0.314371
0.247253
0.350974
0.258483
0.350974
0.32018
0.308691
0.267366
0.311
0.249375
0.3025
0.267866
0.2585
0.351122
0.26037
0.256
0.0085
0.247876
0.274863
0.251123
0.259611
0.25987
0.277223
0.2365
0.263237
0.27
0.228657
0.2635
0.291354
0.3025
0.287
0.279
0.279
0.274863
0.273726
0.289355
0.282859
0.272
0.283
0.3145
0.313061
0.305042
0.28036
0.281578
0.328507
0.223888
0.269231
0.25987
0.318204
0.273317
0.206
0.322516
0.2915
0.283358
0.29356
0.275
0.269365
0.296555
0.27986
0.29491
0.3165
0.28086
0.2505
0.303848
0.291708
0.2715
0.256743
0.228386
0.256743
0.262107
0.290355
0.289211
0.269
0.274863
0.247376
0.2735
0.2685
0.3005
0.32034
0.273
0.271864
0.2855
0.3005
0.312
0.304543
0.296
0.271593
0.313187
0.308846
0.274725
0.29306
0.25
0.261976
0.241
0.2795
0.260739
0.23988
0.309
0.313686
0.288
0.261
0.32
0.279
0.2445
0.314843
0.283
0.331834
0.271728
0.326837
0.249126
0.248252
0.283858
0.256244
0.29
0.251
0.295352
0.307692
0.325187
0.3215
0.3085
0.265235
0.274363
0.247876
0.283
0.284
0.344828
0.2695
0.277361
0.322677
0.28036
0.287712
0.270365
0.32084
0.275087
0.241517
0.307
0.0085
0.208396
0.285072
0.314843
0.254745
0.2515
0.002
0.296555
0.329
0.2945
0.278083
0.267866
0.2515
0.292768
0.2445
0.289
0.31
0.235
0.26037
0.298403
0.284
0.2585
0.290564
0.291708
0.282859
0.2875
0.244755
0.278
0.308691
0.273227
0.308691
0.2655
0.281718
0.292914
0.261869
0.266
0.264368
0.266
0.284358
0.272
0.25025
0.288778
0.301349
0.309
0.3395
0.308846
0.253367
0.017991
0.2975
0.275449
0.28086
0.2365
0.267
0.3065
0.30035
0.247
0.337831
0.2795
0.2935
0.231653
0.305542
0.233
0.235
0.313
0.296
0.291354
0.306194
0.272
0.0134798
0.0065
0.275449
0.27
0.258612
0.254373
0.255744
0.25937
0.306194
0.285
0.254
0.289355
0.288
0.279
0.246
0.263237
0.327336
0.283
0.310845
0.264
0.296906
0.330335
0.3015
0.28086
0.0174825
0.225275
0.2735
0.332334
0.24
0.2685
0.349825
0.337831
0.329335
0.245754
0.296204
0.260739
0.252374
0.319181
0.272364
0.249126
0.263368
0.302849
0.274
0.0055
0.008
0.2935
0.222666
0.344828
0.277
0.287856
0.2775
0.279
0.311533
0.299
0.258371
0.292707
0.29021
0.277
0.252374
0.323838
0.2985
0.3055
0.3115
0.312188
0.317682
0.297
0.291354
0.235
0.2555
0.291854
0.312188
0.290709
0.270958
0.29935
0.254745
0.232
0.298351
0.248751
0.30969
0.315
0.285215
0.308
0.3005
0.287356
0.30969
0.298
0.27023
0.267099
0.317524
0.292854
0.294
0.246254
0.274363
0.2885
0.266867
0.296555
0.244134
0.262
0.287139
0.290355
0.226
0.2495
0.284074
0.277361
0.304848
0.272228
0.312188
0.261239
0.247
0.310534
0.0085
0.306847
0.268
0.284216
0.265235
0.274363
0.248128
0.2665
0.258483
0.3365
0.28036
0.273
0.287
0.292707
0.271093
0.251123
0.282859
0.298351
0.299
0.329506
0.2625
0.285215
0.261869
0.296352
0.302546
0.273227
0.2545
0.2775
0.326174
0.236
0.28
0.275862
0.284573
0.017991
0.2695
0.281
0.257371
0.338
0.264735
0.3155
0.302849
0.27309
0.1825
0.2535
0.278
0.28
0.292768
0.317341
0.276
0.254
0.283858
0.254745
0.2585
0.348826
0.2785
0.274863
0.249875
0.337
0.304044
0.26087
0.2855
0.255
0.285357
0.291
0.251874
0.267366
0.273726
0.28086
0.282717
0.2985
0.27
0.321839
0.296852
0.317524
0.258741
0.283358
0.3185
0.305847
0.261976
0.290355
0.205397
0.2525
0.324338
0.285357
0.282859
0.307
0.329506
0.2985
0.296
0.279221
0.3055
0.287924
0.311844
0.303545
0.264868
0.334833
0.285215
0.298701
0.285
0.277
0.286214
0.308346
0.332335
0.288
0.225887
0.272864
0.28036
0.292707
0.307846
0.309191
0.242379
0.315
0.2895
0.317841
0.298
0.2745
0.3225
0.303
0.2735
0.285857
0.237644
0.268
0.314
0.281297
0.281
0.273679
0.276
0.312344
0.317524
0.288778
0.317183
0.261976
0.295704
0.269865
0.236382
0.3002
0.30085
0.315842
0.257371
0.2875
0.28022
0.294206
0.266966
0.2515
0.293766
0.305195
0.30085
0.31353
0.23988
0.2825
0.2975
0.017991
0.2465
0.24038
0.2975
0.274363
0.3285
0.282359
0.275862
0.3075
0.285928
0.290855
0.25
0.312
0.3155
0.277722
0.282859
0.3065
0.315342
0.298
0.2985
0.285857
0.288
0.257871
0.308
0.253247
0.256
0.303545
0.2495
0.290355
0.286857
0.264
0.235
0.28971
0.299051
0.226887
0.280579
0.326174
0.298
0.290355
0.329506
0.295352
0.297851
0.277584
0.308691
0.241879
0.2715
0.271
0.261369
0.263237
0.3095
0.273863
0.264
0.3365
0.284358
0.255744
0.302849
0.317183
0.2795
0.28086
0.2755
0.253
0.25
0.235
0.315027
0.26
0.2855
0.246753
0.2955
0.302849
0.336832
0.253247
0.236
0.281
0.2585
0.3215
0.303545
0.2735
0.281578
0.317524
0.291354
0.2755
0.334833
0.276
0.3155
0.3215
0.29935
0.2415
0.272364
0.277
0.2895
0.278942
0.319
0.283
0.246
0.270594
0.283
0.262238
0.291
0.264104
0.283358
0.306347
0.295704
0.30005
0.262869
0.246377
0.3025
0.3175
0.3215
0.264
0.258483
0.307
0.2825
0.303197
0.32034
0.269096
0.00649026
0.281219
0.008
0.286
0.2945
0.280579
0.307846
0.303
0.3165
0.304044
0.271593
0.272727
0.2885
0.2545
0.318522
0.297351
0.3345
0.264
0.3065
0.297851
0.276
0.2185
0.00699301
0.273726
0.2685
0.310723
0.265102
0.30035
0.252374
0.2525
0.281
0.262606
0.267732
0.293
0.302849
0.244378
0.261869
0.261869
0.28022
0.2735
0.297203
0.254
0.29935
0.2495
0.228272
0.315185
0.255372
0.2855
0.262369
0.241879
0.2765
0.281718
0.276086
0.2815
0.280439
0.262107
0.27936
0.2885
0.332334
0.324338
0.281359
0.3285
0.307039
0.270365
0.275862
0.272
0.275587
0.328172
0.279
0.287139
0.0085
0.242879
0.2995
0.308691
0.2795
0.2605
0.287569
0.292208
0.267233
0.320858
0.254373
0.252248
0.251
0.295
0.2735
0.3155
0.29356
0.275862
0.2855
0.2805
0.2775
0.283858
0.262869
0.282576
0.308
0.2885
0.295205
0.349825
0.322516
0.275862
0.227545
0.287924
0.285
0.29935
0.2605
0.3065
0.306194
0.2695
0.3025
0.301698
0.298
0.2725
0.27
0.284858
0.341329
0.288711
0.276862
0.307346
0.296
0.3015
0.193
0.241517
0.306347
0.3265
0.263
0.316683
0.279
0.301849
0.281078
0.29491
0.222666
0.011
0.286357
0.285
0.2765
0.3025
0.3235
0.0185
0.236382
0.290709
0.294206
0.193
0.2595
0.272591
0.2785
0.317
0.305347
0.241
0.2795
0.24975
0.2855
0.283858
0.308846
0.317841
0.2585
0.2605
0.2515
0.266733
0.2855
0.3155
0.2835
0.265968
0.268366
0.297851
0.2555
0.323838
0.315027
0.286214
0.273
0.21989
0.3155
0.305
0.271864
0.2505
0.257371
0.0109945
0.271364
0.277944
0.2815
0.241517
0.242379
0.290855
0.3185
0.246
0.262107
0.2875
0.307039
0.242379
0.272864
0.253
0.263368
0.277223
0.309191
0.256487
0.313
0.2995
0.2845
0.299201
0.247876
0.258371
0.257
0.308346
0.281718
0.282859
0.297851
0.003
0.2625
0.287569
0.297851
0.309
0.297851
0.296204
0.3005
0.251996
0.2945
0.289355
0.263368
0.27986
0.2935
0.288356
0.298701
0.2855
0.3225
0.291354
0.301548
0.330669
0.3155
0.267366
0.287569
0.3095
0.2935
0.2715
0.291708
0.268366
0.247376
0.2685
0.277722
0.261869
0.2945
0.295205
0.287924
0.268366
0.246131
0.279
0.296906
0.293766
0.2515
0.322677
0.255372
0.2705
0.2785
0.2785
0.3015
0.260739
0.252
