0.117823
0.007996
0.0718922
0.0963074
0.0194903
0.006
0.00748877
0.0849575
0.077
0.1425
0.0474525
0.141218
0.1085
0.0559441
0.0915
0.052
0.0145
0.09
0.073963
0.0089955
0.0964518
0.105841
0.014
0.0995
0.135432
0.0114943
0.0975
0.142429
0.029
0.168831
0.014
0.0209895
0.126873
0.0849575
0.0089955
0.12032
0.149
0.123377
0.0154845
0.0314843
0.112831
0.0909545
0.021989
0.0704648
0.052
0.124376
0.1195
0.017982
0.0125
0.0864568
0.0925
0.0915
0.0234765
0.051974
0.119
0.0619381
0.0134933
0.170415
0.117941
0.0275
0.083958
0.1
0.0165
0.0174825
0.1385
0.0375
0.0334833
0.118263
0.00798005
0.027972
0.0934533
0.009
0.0174738
0.0695
0.007
0.0144711
0.006
0.0135
0.111
0.1285
0.1315
0.0194611
0.131868
0.0114885
0.116
0.0284858
0.015976
0.101
0.0214678
0.107
0.0429785
0.086
0.107
0.1685
0.0555
0.053
0.1075
0.006
0.0315
0.113
0.102398
0.0149775
0.1155
0.00599401
0.13
0.025987
0.0554723
0.107
0.0224551
0.139
0.008
0.098
0.105841
0.1065
0.106
0.096
0.0674326
0.0089955
0.112831
0.011994
0.0104948
0.0534199
0.107446
0.0095
0.104343
0.1065
0.15
0.0325
0.00798802
0.119381
0.0084788
0.0858712
0.0424152
0.013986
0.036963
0.1125
0.03998
0.152424
0.0324838
0.0995
0.141929
0.018981
0.057
0.106
0.130869
0.145427
0.1185
0.0319361
0.138861
0.0794206
0.121
0.0175
0.0969515
0.029
0.0914086
0.0455
0.112887
0.0114885
0.03998
0.005
0.132
0.0349825
0.012
0.0918622
0.042
0.129371
0.036
0.098
0.055
0.027
0.104
0.1455
0.0834166
0.1215
0.0409795
0.013
0.011988
0.006
0.039
0.0804598
0.0085
0.085957
0.0744628
0.16
0.12681
0.1085
0.036963
0.105841
0.112887
0.118263
0.085957
0.142
0.0709645
0.0115
0.0965
0.103397
0.110834
0.11944
0.1325
0.009
0.061969
0.0424152
0.0554723
0.0395
0.0985
0.156
0.132368
0.0245
0.134433
0.1255
0.0325
0.156922
0.0915
0.029
0.038
0.0204795
0.134232
0.105447
0.0424788
0.0684658
0.131369
0.013
0.103448
0.139
0.106447
0.0674326
0.0905
0.115884
0.0535
0.0115
0.00799201
0.0325
0.123438
0.00799201
0.0144928
0.117
0.00698254
0.132867
0.0949051
0.036963
0.10634
0.0405
0.0149775
0.0989011
0.067966
0.138931
0.047952
0.1125
0.11039
0.0969031
0.133367
0.0484274
0.136
0.10095
0.0209581
0.0938592
0.0134798
0.158342
0.0254745
0.1
0.018
0.149425
0.118941
0.017
0.112774
0.108446
0.074
0.0934533
0.0954046
0.0984016
0.104
0.0275
0.0669665
0.019
0.108446
0.1155
0.0949051
0.0675
0.00498753
0.104343
0.011988
0.143
0.00998004
0.108446
0.01
0.0325
0.141288
0.0905
0.0164918
0.083958
0.033983
0.017
0.0887338
0.087
0.051974
0.037
0.018
0.0579131
0.0135
0.025
0.0894553
0.111444
0.131238
0.139
0.0855
0.0469765
0.133799
0.0209685
0.0464304
0.129805
0.102897
0.0579131
0.0905
0.155
0.081
0.154923
0.1525
0.0883674
0.0284858
0.136432
0.130935
0.117
0.023976
0.0424788
0.1115
0.1065
0.013993
0.027972
0.12094
0.0184908
0.00749625
0.0805
0.115
0.007
0.1175
0.130435
0.133367
0.0325
0.128372
0.0285
0.145927
0.0109945
0.0385
0.1385
0.0464072
0.086
0.0369815
0.112831
0.0573852
0.140859
0.0124938
0.0559441
0.126
0.085957
0.0965
0.0209895
0.099
0.00849151
0.0364453
0.09
0.1035
0.0154768
0.11
0.028
0.012
0.133433
0.0349825
0.0764236
0.083
0.0678982
0.126873
0.116
0.012987
0.106394
0.018
0.1495
0.0124938
0.0149775
0.1305
0.0689655
0.016
0.0689655
0.00798802
0.004995
0.15327
0.011994
0.1385
0.0869131
0.00749625
0.1465
0.139
0.0284715
0.096
0.1135
0.118441
0.137431
0.0194611
0.021989
0.122439
0.015992
0.0125
0.114443
0.1315
0.086
0.084
0.093
0.035
0.0734266
0.110834
0.118323
0.0384808
0.00698603
0.106947
0.00849575
0.0164753
0.0154923
0.107946
0.0669665
0.117383
0.0269461
0.0185
0.11944
0.064
0.045954
0.0869131
0.016
0.132
0.036963
0.087
0.033983
0.0355
0.0865
0.1305
0.012475
0.0049975
0.1095
0.133866
0.123
0.077
0.1085
0.108446
0.0264868
0.1525
0.1005
0.125312
0.0324838
0.11
0.132368
0.0594703
0.0275
0.0264868
0.106893
0.0889555
0.063
0.122816
0.0889555
0.115
0.036
0.0144928
0.1245
0.012
0.0184908
0.0114885
0.0035
0.029
0.014
0.0144928
0.084
0.007996
0.101399
0.117
0.0284573
0.108446
0.09
0.027
0.11
0.139
0.009
0.00749625
0.0455
0.009995
0.00799201
0.1145
0.011
0.061969
0.042
0.013
0.0095
0.015
0.1215
0.122195
0.00849575
0.0529471
0.097
0.003996
0.11944
0.1015
0.0209685
0.0479281
0.114828
0.0994006
0.0144855
0.134098
0.0634366
0.129805
0.0104895
0.1125
0.0304695
0.16026
0.122255
0.006
0.0089955
0.0678982
0.0598504
0.076
0.00949525
0.052
0.0105
0.0404595
0.0504748
0.0654673
0.00599401
0.0738892
0.0069965
0.0105
0.11
0.0105
0.0554723
0.0675
0.065
0.0129935
0.034
0.0784608
0.0134798
0.1345
0.106
0.0745
0.1085
0.0149775
0.0835
0.11
0.122
0.110945
0.0144928
0.1285
0.0795
0.02
0.01
0.10989
0.125312
0.118441
0.0883674
0.109445
0.0984508
0.01
0.0254745
0.1004
0.129805
0.117441
0.117764
0.12681
0.108837
0.1415
0.0045
0.0464768
0.052
0.0898652
0.0529735
0.012987
0.130435
0.097
0.16026
0.0845
0.0149925
0.0835
0.011994
0.0749625
0.0444333
0.0179551
0.0905
0.00999001
0.122939
0.0914086
0.137931
0.0144711
0.0963555
0.0239641
0.0144855
0.099
0.023
0.1185
0.1315
0.0135
0.0124875
0.1315
0.0164918
0.1065
0.00949525
0.014
0.0604396
0.128
0.0869131
0.107446
0.0174738
0.155112
0.0949525
0.118323
0.007
0.0154923
0.0299551
0.114443
0.0274451
0.155
0.0924538
0.0129805
0.12094
0.053
0.117383
0.0954523
0.12
0.0954046
0.034
0.0883674
0.124438
0.113943
0.0209895
0.0829585
0.01
0.0174825
0.124
0.149425
0.135864
0.1355
0.007
0.1045
0.013
0.0244878
0.0679321
0.007996
0.13037
0.1385
0.039
0.104738
0.039
0.115
0.121
0.024
0.00749625
0.117882
0.0175
0.1385
0.084788
0.1004
0.014985
0.0224551
0.0229656
0.047952
0.0319361
0.03998
0.145927
0.072
0.108946
0.0883674
0.0664668
0.101796
0.0598504
0.0124938
0.015
0.0104948
0.02
0.0905
0.0864136
0.102949
0.0905
0.110834
0.00549451
0.021989
0.007
0.0185
0.0898652
0.06
0.131369
0.1315
0.106447
0.0209685
0.007
0.00749251
0.0954523
0.145
0.00749625
0.116766
0.092
0.011988
0.013993
0.0414585
0.0234883
0.0754623
0.1305
0.1015
0.012
0.1685
0.0869565
0.150275
0.105447
0.0554723
0.0194611
0.128
0.139291
0.00749625
0.0589705
0.007
0.0065
0.0575
0.00549451
0.1385
0.036963
0.0923615
0.0539461
0.019
0.142
0.133
0.0334665
0.0853719
0.027
0.117941
0.015984
0.01
0.00799201
0.0444555
0.126937
0.0135
0.009
0.0605
0.0554446
0.1005
0.122
0.0858712
0.1225
0.116825
0.0085
0.0405
0.1485
0.007996
0.135864
0.1415
0.00698603
0.161419
0.0784608
0.018
0.061
0.0964518
0.022
0.12044
0.117764
0.0709645
0.019
0.149425
0.1465
0.128372
0.148426
0.107838
0.0869131
0.034
0.0994006
0.12987
0.104343
0.111444
0.0804196
0.0429356
0.0874563
0.12044
0.0944528
0.15035
0.061969
0.015992
0.126
0.046
0.1395
0.117764
0.0659011
0.135432
0.0115
0.014
0.128372
0.09336
0.0255
0.0839161
0.0194903
0.076
0.0269865
0.0784608
0.1175
0.107
0.1495
0.0114828
0.113443
0.083958
0.022
0.0155
0.105289
0.011994
0.162419
0.149425
0.0175
0.0895
0.124438
0.0465
0.022977
0.100849
0.0705
0.1155
0.116
0.118
0.1065
0.122877
0.0465
0.125937
0.0555
0.009
0.0955
0.0174913
0.00849575
0.0069965
0.0244878
0.0804196
0.0104843
0.15
0.0705
0.0075
0.0409386
0.0314843
0.130869
0.0575
0.101
0.0134933
0.122378
0.0164753
0.138
0.1
0.138362
0.0105
0.0464304
0.139
0.1085
0.129935
0.056
0.031984
0.0809595
0.0748877
0.073963
0.132867
0.0135
0.1275
0.0109945
0.0065
0.037
0.0534199
0.0149925
0.095
0.0195
0.036963
0.00799201
0.00849575
0.0424152
0.0813779
0.0204795
0.0825
0.0934533
0.107892
0.148926
0.0769615
0.100849
0.122877
0.147426
0.0969515
0.133433
0.192404
0.117383
0.034
0.124
0.1115
0.126
0.0858712
0.125
0.0195
0.0254618
0.097354
0.0625
0.1095
0.1315
0.101348
0.027
0.111776
0.0375
0.0709645
0.1125
0.00999001
0.127872
0.0244633
0.015992
0.0674326
0.115385
0.0189905
0.0554446
0.0855
0.141
0.108837
0.1305
0.0583832
0.0284715
0.0104843
0.156922
0.1085
0.02
0.0234883
0.007
0.0954046
0.0325
0.055972
0.0065
0.0174825
0.031
0.023976
0.015
0.0195
0.068
0.0069965
0.106947
0.114329
0.0904548
0.108946
0.116326
0.0553892
0.113443
0.0155
0.0315
0.125375
0.111444
0.1345
0.109945
0.149925
0.133933
0.134433
0.0069965
0.0185
0.075
0.0424788
0.111389
0.0254745
0.0885
0.0325
0.155
0.093953
0.0709645
0.1115
0.088
0.139
0.138792
0.114443
0.014
0.0574713
0.121439
0.111
0.1075
0.0609086
0.115942
0.0565
0.0674326
0.007
0.131934
0.155112
0.0209685
0.0804196
0.1385
0.026
0.008
0.055972
0.035982
0.105395
0.077961
0.0863704
0.0984016
0.0887338
0.0065
0.011988
0.108
0.117441
0.0154768
0.122195
0.0209685
0.099
0.0934066
0.0174825
0.089
0.117882
0.105841
0.118644
0.10095
0.136727
0.078
0.154
0.0889555
0.0869565
0.0144928
0.131303
0.081
0.0763854
0.12038
0.07996
0.049
0.124314
0.1195
0.073963
0.0109945
0.0189621
0.107446
0.11944
0.0325
0.109281
0.138362
0.0855
0.0144928
0.115385
0.1215
0.133933
0.0925
0.03998
0.057971
0.124376
0.0204898
0.0174825
0.124
0.1325
0.07
0.117383
0.01
0.0759241
0.1245
0.0745
0.003996
0.1255
0.131369
0.0924538
0.105841
0.147778
0.007
0.011
0.037
0.0194805
0.00649351
0.148926
0.106
0.0349825
0.0375
0.089366
0.017
0.055972
0.0149925
0.135432
0.0554723
0.0134865
0.0129935
0.048
0.152
0.0939061
0.128372
0.0928607
0.126
0.1155
0.140859
0.102
0.0095
0.0869131
0.041979
0.021989
0.0889555
0.083
0.0134933
0.127
0.0369815
0.018
0.0215
0.0905
0.107285
0.105447
0.129935
0.0514743
0.0109945
0.12044
0.0049975
0.0155
0.133799
0.0145
0.108946
0.015
0.061
0.0624688
0.123814
0.063968
0.126437
0.0209685
0.0869565
0.0645
0.0259611
0.00749251
0.151424
0.113886
0.00499002
0.0195
0.00799201
0.095357
0.0883674
0.119381
0.0134865
0.1415
0.0813779
0.103896
0.137431
0.077
0.093
0.126873
0.1115
0.0904548
0.0284858
0.0185
0.112275
0.01
0.0065
0.0534199
0.006
0.061
0.132302
0.00999001
0.128871
0.14093
0.1065
0.140648
0.0115
0.106394
0.107892
0.119321
0.155922
0.1155
0.11994
0.0693959
0.0525
0.138431
0.0349825
0.01
0.147
0.022977
0.0104948
0.117
0.014
0.15035
0.107892
0.10634
0.0105
0.0484274
0.132867
0.069965
0.115327
0.0995
0.0174738
0.0285
0.013
0.011994
0.0945
0.135432
0.108946
0.1235
0.0115
0.0984016
0.052
0.009
0.0708937
0.039
0.0174564
0.0794206
0.0145
0.0145
0.106947
0.131434
0.119321
0.041979
0.149
0.10634
0.0605
0.0149925
0.098
0.0754246
0.126
0.133433
0.0915
0.0164753
0.0864136
0.051
0.0829585
0.015992
0.108
0.111721
0.101399
0.00999001
0.123438
0.1025
0.0329341
0.1395
0.00549451
0.125375
0.063
0.1315
0.0095
0.0965
0.0205
0.012
0.0854146
0.0114828
0.1005
0.102449
0.162419
0.1195
0.0364818
0.147426
0.017982
0.0874563
0.0555
0.0849575
0.169661
0.102
0.0134865
0.111444
0.0784608
0.0155
0.104
0.162419
0.105447
0.0549725
0.015992
0.129935
0.0484515
0.0085
0.0069965
0.03998
0.041979
0.022
0.106
0.1315
0.0114885
0.121439
0.0925
0.105395
0.00849151
0.0115
0.0935
0.0992519
0.016
0.0919081
0.0589705
0.0125
0.114943
0.145427
0.1175
0.11
0.072
0.021989
0.0549725
0.1345
0.104343
0.029
0.0819181
0.10095
0.1135
0.1585
0.0934066
0.0969031
0.015976
0.083958
0.00849151
0.0174913
0.021989
0.0565
0.1095
0.102449
0.009995
0.126
0.12681
0.0914086
0.112887
0.12032
0.037
0.115942
0.011988
0.076
0.131802
0.151
0.0134798
0.0684658
0.121939
0.118941
0.004995
0.107
0.102794
0.160759
0.0084788
0.111
0.102949
0.137294
0.089366
0.1315
0.0134798
0.124813
0.0984508
0.0934533
0.0865
0.007996
0.125811
0.138861
0.110834
0.1225
0.0124875
0.011994
0.093
0.1325
0.0834166
0.028971
0.00849151
0.013
0.112887
0.0209895
0.00848727
0.131238
0.1175
0.1245
0.033983
0.126937
0.004
0.122
0.107946
0.022977
0.123377
0.102295
0.135432
0.0235
0.01
0.0164753
0.0194805
0.0835
0.0134865
0.00649351
0.0209685
0.0938592
0.088
0.0284715
0.0149925
0.009
0.1215
0.10634
0.0169915
0.1105
0.0924538
0.024
0.116
0.0435
0.1025
0.122816
0.0455
0.0855
0.0174738
0.0285
0.0095
0.0969031
0.0184815
0.11994
0.0985
0.1175
0.0174825
0.097
0.0279302
0.00849575
0.0829171
0.117941
0.0564718
0.126
0.022
0.0923615
0.154923
0.0948577
0.0114943
0.107
0.09
0.102
0.0515
0.00349825
0.007996
0.052
0.0895
0.0115
0.0184908
0.108782
0.133866
0.0689655
0.102
0.143928
0.148851
0.0885
0.014
0.0415
0.102897
0.0744628
0.072
0.0214678
0.0095
0.055
0.1385
0.029
0.1485
0.007
0.0924538
0.107339
0.022
0.11039
0.136727
0.147426
0.0104948
0.149425
0.021989
0.0464768
0.01
0.133933
0.115385
0.0939061
0.1
0.151424
0.127
0.0145
0.0805
0.1395
0.0114943
0.01
0.0104843
0.124314
0.145
0.111
0.0465
0.011
0.1495
0.1245
0.1315
0.157763
0.014985
0.0169661
0.1025
0.0573852
0.130869
0.122939
0.0134798
0.0824588
0.0329341
0.168831
0.0988517
0.007996
0.051
0.101
0.108891
0.0085
0.113
0.028971
0.0669665
0.067966
0.021989
0.017982
0.054
0.108446
0.0425
0.022977
0.0464768
0.065
0.09
0.0209895
0.015992
0.113943
0.143
0.0229656
0.0405
0.100899
0.101
0.0115
0.009
0.113443
0.045
0.0545
0.1235
0.132236
0.1345
0.014985
0.118323
0.141
0.121318
0.1005
0.012987
0.0734633
0.13
0.0674326
0.007996
0.1305
0.0209581
0.008
0.00548355
0.0169915
0.122255
0.0754623
0.0715
0.00849151
0.085
0.139
0.0214678
0.0785
0.041979
0.1075
0.114443
0.0809595
0.126937
0.101
0.0395
0.143928
0.0669331
0.165252
0.102846
0.014985
0.108946
0.1365
0.112831
0.0235
0.0474525
0.107892
0.022
0.1075
0.139361
0.037
0.16026
0.123377
0.0969515
0.0955
0.0703593
0.107892
0.101949
0.139
0.102692
0.0174825
0.0689655
0.118
0.0894553
0.12044
0.012987
0.015
0.103948
0.108446
0.0855
0.004
0.00549725
0.117441
0.0114943
0.168831
0.0554723
0.00749625
0.0995
0.0974026
0.0249875
0.088
0.0235
0.0334665
0.0954046
0.009
0.0085
0.024
0.0234883
0.1075
0.00749251
0.1505
0.0274451
0.0469765
0.0909091
0.1735
0.0244878
0.0424788
0.1275
0.130804
0.097
0.0234883
0.0105
0.0129935
0.0464304
0.175237
0.0728907
0.0863704
0.127
0.0174738
0.102
0.012
0.029
0.11944
0.108
0.111444
0.0284858
0.107946
0.0883674
0.140859
0.158342
0.011994
0.102
0.0134865
0.0853719
0.157
0.0089955
0.078
0.063
0.1085
0.141929
0.00749625
0.0713929
0.0115
0.0044955
0.0765
0.107946
0.0075
0.10095
0.103448
0.0409386
0.114443
0.061969
0.0434783
0.0695
0.0819181
0.0974513
0.0179551
0.0449775
0.125
0.107946
0.0845
0.0934533
0.0725
0.112774
0.1255
0.0734633
0.118
0.018981
0.029
0.0425
0.009995
0.106
0.0355
0.112332
0.108
0.1215
0.018981
0.0484515
0.0134798
0.112944
0.116
0.0714286
0.089
0.1075
0.0309845
0.126873
0.0169661
0.00549451
0.149425
0.151424
0.133
0.126
0.124938
0.1495
0.00249875
0.0155
0.0174825
0.071
0.0035
0.0264868
0.088
0.0464535
0.14093
0.0365
0.00799201
0.045
0.009
0.073963
0.0244633
0.121
0.0214785
0.0635
0.0144855
0.13037
0.115385
0.128
0.118
0.063968
0.10989
0.0855
0.023
0.0209685
0.148926
0.0683633
0.123377
0.0364818
0.1525
0.1495
0.129306
0.069
0.160759
0.0109945
0.0455
0.1135
0.013986
0.111888
0.00848303
0.149925
0.0415
0.155
0.0805
0.0775
0.0754246
0.052
0.157186
0.133866
0.123938
0.018
0.141359
0.125874
0.104343
0.017982
0.1395
0.132236
0.12032
0.012475
0.123
0.16034
0.0573852
0.119321
0.123377
0.0795
0.0124938
0.0085
0.0244878
0.13
0.00698952
0.119381
0.127436
0.124813
0.112275
0.006
0.1165
0.026
0.128372
0.0364818
0.007996
0.0969515
0.138931
0.116
0.137931
0.0154923
0.076
0.111389
0.0655
0.0649675
0.111277
0.102846
0.0565
0.0718922
0.16026
0.0992519
0.0474763
0.1145
0.0075
0.0124875
0.14
0.015976
0.00799201
0.017
0.0109835
0.1235
0.0109945
0.01
0.008
0.1005
0.022977
0.0129935
0.1115
0.12
0.107446
0.12038
0.005997
0.04995
0.115385
0.0645
0.091363
0.00749625
0.086
0.152272
0.0849575
0.126873
0.150275
0.0164835
0.0149775
0.0244633
0.0555
0.121439
0.12032
0.0309845
0.16034
0.12044
0.107
0.0144928
0.006
0.0245
0.0975
0.0289855
0.148426
0.1095
0.012
0.143
0.111389
0.012
0.0589116
0.0594703
0.0245
0.1135
0.029
0.065
0.0414793
0.0425
0.0919081
0.0945
0.015984
0.1215
0.121
0.14043
0.0975
0.0095
0.109281
0.027972
0.054
0.143928
0.067966
0.00749251
0.126
0.162919
0.1255
0.102949
0.0554723
0.128
0.0805
0.162919
0.124813
0.0655
0.0525
0.0304695
0.129306
0.029
0.1275
0.1195
0.116942
0.148926
0.147926
0.0134933
0.0124938
0.103844
0.0924538
0.0869131
0.0529735
0.105447
0.10684
0.119381
0.0785
0.027
0.121939
0.0809595
0.1315
0.0794206
0.0144928
0.0525
0.0339491
0.1165
0.074
0.141288
0.0129935
0.0764236
0.0754623
0.0354823
0.139
0.1005
0.0815
0.1025
0.117941
0.0949525
0.083
0.061
0.004
0.11
0.123438
0.1735
0.005
0.021989
0.0044955
0.01999
0.074
0.1245
0.0854146
0.0075
0.109336
0.00998004
0.108946
0.142429
0.054
0.0325
0.0895
0.1315
0.0865
0.017982
0.0084788
0.057
0.0695
0.00849575
0.0613772
0.0104948
0.152424
0.0145
0.12987
0.0845
0.118263
0.0975
0.083958
0.1375
0.0214678
0.016
0.132236
0.0939061
0.1075
0.00499002
0.1085
0.008
0.1005
0.0638723
0.122816
0.125874
0.14985
0.0794603
0.036
0.1155
0.0889555
0.0209685
0.013993
0.192404
0.1145
0.112275
0.114443
0.00449775
0.00349825
0.0109945
0.109391
0.037
0.0189905
0.131934
0.117441
0.110945
0.117882
0.0808787
0.0134865
0.017982
0.0985
0.00849575
0.0285
0.115
0.0579131
0.00449775
0.013
0.0864568
0.15
0.0434565
0.0904548
0.0769231
0.0454773
0.00949525
0.129805
0.108
0.06
0.0829585
0.0645
0.0965
0.021989
0.018
0.0134933
0.1145
0.0134865
0.114943
0.017
0.103397
0.1165
0.101449
0.110945
0.14093
