0.187406
0.156
0.19321
0.202
0.188
0.175
0.196902
0.1625
0.124
0.1605
0.190809
0.1605
0.218672
0.129935
0.156422
0.2
0.0684316
0.195402
0.159341
0.156344
0.189405
0.158921
0.0738892
0.171414
0.1825
0.161419
0.130435
0.1675
0.171414
0.112
0.1095
0.0925
0.0204898
0.134433
0.201399
0.175912
0.142857
0.177733
0.190215
0.165917
0.1505
0.135365
0.1295
0.1895
0.194112
0.175412
0.162095
0.1845
0.170415
0.144
0.173
0.143856
0.143
0.151424
0.129435
0.1795
0.16
0.0124875
0.22039
0.082
0.141
0.18
0.157343
0.131434
0.174825
0.158
0.1465
0.0294853
0.166
0.169
0.173913
0.157842
0.204
0.137
0.172328
0.167916
0.155345
0.18032
0.167
0.185315
0.132934
0.123315
0.163754
0.0649351
0.0075
0.112944
0.174825
0.169
0.152
0.1615
0.0385
0.147426
0.168
0.211394
0.115
0.1285
0.164172
0.209
0.17324
0.1735
0.179
0.083958
0.1345
0.177822
0.203898
0.107
0.181409
0.152
0.188717
0.008
0.0029985
0.143285
0.172
0.184316
0.1645
0.129
0.188906
0.185315
0.167832
0.164835
0.193903
0.122255
0.1925
0.143357
0.1545
0.178411
0.182
0.2002
0.0569715
0.033983
0.104948
0.168416
0.13986
0.1425
0.0909545
0.121
0.178911
0.181319
0.021
0.182227
0.0918164
0.167
0.193613
0.191
0.0155
0.157921
0.195305
0.17973
0.186407
0.1715
0.146427
0.167916
0.1895
0.107946
0.1725
0.0229885
0.172414
0.201399
0.1265
0.1745
0.157
0.111444
0.211394
0.0104948
0.089
0.144284
0.197401
0.17991
0.021
0.162338
0.042
0.164835
0.175736
0.194805
0.0944056
0.150925
0.211394
0.166168
0.1965
0.0968064
0.135932
0.184723
0.170829
0.1635
0.174
0.139
0.165252
0.134433
0.161919
0.133
0.181727
0.149276
0.157
0.183408
0.183908
0.18032
0.1335
0.175824
0.144428
0.0738892
0.171329
0.0309845
0.135864
0.162756
0.147852
0.138792
0.0109726
0.147852
0.0284715
0.132302
0.1105
0.139
0.202797
0.1475
0.1445
0.222
0.144
0.204795
0.161919
0.190405
0.118703
0.135432
0.171571
0.1315
0.18032
0.170915
0.143428
0.1685
0.1895
0.18032
0.169246
0.0115
0.16092
0.111888
0.17941
0.193709
0.1425
0.0104948
0.142287
0.169915
0.1785
0.0189621
0.143285
0.194805
0.191712
0.0095
0.122939
0.147852
0.149425
0.142287
0.191
0.176
0.191404
0.004995
0.144
0.190905
0.13986
0.159
0.205
0.144428
0.1675
0.1405
0.0918164
0.235764
0.1495
0.1745
0.1235
0.0069965
0.185315
0.195804
0.175736
0.1455
0.203
0.109391
0.175824
0.148352
0.176324
0.1635
0.204194
0.185315
0.158263
0.007
0.1655
0.169
0.16
0.187906
0.122
0.137862
0.151424
0.130935
0.1835
0.195402
0.161
0.166
0.1475
0.190905
0.170415
0.111888
0.110945
0.00748877
0.164
0.1455
0.0309845
0.162919
0.149425
0.180729
0.178322
0.166667
0.1505
0.185907
0.174913
0.196108
0.161
0.0089955
0.143928
0.089955
0.157186
0.175
0.1855
0.173653
0.19
0.204194
0.1515
0.171329
0.106893
0.174913
0.1515
0.009995
0.0255
0.0825
0.0124875
0.168663
0.165335
0.138
0.190405
0.130935
0.1765
0.155766
0.1765
0.188
0.1875
0.174
0.1685
0.204296
0.143856
0.105947
0.187812
0.0645
0.1625
0.134
0.166
0.169415
0.18091
0.168831
0.093953
0.190405
0.202797
0.154768
0.118382
0.007
0.156422
0.137431
0.155
0.182909
0.00798802
0.176912
0.007
0.104948
0.155922
0.146927
0.007
0.0269865
0.148777
0.0738892
0.1095
0.201098
0.133433
0.147426
0.135365
0.195902
0.162338
0.102897
0.197901
0.17991
0.13037
0.142216
0.066
0.156
0.0369815
0.144428
0.164
0.1465
0.216
0.181409
0.210684
0.179321
0.049
0.149
0.1965
0.1625
0.165834
0.1515
0.082
0.148926
0.1115
0.189
0.0309845
0.15
0.1755
0.0895
0.134933
0.141
0.15992
0.178
0.14
0.13979
0.133433
0.148426
0.175
0.191213
0.189
0.192404
0.166
0.167916
0.1895
0.148426
0.0164918
0.175
0.154
0.169915
0.13993
0.168416
0.138931
0.1685
0.154269
0.1435
0.133733
0.170829
0.134
0.155844
0.197703
0.105947
0.155844
0.172328
0.1285
0.142
0.165751
0.175824
0.161339
0.182726
0.110834
0.012987
0.0645
0.167832
0.182726
0.13986
0.198401
0.0225
0.170415
0.1845
0.146927
0.147705
0.1405
0.207688
0.0968064
0.217
0.1885
0.182409
0.1885
0.1615
0.00799201
0.174
0.0354823
0.169331
0.140859
0.18041
0.1655
0.168916
0.151
0.171828
0.147778
0.089955
0.142429
0.171914
0.175736
0.164
0.182409
0.16042
0.1745
0.1715
0.0115
0.117
0.182318
0.1745
0.0998502
0.1285
0.0274725
0.169415
0.127872
0.1505
0.00949525
0.0693959
0.158921
0.00949525
0.156344
0.198702
0.1995
0.17
0.007
0.149925
0.157
0.1825
0.197703
0.185814
0.011994
0.1055
0.173413
0.154768
0.204795
0.195305
0.169
0.075
0.17
0.0224663
0.176236
0.165917
0.1685
0.168332
0.138792
0.174913
0.151697
0.066
0.194903
0.133234
0.178411
0.0949525
0.174
0.168416
0.145927
0.1645
0.123876
0.1665
0.1545
0.141
0.133
0.0049975
0.209
0.155267
0.1475
0.154346
0.1735
0.0414793
0.171
0.130435
0.1525
0.164
0.148926
0.1055
0.1115
0.17991
0.159
0.184316
0.145427
0.0944528
0.170415
0.183408
0.1845
0.1725
0.195402
0.169
0.0134663
0.136932
0.17991
0.161419
0.1915
0.1565
0.1325
0.158921
0.171243
0.00599101
0.1635
0.163754
0.2265
0.170915
0.125437
0.187406
0.152771
0.033983
0.211394
0.145
0.155
0.175
0.1805
0.0115
0.0813779
0.21029
0.157
0.082
0.124
0.0115
0.164418
0.1605
0.177911
0.150925
0.153923
0.1595
0.171243
0.106947
0.0225
0.0124875
0.1475
0.182909
0.155844
0.18
0.141929
0.202
0.135864
0.012
0.00548902
0.155922
0.1235
0.0285
0.187625
0.177
0.1865
0.1285
0.1695
0.01
0.175412
0.197901
0.13986
0.114
0.173
0.137862
0.0115
0.068
0.181
0.009995
0.163
0.184316
0.175237
0.169915
0.1335
0.135796
0.1685
0.177822
0.212288
0.17973
0.15942
0.187406
0.151273
0.1755
0.033983
0.151424
0.129435
0.084
0.155922
0.1855
0.138792
0.143928
0.176
0.00947159
0.134
0.161757
0.1785
0.101949
0.133
0.169415
0.144928
0.202
0.1565
0.155345
0.176236
0.18032
0.118441
0.18032
0.1605
0.175
0.15976
0.149425
0.00799201
0.126
0.155689
0.164172
0.18032
0.182726
0.2035
0.125437
0.135432
0.181409
0.127936
0.172827
0.169
0.195402
0.063
0.171914
0.218
0.186221
0.075
0.202797
0.2009
0.176735
0.146427
0.1685
0.157
0.147426
0.150849
0.1565
0.167416
0.156266
0.1715
0.1195
0.128936
0.139361
0.133
0.1745
0.187313
0.186
0.166
0.184723
0.138431
0.16042
0.11976
0.0954523
0.2035
0.156
0.197703
0.157842
0.168248
0.137862
0.131868
0.147426
0.023
0.162756
0.1775
0.166
0.141787
0.153
0.19
0.0084788
0.107
0.151697
0.009995
0.191
0.176148
0.1305
0.149425
0.189715
0.130435
0.142429
0.134
0.137862
0.155422
0.123
0.157264
0.133
0.00798802
0.0214893
0.1925
0.181818
0.18091
0.157186
0.18091
0.148
0.184
0.0135
0.099
0.0124875
0.16092
0.158421
0.142
0.104948
0.164
0.155345
0.0044955
0.147
0.0044955
0.0784608
0.013993
0.166334
0.00949525
0.196902
0.1295
0.144928
0.156344
0.1905
0.170415
0.185315
0.126
0.122939
0.150774
0.172414
0.0109726
0.212681
0.1635
0.178821
0.161419
0.033983
0.16042
0.175237
0.0284431
0.1335
0.18041
0.199301
0.164835
0.13986
0.161339
0.143428
0.0949525
0.147705
0.1895
0.11944
0.167416
0.134933
0.127681
0.198
0.1895
0.1595
0.190905
0.18
0.175412
0.168164
0.173413
0.0565
0.021
0.0685
0.1605
0.194805
0.096
0.018
0.0625
0.00799201
0.1195
0.0155
0.1275
0.1745
0.151349
0.104448
0.176912
0.154923
0.068
0.156
0.127872
0.129
0.155922
0.155267
0.165417
0.155345
0.167166
0.147426
0.1455
0.155
0.123938
0.102949
0.196803
0.17973
0.1795
0.123
0.1275
0.189216
0.114
0.169745
0.14
0.157186
0.1475
0.00999001
0.143428
0.18672
0.177
0.175237
0.13943
0.117
0.135365
0.202
0.158921
0.147206
0.1575
0.1605
0.150925
0.0845
0.185315
0.130435
0.1535
0.1635
0.118941
0.175
0.0115
0.195402
0.15942
0.19012
0.186221
0.1755
0.1385
0.154768
0.158263
0.127936
0.187906
0.125686
0.14093
0.1525
0.2035
0.1815
0.1835
0.154346
0.137431
0.156
0.205
0.1845
0.1775
0.155844
0.034965
0.198302
0.158841
0.164254
0.135
0.165417
0.1475
0.129435
0.175
0.165751
0.157842
0.149202
0.142358
0.1815
0.098
0.194306
0.134433
0.174738
0.158841
0.15984
0.154
0.031984
0.198
0.032
0.1815
0.190809
0.1265
0.17
0.003998
0.183541
0.208896
0.155
0.156922
0.167832
0.204795
0.198
0.191
0.142358
0.178821
0.1685
0.122317
0.178821
0.13993
0.173913
0.16026
0.18032
0.13943
0.1685
0.0104895
0.137431
0.154613
0.123938
0.158921
0.158342
0.154768
0.1925
0.172
0.1865
0.151349
0.0738892
0.198302
0.156422
0.0104948
0.1515
0.142216
0.118382
0.155922
0.142358
0.1985
0.156922
0.099
0.075
0.146927
0.0155
0.194805
0.162419
0.0354823
0.204
0.176
0.194306
0.13943
0.175912
0.203898
0.163918
0.162095
0.192
0.162419
0.206
0.0154923
0.122255
0.186128
0.183408
0.15942
0.16026
0.132302
0.19202
0.089955
0.111888
0.0269865
0.14
0.154768
0.202797
0.1815
0.1625
0.1625
0.128936
0.1985
0.132302
0.00749251
0.133
0.171828
0.190405
0.165252
0.155922
0.003
0.0229885
0.0115
0.1885
0.152348
0.0135
0.1385
0.0968064
0.1635
0.168416
0.17973
0.1875
0.168416
0.1165
0.127681
0.125
0.161
0.167416
0.0645
0.149
0.194514
0.1655
0.0189905
0.155922
0.164835
0.0929535
0.1605
0.182817
0.011994
0.1325
0.101348
0.0115
0.208896
0.0184631
0.156422
0.110945
0.186907
0.0515
0.150849
0.1375
0.0775
0.213393
0.186407
0.1655
0.124438
0.1645
0.190215
0.173413
0.175912
0.118881
0.173826
0.1405
0.180729
0.174
0.00948104
0.158921
0.133799
0.194903
0.212
0.00599101
0.1415
0.165834
0.01
0.1705
0.149425
0.184
0.15984
0.1855
0.17973
0.145427
0.047952
0.1505
0.14043
0.198901
0.018981
0.159681
0.174
0.142
0.129435
0.1545
0.193307
0.157264
0.155922
0.168916
0.123938
0.169
0.148426
0.124
0.1
0.006
0.0859141
0.219
0.16042
0.105947
0.191404
0.189122
0.171914
0.142216
0.17
0.167832
0.201798
0.0034965
0.14093
0.0414793
0.1805
0.133
0.168916
0.1355
0.1915
0.082
0.138431
0.173913
0.082
0.196108
0.00997506
0.170915
0.159261
0.0164918
0.1575
0.235764
0.0625
0.167416
0.175237
0.16092
0.175237
0.212
0.021
0.130935
0.00949051
0.17941
0.167
0.1465
0.139361
0.169077
0.178821
0.0184631
0.152771
0.1295
0.149425
0.1004
0.007
0.161919
0.186
0.1525
0.0104948
0.18032
0.1265
0.00949525
0.1505
0.16092
0.185814
0.191213
0.17941
0.151349
0.155689
0.1175
0.147426
0.0115
0.171243
0.175237
0.175
0.0109945
0.181909
0.152348
0.1805
0.174913
0.180729
0.179
0.022
0.1565
0.1895
0.006
0.169162
0.16092
0.0954523
0.1795
0.198901
0.134433
0.121939
0.190809
0.0565
0.168416
0.148426
0.124438
0.202797
0.161
0.019
0.154
0.167416
0.068
0.00599401
0.1502
0.1885
0.175237
0.149925
0.16034
0.181818
0.177
0.182
0.138431
0.21029
0.184316
0.149202
0.0115
0.165335
0.1405
0.11994
0.13979
0.0065
0.143428
0.147
0.136364
0.188
0.102949
0.127872
0.204795
0.155844
0.137931
0.181909
0.198901
0.175912
0.1435
0.155267
0.182409
0.1775
0.131
0.1235
0.162338
0.063
0.0115
0.204795
0.126
0.0754623
0.164
0.143428
0.139361
0.1115
0.1775
0.121939
0.094
0.143928
0.1445
0.1715
0.1585
0.1545
0.141
0.17
0.168
0.1295
0.031984
0.137793
0.167
0.1475
0.1465
0.168916
0.195305
0.153923
0.15
0.1795
0.181
0.023
0.1845
0.118941
0.156344
0.167166
0.142429
0.1785
0.171828
0.112444
0.0265
0.155267
0.120259
0.1875
0.1795
0.203
0.0175
0.011994
0.139
0.128936
0.1905
0.182318
0.121878
0.221667
0.2003
0.16042
0.1915
0.152196
0.152
0.1415
0.1295
0.158921
0.164
0.203898
0.087
0.153693
0.168831
0.146281
0.1585
0.1975
0.167416
0.1675
0.191
0.15212
0.1525
0.165335
0.161419
0.1655
0.1335
0.0105
0.0929535
0.167416
0.124
0.1855
0.208896
0.187313
0.149425
0.0229885
0.165335
0.181228
0.183908
0.00599401
0.166
0.063
0.164918
0.177911
0.177822
0.216
0.176
0.0385
0.167166
0.1415
0.186407
0.135365
0.144
0.01
0.163
0.1755
0.173413
0.176
0.165252
0.1745
0.158342
0.00999001
0.1825
0.169745
0.153
0.156344
0.170829
0.174738
0.183816
0.0115
0.175912
0.1485
0.1635
0.14022
0.109445
0.166917
0.176912
0.143285
0.178821
0.168
0.032
0.2009
0.172827
0.14985
0.0115
0.146281
0.146427
0.164
0.165335
0.1475
0.136795
0.177
0.121
0.146
0.1905
0.202797
0.0354823
0.182726
0.181727
0.1965
0.1325
0.2235
0.172
0.1295
0.0029985
0.170415
0.155422
0.113886
0.1785
0.182909
0.148777
0.0775
0.1345
0.157842
0.14043
0.145927
0.1805
0.155689
0.0189905
0.146927
0.0124875
0.149425
0.118822
0.18032
0.187406
0.123
0.132
0.121
0.217
0.0115
0.179
0.1885
0.171828
0.186407
0.0569715
0.148926
0.011994
0.1415
0.207688
0.1535
0.156344
0.203898
0.186221
0.207688
0.142857
0.154613
0.1465
0.1395
0.181909
0.17
0.1505
0.154
0.1825
0.121
0.174
0.202899
0.147852
0.1845
0.185814
0.168416
0.14093
0.19
0.1195
0.143428
0.1635
0.166
0.0135
0.1825
0.105947
0.1515
0.0449775
0.178411
0.139
0.1725
0.186
0.154845
0.132302
0.156
0.156
0.1525
0.172827
0.109336
0.2235
0.173913
0.167916
0.173
0.023
0.084
0.145355
0.178732
0.130935
0.1685
0.134
0.00949525
0.017
