0.210789
0.259
0.204296
0.202197
0.262369
0.183408
0.252874
0.221168
0.244511
0.245
0.191404
0.204296
0.2645
0.254373
0.256743
0.243635
0.24
0.2365
0.2445
0.196304
0.1795
0.1715
0.247376
0.272864
0.194209
0.228886
0.233883
0.269
0.247
0.1755
0.2255
0.250499
0.224164
0.185315
0.241775
0.243878
0.2545
0.1985
0.177234
0.204398
0.289
0.2105
0.2245
0.237762
0.21978
0.253
0.230769
0.28
0.213
0.257871
0.234032
0.215285
0.2535
0.292269
0.245
0.2065
0.221
0.21978
0.2635
0.185315
0.189216
0.221389
0.192404
0.253373
0.232884
0.0164753
0.237881
0.229
0.2505
0.2445
0.2055
0.263368
0.012
0.253247
0.221
0.196304
0.183
0.264368
0.228386
0.2765
0.257371
0.188529
0.26037
0.210395
0.245132
0.237881
0.242379
0.206294
0.225
0.00749625
0.276
0.0065
0.248376
0.187812
0.291563
0.209
0.0069965
0.225387
0.26024
0.226387
0.25
0.2415
0.00699301
0.241517
0.206
0.210395
0.22039
0.23
0.2685
0.2095
0.267
0.297
0.26011
0.237263
0.223277
0.254119
0.245255
0.1999
0.236146
0.3175
0.2625
0.248128
0.227772
0.243756
0.25025
0.210895
0.278582
0.210789
0.1995
0.258871
0.2165
0.2345
0.2165
0.256
0.21939
0.209395
0.2635
0.277084
0.00549451
0.241638
0.239641
0.225
0.289211
0.255
0.1975
0.285714
0.258242
0.2195
0.223277
0.182909
0.215285
0.26024
0.226387
0.2185
0.2595
0.247376
0.2775
0.253373
0.263368
0.263368
0.189216
0.232651
0.210185
0.236264
0.285
0.211289
0.254745
0.281859
0.204398
0.25
0.277584
0.2435
0.233
0.20979
0.229042
0.244755
0.255744
0.282
0.213
0.291063
0.286427
0.255872
0.235147
0.275862
0.231884
0.236882
0.2635
0.249
0.2825
0.255245
0.245377
0.246131
0.218
0.272
0.2575
0.0194903
0.2735
0.1995
0.1935
0.239141
0.22977
0.267732
0.256743
0.264735
0.289211
0.241879
0.22039
0.2505
0.215892
0.268
0.204398
0.226887
0.260609
0.2325
0.246753
0.25974
0.2745
0.2605
0.2455
0.2305
0.2435
0.2435
0.0449102
0.24014
0.2435
0.244134
0.173413
0.243878
0.253247
0.223888
0.2615
0.2515
0.2565
0.297
0.215285
0.2345
0.208
0.247376
0.3
0.222889
0.222389
0.194
0.23938
0.21989
0.2015
0.2375
0.205897
0.262
0.216892
0.26037
0.2355
0.016983
0.2095
0.198901
0.226773
0.249875
0.244878
0.0134933
0.2195
0.292415
0.227386
0.25937
0.308
0.169415
0.251
0.183
0.243878
0.265602
0.21318
0.2165
0.277861
0.237381
0.232
0.2615
0.174
0.222889
0.254873
0.204
0.259
0.2495
0.274226
0.26
0.240759
0.237881
0.278361
0.2735
0.216392
0.270594
0.228771
0.258242
0.239022
0.247
0.261
0.273863
0.253247
0.2305
0.237762
0.221557
0.234648
0.193903
0.214893
0.2245
0.187
0.2315
0.218391
0.0069965
0.242379
0.250375
0.280798
0.284216
0.200699
0.266
0.247876
0.2455
0.25937
0.2905
0.254119
0.278861
0.218391
0.264735
0.2815
0.198901
0.172914
0.244755
0.212469
0.195
0.2345
0.225662
0.233
0.195706
0.276
0.191404
0.257984
0.266367
0.2315
0.262238
0.244134
0.283
0.041979
0.254873
0.276723
0.2435
0.223277
0.245255
0.173413
0.288567
0.259481
0.244134
0.233267
0.1755
0.025987
0.224388
0.2255
0.213
0.244
0.009
0.2535
0.233
0.275225
0.284858
0.2435
0.2125
0.237
0.243
0.214179
0.2265
0.219281
0.2635
0.0085
0.283075
0.248376
0.239
0.00899101
0.252874
0.2485
0.216675
0.222889
0.242379
0.255117
0.2495
0.221168
0.24014
0.267
0.225662
0.1985
0.2435
0.268
0.292354
0.284216
0.2505
0.0085
0.278361
0.25987
0.224388
0.266234
0.283858
0.247376
0.2265
0.242258
0.214678
0.229
0.278
0.164418
0.243
0.284358
0.241
0.2305
0.206897
0.24
0.205
0.00399401
0.0069965
0.232
0.222889
0.2525
0.283
0.212894
0.217
0.262
0.2
0.257371
0.291063
0.235
0.2635
0.2765
0.257371
0.1595
0.00749625
0.247253
0.233267
0.249251
0.302198
0.275362
0.2495
0.270459
0.228886
0.2545
0.266367
0.216
0.230885
0.285572
0.218
0.26037
0.291063
0.254373
0.288856
0.215892
0.275225
0.247
0.246131
0.267732
0.01999
0.283
0.2565
0.2435
0.255117
0.176324
0.23938
0.291854
0.2545
0.229
0.255744
0.2345
0.201299
0.265367
0.270365
0.269
0.227886
0.2365
0.172914
0.2655
0.189715
0.175237
0.214179
0.213893
0.241879
0.293766
0.236264
0.1755
0.238881
0.257871
0.249375
0.285
0.229385
0.258
0.221889
0.215
0.2115
0.254373
0.2435
0.232884
0.016983
0.196108
0.278721
0.2485
0.245877
0.227
0.274588
0.243378
0.216892
0.0085
0.201
0.2935
0.244511
0.2265
0.272
0.236382
0.264
0.242379
0.24088
0.238
0.182909
0.26037
0.295262
0.2255
0.25025
0.256372
0.224
0.279581
0.212
0.173826
0.243635
0.261976
0.255744
0.257
0.188218
0.249626
0.230385
0.256
0.265867
0.2615
0.246131
0.245
0.224388
0.273
0.2003
0.262869
0.24
0.231269
0.00549725
0.212
0.237
0.2195
0.253873
0.231884
0.21989
0.186
0.200699
0.232535
0.247
0.253
0.2825
0.006
0.206
0.261
0.216392
0.281
0.20979
0.209186
0.228
0.2045
0.25362
0.2745
0.227
0.270365
0.267
0.252248
0.245
0.2075
0.246131
0.215285
0.2
0.2315
0.1665
0.24014
0.262
0.202399
0.253873
0.252874
0.301548
0.289
0.27
0.240759
0.214893
0.0255
0.218391
0.276723
0.2495
0.2365
0.247
0.253373
0.234883
0.29021
0.269865
0.262
0.2365
0.225
0.267
0.00549725
0.28992
0.239
0.186
0.226161
0.231384
0.246877
0.238
0.21967
0.264368
0.290355
0.248
0.245377
0.1885
0.238761
0.221168
0.316026
0.24038
0.259241
0.2525
0.252874
0.211289
0.276362
0.257871
0.2735
0.243378
0.268098
0.243635
0.247752
0.256743
0.255489
0.257871
0.255744
0.2705
0.215
0.2475
0.235
0.250875
0.225662
0.203898
0.00599401
0.004
0.238761
0.197901
0.234383
0.0214893
0.244012
0.254873
0.187
0.246131
0.22039
0.254246
0.253373
0.244134
0.245754
0.2515
0.00549451
0.0105
0.184908
0.287356
0.234032
0.182
0.231269
0.208396
0.231884
0.284358
0.284858
0.264603
0.274
0.240759
0.286857
0.0085
0.2245
0.2015
0.2395
0.2045
0.2195
0.0214893
0.1695
0.259241
0.266367
0.2195
0.197901
0.2615
0.2495
0.19
0.197
0.235382
0.00749625
0.200699
0.235
0.18091
0.009
0.285357
0.206
0.247129
0.252621
0.193
0.230654
0.276
0.238262
0.0109945
0.212182
0.273363
0.225887
0.255872
0.2565
0.258242
0.228771
0.221667
0.237
0.286857
0.2815
0.214893
0.229271
0.262
0.194708
0.139
0.250624
0.248627
0.197
0.0085
0.262869
0.2465
0.235882
0.253247
0.2445
0.255117
0.238
0.3
0.198901
0.292354
0.2515
0.215784
0.260609
0.191808
0.223888
0.205897
0.233
0.2685
0.243378
0.266101
0.251
0.1705
0.265867
0.226773
0.2325
0.222389
0.2505
0.241
0.1985
0.292354
0.176324
0.2645
0.2745
0.251249
0.277
0.2345
0.2665
0.218891
0.216392
0.300898
0.2145
0.004995
0.255744
0.263368
0.18041
0.2045
0.187
0.252874
0.221389
0.254
0.229
0.234883
0.276
0.283
0.2015
0.257371
0.3125
0.249377
0.243878
0.1955
0.24026
0.225275
0.212681
0.27
0.216
0.214
0.2325
0.277944
0.23
0.265
0.255872
0.2605
0.312219
0.236382
0.252122
0.199201
0.2335
0.307846
0.257
0.275362
0.199201
0.214286
0.2555
0.025987
0.270729
0.248128
0.229
0.285572
0.26037
0.2445
0.2295
0.255744
0.232535
0.24088
0.2195
0.242515
0.228158
0.2345
0.258242
0.228
0.248
0.256116
0.226387
0.172
0.247376
0.234765
0.231884
0.202197
0.2255
0.26037
0.248627
0.2295
0.2
0.254873
0.234648
0.243257
0.258871
0.267866
0.242379
0.253373
0.1865
0.238
0.2475
0.283217
0.197
0.195902
0.269
0.244378
0.237144
0.275
0.233
0.265367
0.2025
0.193
0.252747
0.255872
0.212182
0.202899
0.236382
0.2255
0.232268
0.215
0.250875
0.257371
0.274
0.228886
0.259481
0.2285
0.235382
0.297
0.26037
0.274
0.0085
0.227
0.014
0.253247
0.231153
0.0154691
0.284858
0.2635
0.280579
0.3015
0.2055
0.2265
0.255
0.283858
0.2195
0.255872
0.228386
0.203
0.250875
0.202298
0.213
0.263368
0.256
0.265
0.279
0.248376
0.277861
0.269365
0.251
0.2545
0.236763
0.217673
0.174
0.2415
0.2525
0.267
0.2305
0.249501
0.0085
0.21
0.210185
0.242515
0.242258
0.246377
0.256372
0.196108
0.262737
0.206897
0.245377
0.295057
0.221
0.2555
0.252747
0.2515
0.25937
0.21939
0.259241
0.254873
0.004
0.221667
0.244511
0.013986
0.25025
0.0135
0.2435
0.213786
0.213
0.2325
0.2685
0.204296
0.24038
0.285572
0.1735
0.246377
0.239
0.256116
0.239141
0.264735
0.173413
0.2425
0.245377
0.226387
0.173826
0.248128
0.190809
0.202197
0.251
0.229385
0.254373
0.193
0.22039
0.252747
0.194805
0.234648
0.2465
0.293766
0.26011
0.2435
0.237263
0.2195
0.286
0.262238
0.245754
0.205
0.216459
0.2535
0.00399401
0.2015
0.268866
0.2535
0.2395
0.23
0.229656
0.242636
0.241379
0.2745
0.245632
0.251748
0.269096
0.26037
0.258871
0.230885
0.249626
0.247
0.282859
0.21939
0.1975
0.2485
0.236382
0.236382
0.1865
0.207
0.2695
0.228771
0.004
0.260739
0.22039
0.288567
0.248252
0.270459
0.219
0.2375
0.204296
0.2
0.25
0.256
0.234032
0.257
0.2325
0.252747
0.255744
0.230769
0.2295
0.210684
0.2445
0.271864
0.237263
0.213393
0.211394
0.27986
0.258242
0.262
0.185536
0.2765
0.28022
0.275362
0.281
0.194209
0.229385
0.275225
0.0289566
0.1755
0.187812
0.2585
0.248376
0.261869
0.009
0.2015
0.275724
0.2365
0.225387
0.223388
0.1994
0.2115
0.23988
0.244511
0.2355
0.283858
0.1735
0.2295
0.24026
0.0344828
0.316026
0.231269
0.297
0.270594
0.2485
0.269
0.183408
0.257
0.2195
0.217891
0.162419
0.2185
0.247129
0.243
0.282
0.243378
0.257871
0.290355
0.0055
0.248876
0.286357
0.26087
0.252122
0.228272
0.277
0.1995
0.2955
0.202197
0.2405
0.2004
0.268866
0.257
0.218
0.215892
0.2055
0.238262
0.157921
0.236382
0.1975
0.265835
0.241758
0.2485
0.23
0.272
0.2245
0.236882
0.282
0.162419
0.278361
0.232268
0.261738
0.245
0.222889
0.238
0.0134933
0.294853
0.223665
0.208896
0.2715
0.242379
0.202298
0.238
0.2735
0.251249
0.252248
0.228272
0.247752
0.189122
0.221667
0.2355
0.2305
0.216392
0.0169915
0.197901
0.225162
0.234383
0.255
0.186813
0.204
0.253247
0.268866
0.257371
0.205397
0.218391
0.239
0.2435
0.1995
0.178411
0.14985
0.218
0.244755
0.208896
0.238881
0.2455
0.2485
0.238761
0.210895
0.2415
0.283
0.2395
0.21318
0.009995
0.018
0.208188
0.23976
0.252248
0.246131
0.0134865
0.250875
0.176324
0.2345
0.245377
0.234883
0.26
0.223388
0.2595
0.22039
0.226887
0.273863
0.25937
0.249875
0.225
0.244755
0.183317
0.247129
0.216
0.281859
0.237881
0.00749251
0.241
0.162419
0.285572
0.2625
0.25
0.012
0.212
0.2535
0.2365
0.208396
0.1595
0.2115
0.234648
0.274
0.230155
0.227659
0.26087
0.190405
0.248376
0.225
0.25
0.262369
0.2265
0.2045
0.227886
0.232268
0.203796
0.312219
0.27936
0.2825
0.2605
0.2055
0.234883
0.239
0.254246
0.2545
0.201597
0.21318
0.230385
0.1995
0.295057
0.241379
0.211
0.0085
0.004
0.227659
0.190405
0.277584
0.266101
0.262869
0.233
0.23503
0.2575
0.307039
0.211
0.2255
0.2365
0.273726
0.249626
0.2515
0.272864
0.153
0.260739
0.2615
0.1755
0.217
0.245377
0.1715
0.2285
0.252874
0.2455
0.242258
0.268866
0.2555
0.190405
0.2004
0.248376
0.0255
0.2265
0.0135
0.230654
0.236382
0.221889
0.241379
0.258242
0.252248
0.223388
0.2575
0.248128
0.2635
0.2055
0.250749
0.2405
0.264368
0.268
0.276
0.0104895
0.025987
0.2605
0.215285
0.285714
0.265
0.2385
0.23976
0.192404
0.283716
0.27972
0.226387
0.226773
0.2735
0.234149
0.245754
0.1835
0.2545
0.265
0.275
0.273363
0.282859
0.00749251
0.2365
0.244134
0.226887
0.234883
0.210185
0.2015
0.235882
0.255
0.283358
0.24088
0.223553
0.241517
0.29935
0.214393
0.238761
0.015
0.224388
0.265
0.232884
0.190714
0.2615
0.0294411
0.242515
0.272864
0.25025
0.264
0.238881
0.267
0.285714
0.181319
0.236382
0.286427
0.274725
0.22089
0.268866
0.294616
0.275724
0.2435
0.222389
0.211289
0.241259
0.2375
0.2115
0.22006
0.225387
0.241259
0.275362
0.243756
0.255
0.23
0.2465
0.26087
0.239141
0.209186
0.234765
0.2705
0.252248
0.243378
0.311533
0.208188
0.29935
0.248376
0.212
0.26037
0.179
0.2705
0.2845
0.233
0.279081
0.2575
0.248
0.235265
0.273
0.227273
0.248876
0.218391
0.196304
0.0234765
0.226161
0.1935
0.205897
0.2285
0.201399
0.2615
0.261869
0.285357
0.3025
0.0095
0.224388
0.251874
0.2365
0.244
0.204898
0.223888
0.21939
0.274588
0.235
0.179
0.2545
0.214678
0.254119
0.21939
0.221667
0.233
0.228272
0.248
0.206
0.273363
0.211
0.218391
0.273863
0.262
0.27972
0.192404
0.229385
0.291063
0.254873
0.241
0.223388
0.246377
0.21
0.22017
0.303848
0.217891
0.21318
0.24
0.236382
0.215784
0.232884
0.236
0.263368
0.246377
0.245132
0.265867
0.212363
0.203796
0.216675
0.248376
0.197901
0.1999
0.2997
0.230155
0.240778
0.242
0.2135
0.292415
0.275862
0.292354
0.292354
0.2465
0.243
0.226773
0.202
0.197901
0.245132
0.183408
0.237263
0.231768
0.238262
0.230155
0.241879
0.2755
0.245377
0.255372
0.237881
0.1975
0.243
0.2525
0.255744
0.233883
0.238262
0.242636
0.229271
0.242879
0.268
0.004
0.241379
0.185407
0.292269
0.267732
0.21989
0.245377
0.243257
0.192404
0.019
0.298
0.2045
0.24038
0.23004
0.261738
0.290355
0.235147
0.272
0.24038
0.255744
0.211
0.256
0.236
0.241
0.22006
0.226161
0.2425
0.1755
0.2385
0.283217
0.233883
0.207896
0.226387
0.173
0.246131
0.2385
0.251
0.226387
0.250749
0.248376
0.22666
0.272864
0.018
0.242757
0.2395
0.189216
0.2625
0.244012
0.152924
0.278304
0.254373
0.275
0.21029
0.015
0.23976
0.265
0.257485
0.22666
0.258
0.223388
0.2975
0.262737
0.275862
0.270459
0.295352
0.2765
0.241379
0.235
0.237
0.244
0.217066
0.21318
0.1865
0.244
0.021
0.2735
0.247129
0.289355
0.311533
0.281859
0.218
0.1999
0.263
0.261738
0.209
0.228771
0.00449775
0.236
0.254246
0.232651
0.205
0.2605
0.226161
0.252248
0.273363
0.2695
0.266867
0.215285
0.264368
0.297
0.2265
0.285
0.266
0.203
0.237762
0.23
0.227
0.242879
0.23976
0.24088
0.286713
0.241
0.308
0.268866
0.202
0.258612
0.2545
0.245
0.265867
0.27972
0.19
0.251748
0.2155
0.227886
0.249002
0.210185
0.2415
0.275724
0.274363
0.24026
0.221389
0.18041
0.22028
0.26
0.232
0.251374
0.262238
0.268098
0.230769
0.0085
0.2125
0.295262
0.230769
0.152924
0.172
0.179
0.228158
0.14043
0.216892
0.2325
0.2125
0.25987
0.208896
0.264
0.279081
0.2365
0.274725
0.232
0.259481
0.289
0.263368
0.237762
0.248376
0.2225
0.261738
0.251
0.0109945
0.29021
0.252747
0.275862
0.233
0.27972
0.1945
0.255245
0.204795
0.2825
0.291854
0.257371
0.201597
0.202298
0.197901
0.00749625
0.2665
0.238262
0.162419
0.261239
0.25362
0.252621
0.212469
0.2515
0.24014
0.235147
0.239641
0.215676
0.251
0.243378
0.251874
0.237144
0.288856
0.225387
0.240759
0.223888
0.225162
0.273
0.243378
0.0085
0.283358
0.218781
0.251249
0.216675
0.2385
0.282
0.267732
0.2845
0.198
0.226887
0.012
0.21939
0.3125
0.298
0.214678
0.1985
0.252747
0.0065
0.21
0.194805
0.229
0.2645
0.223553
0.17982
0.2615
0.25
0.243
0.28992
0.204296
0.203898
0.264104
0.227772
0.246377
0.24
0.278582
0.2735
0.248128
0.263
0.221557
0.232
0.184408
0.218391
0.284358
0.249626
0.258871
0.216675
0.2195
0.252747
0.236382
0.2205
0.248252
0.230385
0.271229
0.183317
0.279
0.227273
0.2015
0.228
0.2325
0.2705
0.234648
0.17
0.257
0.238761
0.2485
0.2385
0.214179
0.239141
0.216
0.2355
0.257984
0.2185
0.241259
0.255117
0.2535
0.2745
0.212894
0.2595
0.0124813
0.248376
0.172914
0.241
0.24038
0.183317
0.248751
0.190905
0.202399
0.246377
0.207
0.232
0.211894
0.1975
0.212
0.014985
0.278861
0.181319
0.210895
0.216392
0.2165
0.212
0.22028
0.269
0.2395
0.209395
0.221
0.0069965
0.2015
0.2405
0.223888
0.2004
0.289
0.0289566
0.20979
0.262
0.256986
0.221168
0.253873
0.223888
0.199
0.225387
0.015
0.264368
0.285714
0.243635
0.215
0.208292
0.243257
0.249626
0.00649351
0.2495
0.004995
0.254
0.245754
0.2695
0.236882
0.257243
0.172
0.194
0.2015
0.210895
0.242258
0.2195
0.212
0.216392
0.257871
0.241
0.196304
0.249002
0.267866
0.248376
0.2625
0.205397
0.227886
0.226
0.257
0.2685
0.2825
0.2635
0.2385
0.2455
0.289355
0.243378
0.215392
0.246753
0.292354
0.223888
0.255744
0.294353
0.244755
0.0055
0.261239
0.2585
0.256
0.271593
0.0055
0.243
0.238381
0.252122
0.2285
0.270459
0.247752
0.274226
0.1975
0.248376
0.221667
0.1705
0.246377
0.23365
0.255
0.2625
0.198901
0.253
0.24026
0.255117
0.2395
0.21967
0.2365
0.211
0.17982
0.2825
0.218173
0.265367
0.237762
0.1815
0.269
0.196803
0.238262
0.148
0.257243
0.25937
0.286357
0.251
0.0105
0.2535
0.267366
0.232
0.2025
0.2535
0.253746
0.266234
0.218
0.177234
0.216892
0.272864
0.232
0.216392
0.268366
0.245377
0.312188
0.250375
0.2345
0.2625
0.209395
0.2745
0.24
0.22977
0.173
0.0065
0.29021
0.209395
0.244
0.2255
0.262869
0.2115
0.241517
0.286427
0.0289566
0.209
0.202399
0.214678
0.251
0.268098
0.287356
0.245377
0.306693
0.226161
0.250875
0.19012
0.173413
0.2465
0.216
0.255489
0.237144
0.271593
0.18041
0.0109945
0.1705
0.244256
0.276723
0.268866
0.260739
0.221
0.275
0.26087
0.255372
0.262869
0.212182
0.2515
0.247253
0.211788
0.252874
0.211
0.286357
0.241379
0.182909
0.2635
0.006
0.238
0.245
0.230155
0.208
0.2435
0.227886
0.2095
0.2155
0.202298
0.198702
0.218391
0.269
0.191808
0.2325
0.005
0.232767
0.213
0.2735
0.236146
0.221389
