0.241379
0.223776
0.182909
0.1715
0.248
0.235
0.1994
0.23
0.005
0.25
0.194
0.2355
0.205
0.241259
0.2145
0.2355
0.2385
0.243135
0.22
0.2225
0.211
0.222389
0.235
0.256872
0.004995
0.1955
0.2605
0.268731
0.188406
0.21318
0.214
0.261869
0.1905
0.207896
0.252621
0.24
0.0109835
0.238262
0.2625
0.207896
0.224888
0.0144928
0.177
0.210684
0.201
0.269096
0.212575
0.2355
0.254373
0.242
0.24088
0.258724
0.004
0.0225
0.264104
0.225935
0.2395
0.2575
0.237381
0.196402
0.213393
0.2415
0.24026
0.253373
0.250624
0.263
0.241
0.256986
0.2545
0.2085
0.241138
0.207896
0.2605
0.23027
0.229
0.267099
0.244
0.2425
0.245509
0.0199402
0.236
0.2765
0.264735
0.2045
0.144
0.2205
0.224
0.154845
0.0115
0.24
0.201899
0.203
0.187
0.206
0.22039
0.2225
0.26
0.230155
0.230155
0.234383
0.232036
0.232268
0.257614
0.221279
0.26087
0.224164
0.2555
0.184316
0.201899
0.229
0.210395
0.225387
0.182
0.230654
0.230885
0.213
0.2205
0.2255
0.257614
0.184723
0.223277
0.210395
0.246877
0.2415
0.1935
0.190405
0.1885
0.236146
0.243
0.221
0.207396
0.249375
0.210395
0.2325
0.201399
0.006
0.221
0.2755
0.239
0.1895
0.267099
0.193903
0.23027
0.248
0.235147
0.00549451
0.199301
0.241259
0.204398
0.1575
0.241
0.209
0.264
0.214678
0.254246
0.24088
0.238262
0.24501
0.0304848
0.217
0.2575
0.249875
0.122255
0.225387
0.230654
0.262869
0.2555
0.0105
0.0214893
0.2395
0.211894
0.2625
0.211
0.232268
0.272364
0.245377
0.202399
0.234531
0.0189905
0.205691
0.1775
0.012
0.225387
0.246131
0.23988
0.2275
0.270729
0.215
0.185907
0.238262
0.0124813
0.23503
0.2385
0.174
0.0049975
0.210395
0.228771
0.182
0.194611
0.2515
0.229
0.206
0.239
0.229156
0.230885
0.251874
0.2155
0.254745
0.23
0.27
0.27023
0.251374
0.190405
0.216892
0.236264
0.216392
0.268866
0.248376
0.23503
0.21989
0.1655
0.00798802
0.00999001
0.265867
0.241
0.007
0.256872
0.199301
0.2595
0.246377
0.237762
0.26087
0.006
0.222389
0.2285
0.226274
0.2065
0.183
0.218391
0.25
0.2635
0.183
0.243378
0.011
0.015984
0.2075
0.239
0.262869
0.216392
0.171914
0.210395
0.204
0.217
0.2245
0.2655
0.210789
0.248503
0.012
0.214179
0.183
0.208188
0.183724
0.2245
0.155922
0.255245
0.230769
0.217391
0.232303
0.271364
0.232268
0.1995
0.222389
0.221667
0.228
0.183908
0.201299
0.233766
0.186407
0.1895
0.2195
0.2505
0.2475
0.15942
0.214678
0.262
0.237762
0.2275
0.2155
0.241758
0.205
0.235764
0.237762
0.24501
0.2325
0.0169915
0.188406
0.198
0.213287
0.0115
0.259611
0.255872
0.254863
0.005
0.254246
0.245509
0.247376
0.190905
0.245754
0.2095
0.211
0.216392
0.246377
0.238881
0.2565
0.2325
0.311
0.2885
0.22039
0.193403
0.266867
0.2645
0.1995
0.23365
0.21989
0.24
0.227772
0.255988
0.0065
0.2175
0.2435
0.274089
0.216392
0.1999
0.202197
0.289355
0.266367
0.252374
0.171914
0.264868
0.233
0.237
0.2355
0.254
0.196108
0.26973
0.2155
0.222444
0.191904
0.277223
0.2545
0.235
0.249251
0.243135
0.2245
0.236
0.2605
0.217891
0.2005
0.21989
0.255744
0.1985
0.193806
0.2065
0.222777
0.1715
0.241138
0.2105
0.24038
0.206397
0.250375
0.249875
0.214393
0.238143
0.015
0.202
0.214393
0.0154768
0.252374
0.226887
0.2555
0.182
0.226
0.2315
0.238881
0.236645
0.256116
0.207896
0.1605
0.238881
0.00549451
0.294353
0.193
0.231
0.203694
0.2315
0.21978
0.229
0.2375
0.214393
0.2445
0.255372
0.26037
0.24038
0.246
0.245754
0.0384615
0.215
0.222889
0.262369
0.2285
0.171914
0.255
0.236264
0.174913
0.238523
0.222389
0.275
0.2085
0.230885
0.2665
0.258741
0.196803
0.2625
0.224388
0.253746
0.0164918
0.203398
0.2555
0.199201
0.215285
0.242379
0.233
0.210395
0.2345
0.244256
0.258
0.236264
0.208
0.242879
0.236146
0.199301
0.2525
0.2585
0.2285
0.26973
0.209685
0.2545
0.2135
0.174
0.228272
0.1765
0.010989
0.201299
0.211394
0.2065
0.233883
0.242879
0.251374
0.236264
0.209186
0.201899
0.257243
0.213893
0.2635
0.2215
0.210789
0.244755
0.208188
0.251874
0.268731
0.21939
0.191404
0.1875
0.186407
0.244256
0.294059
0.2355
0.2105
0.265602
0.232
0.273
0.012987
0.173327
0.2105
0.2495
0.187126
0.22
0.255872
0.246
0.202797
0.222889
0.219
0.230769
0.2315
0.252495
0.24088
0.241638
0.221557
0.241138
0.214072
