0.1065
0.1405
0.093953
0.138931
0.098
0.025987
0.02
0.117441
0.009
0.158
0.0154768
0.124438
0.1155
0.0134865
0.0764236
0.0399202
0.10978
0.0875
0.0134933
0.0929071
0.074
0.125874
0.0855
0.02
0.0374625
0.0854146
0.1595
0.15
0.09
0.136932
0.149
0.00949051
0.11982
0.079
0.1585
0.11944
0.125937
0.00349825
0.136
0.1085
0.1305
0.0859141
0.0174913
0.172414
0.1185
0.11994
0.1065
0.149
0.109445
0.0974026
0.138
0.129435
0.00349825
0.1035
0.131
0.109391
0.149425
0.016
0.0114828
0.0773839
0.173826
0.164
0.150425
0.00349476
0.0235
0.0104948
0.166417
0.135297
0.048
0.149
0.144928
0.094
0.113387
0.0744256
0.137157
0.0389805
0.0085
0.017
0.09995
0.158
0.0944528
0.138723
0.1305
0.0525
0.1585
0.123438
0.038
0.131
0.0869565
0.103448
0.0605
0.1125
0.1115
0.0144928
0.0104948
0.079
0.103448
0.0065
0.073963
0.00899101
0.0728907
0.1465
0.0374625
0.112887
0.138653
0.00749625
0.130608
0.077961
0.0725
0.0184723
0.1505
0.074
0.1695
0.0129935
0.0255
0.126
0.009995
0.123377
0.146853
0.122816
0.0095
0.1
0.146707
0.0104843
0.0055
0.0599101
0.083958
0.018981
0.023976
0.0055
0.0995
0.175912
0.0215
0.106
0.141929
0.132434
0.132
0.0525
0.014
0.0229656
0.135932
0.17033
0.111444
0.0839161
0.05997
0.125811
0.109945
0.141929
0.0958562
0.0954046
0.00599401
0.01
0.122816
0.127872
0.116442
0.0869565
0.1375
0.0804196
0.014985
0.0848727
0.0104948
0.0194708
0.1555
0.0309845
0.1275
0.11944
0.137226
0.115942
0.1305
0.0269596
0.133367
0.092
0.169
0.118
0.0954046
0.113943
0.148352
0.0114943
0.0934066
0.031984
0.0934066
0.156344
0.0165
0.14093
0.0175
0.120698
0.145854
0.1755
0.00649675
0.151
0.0944056
0.103948
0.123938
0.155267
0.05997
0.141929
0.00649351
0.0588822
0.0465
0.09995
0.124938
0.0284715
0.1305
0.11982
0.123
0.005997
0.124813
0.151273
0.0579421
0.152924
0.1245
0.141
0.10479
0.0069965
0.13986
0.0925
0.0869565
0.175912
0.0295
0.146927
0.00748877
0.1145
0.115826
0.094
0.1355
0.0489022
0.102897
0.018981
0.1375
0.113886
0.0884558
0.12
0.098
0.006
0.109391
0.135932
0.107946
0.0794206
0.113273
0.0129805
0.0574426
0.131
0.0504748
0.0465
0.078
0.126937
0.156843
0.171072
0.10095
0.0264868
0.145427
0.124813
0.00848727
0.142429
0.0919081
0.0144928
0.0585
0.145
0.097951
0.0934066
0.0934066
0.0803794
0.1495
0.104948
0.11994
0.146707
0.110889
0.0444555
0.0895
0.137931
0.098
0.1605
0.0264868
0.131
0.025987
0.1125
0.142
0.0204693
0.132434
0.11333
0.144428
0.122317
0.0485
0.0395
0.141929
0.162419
0.01999
0.12
0.141
0.0055
0.0264603
0.1255
0.0535
0.0978044
0.094
0.0055
0.157264
0.088
0.011
0.1085
0.011
0.00848727
0.116442
0.0869565
0.12094
0.0194903
0.009995
0.133
0.0928607
0.00798802
0.1395
0.007
0.0825
0.107
0.0415
0.1645
0.0629685
0.148204
0.0194903
0.1205
0.076
0.0334665
0.0239521
0.122317
0.125811
0.181138
0.171
0.1765
0.123938
0.140859
0.012
0.013986
0.117441
0.0035
0.00349825
0.125874
0.152924
0.0145
0.11994
0.1245
0.191404
0.009995
0.125437
0.150849
0.128936
0.012
0.16034
0.0814186
0.156422
0.0969515
0.136932
0.114271
0.031984
0.106
0.193403
0.0855
0.102
0.123938
0.033
0.138723
0.0284715
0.08
0.101847
0.1375
0.0285
0.125312
0.104
0.157685
0.087
0.122439
0.136
0.0104948
0.133433
0.011994
0.0085
0.174
0.038
0.0674326
0.103896
0.1595
0.0579421
0.132934
0.176
0.11333
0.105947
0.1225
0.181409
0.128807
0.150925
0.00949051
0.1285
0.157921
0.0854573
0.123
0.115942
0.145282
0.112
0.1085
0.113
0.0769615
0.0105
0.15
0.140859
0.1585
0.0725
0.1265
0.0724638
0.181138
0.0204693
0.05
0.005997
0.128807
0.142358
0.15212
0.129435
0.13
0.137363
0.02
0.116384
0.118
0.006
0.069965
0.00649351
0.0415
0.10684
0.0334665
0.0805
0.078
0.169246
0.156843
0.0154845
0.00897756
0.151
0.00848303
0.151424
0.12044
0.019
0.118
0.0683974
0.093953
0.145
0.021989
0.171072
0.146707
0.147426
0.121439
0.122939
0.171914
0.149425
0.132
0.174913
0.1185
0.015
0.1275
0.142
0.0264868
0.137
0.043
0.0465
0.132934
0.1405
0.1215
0.00848727
0.01997
0.129
0.03998
0.16092
0.119321
0.1065
0.009
0.117
0.157
0.1205
0.125874
0.136
0.115
0.0104895
0.136932
0.034
0.0885
0.1765
0.014
0.100349
0.00599401
0.157264
0.0594109
0.0134933
0.0848727
0.115
0.0869565
0.0703944
0.133433
0.048951
0.0175
0.102346
0.131934
0.0665
0.0465
0.1565
0.0104843
0.170915
0.00899101
0.0045
0.1395
0.127
0.1185
0.0255
0.109391
0.0904548
0.0679321
0.058
0.0825
0.102897
0.0818772
0.1065
0.138792
0.1425
0.129306
0.0329835
0.128372
0.088
0.174913
0.13943
0.15212
0.1035
0.1355
0.0104948
0.1295
0.171414
0.0334665
0.171914
0.0215
0.113
0.0204795
0.17033
0.0854146
0.1565
0.113387
0.009
0.123938
0.049975
0.141
0.098
0.0664336
0.0749251
0.084
0.0909545
0.107
0.0334665
0.145427
0.151
0.138792
0.0055
0.145427
0.167333
0.148777
0.123438
0.150275
0.102346
0.0929071
0.133
0.0884558
0.121379
0.120259
0.094
0.143569
0.136
0.084
0.0129935
0.0683974
0.127936
0.130739
0.128
0.115826
0.0834166
0.1105
0.0914543
0.13993
0.1025
0.133367
0.1395
0.0529206
0.0219561
0.116942
0.1375
0.1125
0.1405
0.152924
0.193403
0.122317
0.1285
0.0803794
0.147426
0.109391
0.131934
0.12
0.115768
0.122939
0.145427
0.111888
0.021
0.143357
0.11988
0.0125
0.150275
0.015992
0.112944
0.136
0.113829
0.0689655
0.113387
0.008
0.148204
0.118441
0.0754246
0.0529206
0.117882
0.121817
0.091954
0.0489022
0.0825
0.113829
0.174913
0.0234883
0.0175
0.0165
0.0414793
0.118881
0.132
0.0614693
0.0109671
0.014
0.0524476
0.0294558
0.141429
0.100899
0.132236
0.0974026
0.0249875
0.1165
0.1455
0.171914
0.122317
0.1415
0.1545
0.122939
0.1505
0.147279
0.101898
0.1715
0.0855
0.097951
0.0985
0.124938
0.122378
0.0244755
0.0949525
0.12987
0.136364
0.0195
0.0125
0.132
0.0264603
0.111444
0.101399
0.132434
0.162419
0.1375
0.078
0.109445
0.052
0.1335
0.089955
0.0895
0.0885
0.03998
0.0955
0.126937
0.012
0.0807577
0.0075
0.0454545
0.178411
0.110334
0.005
0.143
0.0154845
0.0235
0.096
0.116384
0.0284715
0.141
0.1345
0.0304239
0.033
0.1345
0.123377
0.164336
0.1325
0.0305
0.0134933
0.0594109
0.0665
0.121878
0.0194611
0.1585
0.124
0.106
0.0739261
0.006
0.117265
0.115942
0.131934
0.189405
0.169745
0.174
0.0069965
0.102398
0.165335
0.164
0.0044955
0.0154768
0.0269461
0.136
0.0194611
0.152847
0.1615
0.025987
0.00748877
0.135432
0.162837
0.130739
0.12038
0.00848303
0.162
0.123438
0.115
0.00848727
0.141858
0.025
0.0224888
0.0784608
0.119381
0.00798005
0.116883
0.1305
0.00598802
0.027
0.1275
0.142287
0.1425
0.0725
0.109391
0.0155
0.117
0.0935
0.150275
0.0945
0.0825
0.171329
0.095357
0.113
0.0875
0.140719
0.113943
0.164918
0.145427
0.129741
0.104448
0.081
0.141
0.068
0.145
0.018
0.167
0.115942
0.010989
0.109336
0.005997
0.0255
0.033
0.150275
0.182909
0.011982
0.08
0.110945
0.02
0.017991
0.05997
0.10978
0.1
0.0925
0.054
0.0565
0.118441
0.017982
0.112887
0.128871
0.0194708
0.151
0.0634683
0.146427
0.103448
0.1255
0.0234883
0.006
0.0104948
0.117882
0.145
0.1075
0.0114828
0.123938
0.0989505
0.0914543
0.129435
0.150425
0.111944
0.0825
0.14093
0.0284858
0.0773453
0.109391
0.101449
0.158921
0.0164918
0.0704648
0.006
0.0249875
0.1425
0.133367
0.143569
0.00949051
0.118441
0.0184723
0.01
0.1375
0.078
0.145
0.146927
0.0245
0.108446
0.098
0.113829
0.0164835
0.13
0.0045
0.109336
0.0145
0.00698952
0.146281
0.169
0.012
0.122939
0.01999
0.022977
0.0629685
0.0129805
0.007996
0.1025
0.129
0.141359
0.130935
0.104396
0.0703944
0.0269596
0.108283
0.107446
0.089955
0.1585
0.00949525
0.09995
0.128244
0.013993
0.171914
0.098
0.119381
0.098
0.14093
0.171914
0.1333
0.0773453
0.11988
0.102346
0.00349476
0.095
0.0315
0.00848727
0.0924076
0.0744256
0.0379242
0.0909545
0.133367
0.0743884
0.11994
0.0899101
0.10095
0.115942
0.0739261
0.0589116
0.0945
0.01
0.115942
0.102949
0.003998
0.0309845
0.0744256
0.142
0.137
0.0144928
0.108337
0.0843734
0.102449
0.135297
0.117882
0.1425
0.1075
0.135
0.0833749
0.0884558
0.0585
0.105395
0.006
0.1305
0.118822
0.193403
0.013
0.145282
0.1345
0.027
0.0144928
0.0145
0.160599
0.096
0.129435
0.113829
0.1425
0.0255
0.0145
0.0115
0.125
0.12044
0.123
0.0134933
0.104
0.128436
0.0189621
0.113943
0.135932
0.101449
0.0085
0.1245
0.121439
0.142
0.0134933
0.135932
0.145
0.014985
0.102949
0.109391
0.1575
0.115942
0.0869131
0.11944
0.1065
0.0565
0.1065
0.011994
0.0444555
0.14
0.115
0.165417
0.162
0.081
0.1115
0.0304239
0.1065
0.08
0.151
0.149
0.162837
0.0115
0.1225
0.171072
0.105447
0.128871
0.148426
0.1375
0.0284715
0.140859
0.135932
0.023976
0.115942
0.163
0.033
0.133367
0.0104948
0.174913
0.115442
0.0769615
0.0934533
0.013
0.165335
0.011982
0.1285
0.0244755
0.1395
0.0409795
0.12
0.1333
0.099351
0.0875
0.181409
0.055972
0.0573566
0.0949525
0.123938
0.097
0.015976
0.136364
0.138931
0.009
0.0993014
0.0958562
0.00598802
0.1185
0.1595
0.121439
0.115
0.124251
0.0215
0.1495
0.120879
0.0644034
0.0669665
0.0584708
0.142
0.011982
0.0504748
0.048
0.122877
0.173913
0.0814186
0.0874126
0.131934
0.137157
0.12094
0.138653
0.161
0.0214893
0.148851
0.00999001
0.00899101
0.15
0.1165
0.137363
0.156344
0.003998
0.07
0.130435
0.00598802
0.1105
0.1425
0.0595
0.112332
0.149127
0.0429785
0.13993
0.0929535
0.101898
0.0764236
0.0055
0.12038
0.133367
0.143928
0.1125
0.127936
0.10045
0.0885
0.00949051
0.141858
0.0134798
0.145
0.021989
0.0764618
0.155766
0.112388
0.007
0.0895
0.014
0.138431
0.092
0.145282
0.165417
0.162
0.152
0.1255
0.006
0.0945
0.112444
0.1205
0.089955
0.071964
0.1255
0.1315
0.134
0.0579421
0.0165
0.113443
0.128
0.1535
0.0999001
0.0724638
0.0194611
0.005
0.0114943
0.112944
0.0269596
0.0974513
0.1285
0.0934066
0.10045
0.1395
0.027
0.0435
0.0235
0.1425
0.0934533
0.129435
0.155844
0.0164835
0.149425
0.10045
0.1415
0.142429
0.11988
0.1555
0.151924
0.174
0.0154768
0.121
0.142
0.00949525
0.0129805
0.00798802
0.0945
0.1595
0.0135
0.105395
0.161677
0.173913
0.137
0.189405
0.098
0.1065
0.103896
0.0145
0.141429
0.133866
0.0874126
0.0665
0.0069965
0.0669331
0.01998
0.0883674
0.122816
0.126937
0.0794206
0.0834166
0.174
0.10045
0.136863
0.0855
0.0494753
0.103689
0.149202
0.03998
0.00748877
0.0125
0.118323
0.0434132
0.0314843
0.097
0.0809191
0.0923615
0.136364
0.1335
0.006
0.00598802
0.009
0.155
0.0109835
0.0794603
0.0644034
0.165252
0.127872
0.122754
0.0944528
0.132434
0.128936
0.1045
0.15212
0.116442
0.095357
0.0554169
0.0295
0.0929535
0.1925
0.1465
0.11944
0.0664336
0.025
0.1345
0.00549725
0.123
0.16042
0.0184815
0.1555
0.0683974
0.117941
0.107
0.0643713
0.1425
0.12
0.022977
0.128436
0.135432
0.0849575
0.168916
0.00549725
0.0165
0.0884558
0.0995
0.1375
0.014985
0.0465
0.113886
0.136432
0.0065
0.119
0.104948
0.122439
0.117441
0.016
0.0134798
0.144
0.009
0.116942
0.03
0.138431
0.0784608
0.048951
0.0135
0.0935
0.102897
0.00649351
0.0784608
0.0085
0.0974513
0.117882
0.137226
0.1275
0.149
0.162756
0.124376
0.093953
0.108392
0.131868
0.139361
0.0704648
0.1295
0.105447
0.0215
0.10634
0.121
0.11988
0.120698
0.118323
0.1285
0.092
0.124251
0.00498753
0.1245
0.112
0.0949051
0.113
0.0715
0.149425
0.0449775
0.145427
0.089955
0.0914543
0.115
0.137
0.016
0.069
0.11333
0.057
0.019
0.1345
0.007996
0.17941
0.0509745
0.125937
0.163418
0.184408
0.0974026
0.115
0.11333
0.0854146
0.0934066
0.117
0.0989505
0.142429
0.0685
0.142929
0.143856
0.152
0.142
0.116326
0.0074813
0.006
0.0873689
0.191404
0.140859
0.0978044
0.104396
0.0129741
0.0145
0.0239521
0.123253
0.1585
0.0634683
0.1105
0.170915
0.112887
0.151273
0.151273
0.0919081
0.123
0.152
0.131
0.120259
0.1365
0.141929
0.0485
0.097
0.128
0.0164835
0.131934
0.102949
0.16983
0.012
0.0504748
0.091954
0.101898
0.00949051
0.0933134
0.163591
0.142786
0.164336
0.116384
0.121878
0.133799
0.132
0.0434132
0.1345
0.078
0.05
0.025987
0.123938
0.132934
0.12044
0.136932
0.113443
0.05
0.0885
0.176
0.122
0.116942
0.111444
0.1815
0.179231
0.1695
0.105894
0.094
0.138931
0.1295
0.118703
0.148352
0.098
0.171914
0.031
0.1405
0.137
0.1475
0.173826
0.0779221
0.109445
0.155267
0.0134933
0.143928
0.1425
0.119381
0.102449
0.123938
0.0875
0.0665
0.139
0.171914
0.017
0.1315
0.0109671
0.02
0.077961
0.11988
0.013986
0.0835
0.115
0.1335
0.165417
0.0245
0.1215
0.0285
0.1265
0.1145
0.141929
0.097
0.0724638
0.0385
0.115442
0.092
0.128372
0.154269
0.018
0.137931
0.011994
0.033
0.0129805
0.1815
0.0165
0.00899101
0.0045
0.149425
0.10989
0.136432
0.0869565
0.157921
0.0215
0.00949525
0.10978
0.08
0.0055
0.17941
0.08
0.16042
0.0155
0.131
0.0794603
0.1225
0.141429
0.0374625
0.00349476
0.136
0.0124875
0.165417
0.0104948
0.0869565
0.12038
0.143
0.171
0.0989505
0.146354
0.1475
0.159
0.0129805
0.049975
0.135
0.133799
0.135297
0.095357
0.117882
0.14043
0.117882
0.056
0.157763
0.140859
0.1435
0.0264868
0.119381
0.132
0.00848727
0.142786
0.174
0.136
0.144
0.0419371
0.00798802
0.017982
0.1295
0.0334665
