0.206397
0.232
0.193903
0.00949525
0.232
0.0049975
0.221168
0.009
0.218391
0.2
0.14043
0.1755
0.1785
0.218891
0.206897
0.229885
0.213
0.190809
0.217
0.152424
0.206897
0.192
0.237381
0.197605
0.1995
0.221279
0.2485
0.1695
0.23988
0.206
0.252868
0.183317
0.224888
0.147279
0.1735
0.217
0.208791
0.209
0.214893
0.214893
0.150425
0.224388
0.204194
0.202899
0.189
0.232884
0.185907
0.156344
0.172
0.202
0.17991
0.139651
0.194
0.2485
0.183
0.230885
0.181319
0.2055
0.182
0.182
0.206897
0.2445
0.174
0.1795
0.141288
0.2004
0.211
0.232152
0.0045
0.0049975
0.188811
0.228
0.0045
0.225887
0.197401
0.178643
0.117441
0.196304
0.209395
0.143928
0.1755
0.0149925
0.0069965
0.201399
0.169246
0.009
0.174
0.184631
0.1485
0.137
0.162
0.188906
0.206897
0.23
0.138431
0.2295
0.211894
0.200897
0.209082
0.137
0.1865
0.218
0.0155
0.196402
0.174239
0.201299
0.23976
0.1965
0.209895
0.218891
0.011982
0.0229656
0.00999001
0.136932
0.234383
0.154423
0.208896
0.012
0.178144
0.227772
0.183816
0.2005
0.1895
0.1855
0.247253
0.1945
0.225662
0.136932
0.162
0.265835
0.196402
0.2375
0.203
0.245377
0.151848
0.23988
0.215892
0.201399
0.1685
0.247876
0.00948577
0.255245
0.229885
0.203796
0.196402
0.187906
0.021989
0.013993
0.202797
0.2001
0.2485
0.183816
0.225887
0.1985
0.2645
0.151697
0.166417
0.209291
0.1715
0.2085
0.209186
0.177911
0.251874
0.234
0.00598802
0.205
0.1315
0.141
0.168416
0.174239
0.207396
0.222889
0.161919
0.232
0.242394
0.163255
0.008
0.1997
0.192711
0.212681
0.205397
0.2355
0.21989
0.2645
0.242
0.1785
0.177323
0.1785
0.19321
0.182817
0.1385
0.211894
0.214393
0.184408
0.0114885
0.195402
0.225774
0.132368
0.175736
0.232
0.232
0.192404
0.2315
0.213
0.205295
0.0075
0.0204898
0.1695
0.228386
0.15942
0.184224
0.221778
0.166251
0.206
0.1825
0.234149
0.137931
0.217673
0.242
0.2105
0.1845
0.169915
0.151924
0.2385
0.229
0.195
0.1605
0.207
0.226274
0.204194
0.212787
0.1845
0.168248
0.1985
0.206897
0.226387
0.1715
0.148926
0.215892
0.217673
0.237381
0.237263
0.181637
0.1615
0.161339
0.0095
0.204296
0.209895
0.1745
0.014985
0.176559
0.217
0.235382
0.177911
0.23988
0.17033
0.237381
0.1615
0.2835
0.175824
0.21
0.190215
0.023988
0.168416
0.203
0.2115
0.01
0.1785
0.2
0.0204898
0.161838
0.224164
0.238
0.0065
0.173154
0.230654
0.1925
0.21
0.202197
0.203398
0.207396
0.173327
0.149276
0.197901
0.146927
0.1475
0.181637
0.2095
0.187
0.15942
0.201798
0.22
0.263368
0.196402
0.1999
0.009
0.205295
0.0069965
0.195402
0.188906
0.21978
0.1855
0.0214785
0.1745
0.194903
0.043
0.232384
0.2235
0.187906
0.192615
0.217782
0.23
0.207189
0.174239
0.031
0.253992
0.1745
0.201399
0.206397
0.157
0.017991
0.2135
0.1825
0.22977
0.00898204
0.00999001
0.2055
0.1415
0.168916
0.2355
0.215392
0.185907
0.181909
0.124438
0.184
0.2009
0.208396
0.207396
0.0055
0.196402
0.2435
0.174
0.2365
0.194
0.181818
0.185
0.2025
0.1965
0.184408
0.24026
0.212
0.225
0.191213
0.158
0.208188
0.208188
0.205295
0.103
0.234383
0.176823
0.1795
0.183816
0.148926
0.241879
0.229885
0.1375
0.013993
0.197204
0.182726
0.190905
0.007
0.107
0.1685
0.248
0.0055
0.171914
0.218391
0.217782
0.215285
0.226
0.1615
0.1805
0.210973
0.203398
0.1975
0.166667
0.233383
0.2025
0.191213
0.191309
0.202696
0.1805
0.2225
0.191213
0.1615
0.1785
0.1965
0.163418
0.184
0.16983
0.196803
0.2345
0.185
0.196402
0.2345
0.189
0.1905
0.2135
0.144356
0.1997
0.230885
0.2385
0.216892
0.18
0.205
0.185907
0.134
0.166
0.210895
0.242757
0.181909
0.198
0.00949525
0.237026
0.221667
0.238
0.201798
0.1065
0.208292
0.0089955
0.190215
0.201
0.1045
0.238
0.208896
0.232
0.208292
0.1745
0.214893
0.1905
0.005997
0.129371
0.246
0.216892
0.209
0.2345
0.192308
0.203694
0.2185
0.18014
0.1965
0.2335
0.173413
0.212
0.228657
0.171
0.178322
0.138362
0.193903
0.009
0.0055
0.1825
0.168416
0.225887
0.182409
0.246877
0.174
0.2015
0.2055
0.127436
0.1605
0.161419
0.184908
0.203094
0.107
0.201899
0.0135
0.217
0.149925
0.146427
0.167333
0.222389
0.00549451
0.207293
0.237144
0.003996
0.173413
0.218
0.223388
0.1905
0.189715
0.136364
0.228657
0.213893
0.204296
0.217283
0.26024
0.193403
0.207688
0.161677
0.0055
0.0069965
0.14678
0.196304
0.1605
0.212787
0.221667
0.176412
0.1705
0.1645
0.136863
0.230885
0.1975
0.129371
0.225662
0.23976
0.137226
0.136932
0.1995
0.2275
0.2265
0.167832
0.1945
0.2375
0.1975
0.181909
0.145927
0.170915
0.151697
0.1895
0.202899
0.178
0.126937
0.2185
0.192116
0.182726
0.169
0.1735
0.00549725
0.187
0.127
0.220669
0.2115
0.1825
0.1465
0.2435
0.205295
0.163836
0.1845
0.1965
0.166917
0.114443
0.194306
0.0609695
0.222056
0.157421
0.18981
0.245877
0.1955
0.189
0.21
0.204296
0.2505
0.225
0.209186
0.244
0.180819
0.1695
0.24038
0.184224
0.161339
0.211894
0.175912
0.2285
0.0189905
0.234648
0.192711
0.19
0.2185
0.21989
0.137226
0.178643
0.2005
0.267964
0.243378
0.1825
0.218391
0.210789
0.213786
0.244
0.19321
0.217174
0.115
0.2165
0.184
0.201798
0.162919
0.216675
0.196803
0.202797
0.161919
0.204398
0.003996
0.256372
0.181
0.01
0.0925
0.195305
0.1905
0.2155
0.242
0.190905
0.0134933
0.012
0.203694
0.2445
0.169
0.218282
0.209395
0.228657
0.1935
0.232
0.190905
0.203
0.17973
0.11944
0.189
0.0209895
0.208896
0.188
0.187406
0.218891
0.205691
0.221889
0.181
0.206
0.164918
0.136863
0.208396
0.2545
0.196705
0.120819
0.164418
0.210895
0.181
0.194403
0.186407
0.00898204
0.1855
0.21978
0.262475
0.17033
0.184908
0.161339
0.023988
0.2445
0.176559
0.181
0.263368
0.2065
0.19031
0.2545
0.004995
0.234
0.177645
0.00749251
0.189
0.1825
0.1615
0.243257
0.19
0.197007
0.0049975
0.1995
0.008
0.235265
0.19321
0.0675
0.1905
0.1905
0.222278
0.209395
0.199
0.137226
0.177411
0.1785
0.215892
0.0814593
0.16983
0.148
0.222278
0.169415
0.0484274
0.1865
0.185
0.1845
0.1999
0.1855
0.216284
0.206
0.24038
0.135
0.2165
0.22
0.201
0.2005
0.201
0.190809
0.204296
0.1999
0.218
0.216
0.2135
0.198
0.189715
0.175325
0.202797
0.195305
0.2135
0.009
0.1785
0.177
0.136932
0.008
0.186407
0.193307
0.17
0.24038
0.210185
0.15942
0.207396
0.188906
0.267964
0.1905
0.224388
0.193516
0.209082
0.209895
0.171828
0.214893
0.239
0.008
0.2345
0.2
0.178
0.1765
0.0125
0.221889
0.1585
0.234383
0.194306
0.1795
0.014
0.0049975
0.17991
0.198
0.1585
0.151424
0.0134865
0.195305
0.185315
0.1665
0.177
0.1545
0.195402
0.2145
0.004995
0.124
0.185
0.1465
0.147852
0.169246
0.25
0.2245
0.212787
0.209291
0.155345
0.193403
0.263368
0.191904
0.258741
0.17973
0.206
0.1615
0.253873
0.212681
0.242394
0.012
0.167832
0.201399
0.197303
0.2175
0.2155
0.13993
0.167832
0.00949525
0.002997
0.189
0.0814593
0.1875
0.192212
0.0125
0.201399
0.185907
0.169745
0.191904
0.2435
0.199201
0.2245
0.206191
0.2165
0.2145
0.234531
0.163
0.181909
0.191
0.196902
0.196304
0.1885
0.208791
0.2345
0.185907
0.00549725
0.145427
0.208
0.234149
0.2045
0.215285
0.188312
0.19031
0.206897
0.198901
0.172741
0.1405
0.17991
0.191904
0.166334
0.208396
0.222056
0.224888
0.1735
0.1885
0.18
0.2025
0.2035
0.00898652
0.1855
0.196402
0.208292
0.198104
0.189
0.204591
0.009
0.2435
0.21978
0.00549176
0.175412
0.217391
0.226
0.215392
0.015984
0.217891
0.2285
0.24
0.168747
0.241517
0.158
0.1735
0.187406
0.18
0.247253
0.150849
0.012
0.1575
0.1845
0.136932
0.235647
0.2385
0.0045
0.1695
0.163
0.007
0.216
0.1375
0.214393
0.1385
0.212
0.156765
0.14043
0.191213
0.2345
0.2105
0.188312
0.162
0.011
0.196902
0.202899
0.1795
0.014
0.1997
0.145854
0.0049975
0.238
0.004995
0.236
0.005997
0.190905
0.1965
0.221889
0.1515
0.19
0.2315
0.112444
0.1585
0.243378
0.209186
0.184815
0.1755
0.188312
0.213573
0.0109945
0.166
0.203898
0.214678
0.189
0.222278
0.2035
0.00749625
0.213466
0.1715
0.144855
0.174239
0.211577
0.2135
0.167832
0.117441
0.227772
0.24026
0.2365
0.22039
0.237381
0.1675
0.172156
0.2385
0.1875
0.2355
0.004995
0.183816
0.221389
0.229385
0.2315
0.214286
0.0069965
0.181909
0.167
0.221778
0.171
0.226274
0.225662
0.234383
0.149276
0.1975
0.17973
0.257114
0.196402
0.200699
0.185814
0.011
0.177911
0.203398
0.242
0.19
0.187906
0.1975
0.208396
0.183408
0.238881
0.187313
0.1695
0.21
0.1785
0.245377
0.152424
0.24663
0.2325
0.18023
0.163836
0.169
0.187906
0.1825
0.206
0.217891
0.15327
0.1515
0.137931
0.208396
0.1925
0.1865
0.214
0.003
0.187
0.2145
