0.229385
0.0244755
0.209895
0.164753
0.211289
0.0075
0.188
0.1975
0.132867
0.203593
0.235
0.1755
0.234266
0.218672
0.238
0.1755
0.1775
0.256743
0.181
0.213287
0.184224
0.226387
0.1995
0.2315
0.2075
0.1765
0.18041
0.21
0.2315
0.206294
0.203
0.194805
0.212394
0.154
0.215392
0.2135
0.190905
0.2115
0.00649351
0.16034
0.197802
0.270365
0.204398
0.212894
0.231269
0.226434
0.2355
0.228886
0.17973
0.14985
0.22039
0.217891
0.153
0.164
0.2035
0.2002
0.145355
0.227386
0.1845
0.220779
0.175736
0.20509
0.249126
0.171243
0.193403
0.21989
0.142929
0.25974
0.210895
0.006
0.222666
0.206
0.175325
0.198
0.196402
0.256743
0.0109945
0.1705
0.005
0.0044955
0.270365
0.1665
0.1905
0.184408
0.22039
0.271593
0.203297
0.2045
0.009
0.224888
0.200699
0.204194
0.0575
0.0129611
0.226434
0.214
0.0215
0.1685
0.1865
0.145927
0.204296
0.191404
0.2025
0.228886
0.212394
0.0174913
0.175325
0.235764
0.193
0.158841
0.1875
0.224388
0.1935
0.136
0.216783
0.18
0.2009
0.232884
0.1865
0.020979
0.204398
0.216892
0.156843
0.033
0.2215
0.233766
0.2155
0.0229541
0.185315
0.163418
0.215
0.161919
0.226387
0.197
0.134299
0.229271
0.191404
0.1575
0.178911
0.013
0.215892
0.00947159
0.216892
0.188
0.262843
0.204795
0.167748
0.2205
0.174326
0.226161
0.193
0.209895
0.228
0.214
0.236382
0.1845
0.198
0.157921
0.204398
0.248128
0.208396
0.00649351
0.175
0.1825
0.23027
0.2165
0.018
0.184
0.211894
0.2155
0.2255
0.068
0.196
0.214893
0.213
0.192807
0.222
0.241758
0.190619
0.1905
0.188406
0.246131
0.205
0.1695
0.012
0.2015
0.226387
0.245877
0.212894
0.188406
0.261108
0.2495
0.145
0.0424575
0.184723
0.191
0.198401
0.22
0.194903
0.1315
0.1775
0.212394
0.223277
0.188218
0.1965
0.271593
0.1994
0.223776
0.224
0.197401
0.248252
0.214393
0.190714
0.2295
0.228386
0.211894
0.217565
0.244755
0.17324
0.206294
0.0069965
0.227659
0.01
0.202399
0.2295
0.22089
0.213679
0.2065
0.2255
0.2003
0.186407
0.252374
0.204398
0.1705
0.1875
0.0075
0.254373
0.0055
0.156922
0.196
0.223
0.1333
0.1315
0.239641
0.1999
0.130935
0.208896
0.0095
0.202
0.184
0.194209
0.2135
0.201098
0.251374
0.150425
0.1995
0.252874
0.164
0.244
0.152924
0.2575
0.198
0.25974
0.262843
0.208292
0.2155
0.227772
0.173826
0.23027
0.224164
0.223665
0.183908
0.231884
0.175325
0.245509
0.0069965
0.202797
0.203297
0.0045
0.207
0.17973
0.1925
0.0105
0.1999
0.219
0.194805
0.198401
0.156922
0.211
0.1735
0.01
0.21989
0.197605
0.209
0.142929
0.1805
0.00649351
0.214393
0.1455
0.1635
0.191309
0.1925
0.219062
0.227273
0.198702
0.173
0.164
0.0065
0.236
0.178233
0.217565
0.0104948
0.209
0.218781
0.184
0.267
0.1835
0.175824
0.271593
0.211894
0.00947159
0.209895
0.1965
0.0164671
0.167249
0.00799201
0.185
0.190405
0.1835
0.18
0.005
0.210789
0.0195
0.193
0.1925
0.232767
0.235382
0.0114885
0.216783
0.209
0.248876
0.225162
0.177733
0.00749625
0.0095
0.015984
0.0045
0.209
0.201
0.1575
0.243878
0.171243
0.2155
0.167
0.1595
0.252
0.166
0.171329
0.172827
0.234149
0.00549176
0.241879
0.220779
0.2485
0.0729271
0.18
0.192807
0.135432
0.1525
0.226
0.18091
0.166
0.269365
0.0154845
0.151424
0.206397
0.153
0.214393
0.2185
0.220779
0.2315
0.2305
0.178911
0.012
0.226387
0.202
0.188
0.188312
0.202
0.230808
0.0129935
0.218781
0.192212
0.150925
0.254873
0.220779
0.194
0.148703
0.257
0.1333
0.230385
0.1998
0.2195
0.1965
0.210895
0.155267
0.2215
0.233883
0.1465
0.11944
0.214893
0.191
0.0999001
0.166
0.227
0.1795
0.177
0.0044955
0.00549176
0.21029
0.15984
0.254873
0.172827
0.22
0.205
0.232
0.226
0.198702
0.182
0.174825
0.221778
0.214
0.176823
0.202
0.227159
0.233883
0.23365
0.188312
0.025987
0.0095
0.01
0.00549725
0.1585
0.0115
0.1705
0.248751
0.235382
0.185
0.188312
0.129242
0.126437
0.231384
0.187625
0.17973
0.223
0.0045
0.178
0.215
0.192904
0.225162
0.1905
0.241879
0.00599401
0.01
0.188
0.255
0.205295
0.0269865
0.156
0.224888
0.2025
0.265367
0.16034
0.1545
0.2525
0.265235
0.156922
0.122939
0.18091
0.21989
0.240759
0.194903
0.191904
0.170915
0.206793
0.235
0.218
0.162419
0.267866
0.261869
0.0195
0.1765
0.2355
0.212288
0.18513
0.2685
0.226773
0.197802
0.196803
0.236645
0.241758
0.1994
0.128936
0.175824
0.184316
0.201399
0.242
0.184224
0.195402
0.221778
0.245377
0.124
0.1565
0.2235
0.204398
0.223888
0.216
0.181909
0.268866
0.2205
0.209895
0.22028
0.225162
0.1755
0.017982
0.261108
0.158841
0.156922
0.142358
0.217391
0.1775
0.1999
0.007996
0.229156
0.213893
0.184408
0.204
0.219
0.203593
0.191309
0.233915
0.1815
0.188
0.233883
0.0065
0.167832
0.143928
0.178821
0.191
0.238
0.1895
0.190215
0.174
0.1994
0.254745
0.208687
0.192
0.252122
0.17982
0.1795
0.18041
0.1455
0.24026
0.0129611
0.185
0.213393
0.225162
0.210895
0.2
0.228386
0.201098
0.0134933
0.186907
0.191404
0.185721
0.206294
0.195804
0.166
0.0195
0.1855
0.195706
0.0089955
0.215892
0.0999001
0.238143
0.213393
0.206897
0.205897
0.1885
0.215285
0.22
0.209895
0.121
0.189905
0.197303
0.194805
0.222
0.202
0.134299
0.195804
0.223888
0.178411
0.191404
0.170744
0.17991
0.229042
0.206
0.156
0.0114943
0.204
0.094
0.15
0.188312
0.0154845
0.1994
0.230885
0.199
0.226161
0.22006
0.246
0.254373
0.170915
0.193613
0.22006
0.267
0.223665
0.2055
0.227886
0.271593
0.178233
0.181909
0.206
0.24026
0.188218
0.1585
0.171
0.0374813
0.1965
0.158421
0.207792
0.207293
0.225162
0.244
0.17
0.0105
0.1725
0.227772
0.151273
0.01
0.1285
0.018
0.267366
0.18513
0.184316
0.126437
0.208896
0.185
0.156
0.227273
0.0174913
0.213786
0.185721
0.212288
0.201399
0.224
0.193403
0.198203
0.2065
0.245509
0.236645
0.232651
0.225162
0.213
0.208687
0.189027
0.225
0.191
0.175824
0.215285
0.154
0.0055
0.233766
0.182227
0.186
0.0105
0.00699301
0.163836
0.18
0.178643
0.223388
0.191
0.198801
0.00449775
0.189311
0.16042
0.1575
0.1485
0.196304
0.0829585
0.195804
0.242
0.191808
0.152924
0.162338
0.174
0.1955
0.184408
0.2065
0.158841
0.1994
0.229
0.1775
0.227
0.1525
0.1835
0.172914
0.191404
0.234
0.176
0.181818
0.184224
0.191
0.153
0.209395
0.0544728
0.238
0.157
0.199
0.245877
0.247
0.142929
0.217891
0.209
0.198702
0.228386
0.01
0.244511
0.215285
0.195902
0.2405
0.1915
0.212894
0.0055
0.142429
0.212681
0.211
0.183816
0.240519
0.156922
0.194306
0.191
0.1955
0.187313
0.00549725
0.0109945
0.119321
0.008
0.1775
0.191
0.2085
0.0129805
0.204398
0.0045
0.09
0.0055
0.247
0.249251
0.229656
0.225387
0.242
0.203796
0.1845
0.242
0.204194
0.187625
0.213393
0.195
0.269365
0.227386
0.189311
0.244
0.165917
0.227772
0.218781
0.00848303
0.217891
0.1285
0.178
0.147426
0.1465
0.00599401
0.252122
0.194209
0.0114943
0.214
0.2265
0.222
0.0109945
0.218781
0.175912
0.221778
0.215892
0.189621
0.175824
0.167
0.227273
0.213
0.2045
0.226387
0.249875
0.213466
0.172914
0.186407
0.21197
0.21989
0.156922
0.2155
0.0294558
0.156266
0.2205
0.00998502
0.204398
0.162
0.144855
0.196402
0.185
0.1755
0.2095
0.17
0.0125
0.1475
0.2035
0.0065
0.2035
0.235764
0.246
0.222555
0.1905
0.252621
0.231
0.191617
0.190405
0.162
0.1775
0.237644
0.229885
0.16092
0.211
0.187
0.249126
0.171329
0.1725
0.227772
0.192807
0.2035
0.2125
0.171828
0.234
0.232384
0.1355
0.00947159
0.198401
0.238381
0.201
0.211394
0.204398
0.227386
0.1765
0.216892
0.215392
0.01
0.186813
0.177411
0.233766
0.197303
0.11944
0.169745
0.155267
0.15
0.201697
0.0999001
0.0095
0.175824
0.2375
0.229271
0.206
0.200799
0.206
0.2155
0.187406
0.1795
0.15984
0.14093
0.207
0.21
0.177411
0.191213
0.0095
0.213287
0.207293
0.155844
0.204194
0.185315
0.1845
0.0144855
0.174239
0.194209
0.206
0.182227
0.2125
0.182227
0.166
0.182817
0.207
0.173913
0.215285
0.150425
0.183408
0.143928
0.1305
0.18
0.1955
0.202
0.193903
0.193613
0.185
0.0829585
0.163
0.204
0.2035
0.0754623
0.215177
0.214893
0.1455
0.198203
0.238381
0.213893
0.0029985
0.0394803
0.1545
0.184224
0.190619
0.2415
0.017982
0.224276
0.245377
0.256244
0.2175
0.2165
0.209395
0.193613
0.216
0.2215
0.22666
0.02
0.223388
0.00899101
0.229
0.1965
0.135432
0.231153
0.184224
0.162
0.217782
0.152924
0.189905
0.211894
0.0169915
0.206
0.1895
0.152771
0.0119701
0.185
0.00998502
0.188811
0.208292
0.22006
0.20509
0.215
0.011982
0.0095
0.181228
0.2065
0.2165
0.211394
0.2245
0.1995
0.202899
0.223776
0.203898
0.201
0.142429
0.205295
0.250375
0.241895
0.189405
0.265235
0.2565
0.202
0.203297
0.196
0.226887
0.184908
0.223776
0.135
0.15
0.209685
0.0105
0.195902
0.2405
0.248751
0.0229885
0.0169915
0.206
0.151424
0.218
0.1725
0.192519
0.2115
0.18513
0.220779
0.21318
0.208687
0.1525
0.2165
0.229656
0.17991
0.208896
0.12032
0.215
0.009
0.1755
0.141429
0.15035
0.230385
0.1865
0.2085
0.208
0.006
0.164336
0.121
0.196902
0.2015
0.216892
0.172328
0.2325
0.199
0.187
0.202399
0.241379
0.153
0.241379
0.2075
0.0114943
0.178821
0.203796
0.169415
0.2015
0.231768
0.151273
0.188
0.1765
0.1705
0.1905
0.207396
0.209
0.202899
0.1285
0.211394
0.1999
0.202899
0.183908
0.1994
0.2075
0.169415
0.0069965
0.185
0.152771
0.2105
0.0154691
0.172827
0.163
0.2355
0.01
0.203
0.0085
0.175325
0.222555
0.2065
0.2335
0.191904
0.2002
0.237881
0.223277
0.006
0.19
0.257
0.00549176
0.159
0.213
0.186907
0.1905
0.226434
0.2135
0.1615
0.1755
0.234648
0.202899
0.178911
0.21989
0.174
0.241895
0.2065
0.173913
0.1997
0.122
0.1855
0.005997
0.206294
0.167
0.221889
0.209
0.23027
0.162837
0.144855
0.229271
0.258371
0.177323
0.0154845
0.201697
0.161919
0.189621
0.128308
0.2085
0.1725
0.207396
0.1815
0.0129805
0.208396
0.233766
0.2003
0.212894
0.231384
0.0129935
0.148204
0.185721
0.0164671
0.193806
0.184
0.234883
0.212394
0.186813
0.209
0.0215
0.177234
0.0544728
0.210395
0.203398
0.194805
0.11994
0.1975
0.145427
0.1585
0.0109945
0.2265
0.156922
0.2035
0.218891
0.254873
0.190905
0.219281
0.197303
0.208188
0.1305
0.0065
0.252374
0.00748877
0.185814
0.201597
0.184408
0.191904
0.21989
0.1905
0.184
0.185315
0.214
0.00549725
0.1998
0.01
0.011982
0.209
0.22
0.2405
0.171914
0.210895
0.246377
0.207293
0.193307
0.15
0.225
0.212
0.182318
0.203297
0.256244
0.249875
0.1145
0.1705
0.232535
0.11039
0.142358
0.150925
0.152924
0.151424
0.223888
0.190405
0.067966
0.1955
0.202696
0.213893
0.157
0.198
0.227386
0.229885
0.17982
0.206
0.23976
0.1725
0.203
0.197
0.217782
0.22089
0.197106
0.176647
0.128936
0.168164
0.185315
0.189405
0.22089
0.1999
0.202
0.183816
0.1905
0.2035
0.219
0.15
0.183408
0.134299
0.1975
0.0125
0.197
0.183724
0.2615
0.205295
0.189311
0.141429
0.121439
0.178821
0.22006
0.1865
0.1305
0.156922
0.171914
0.2015
0.155766
0.005997
0.182227
0.17033
0.187
0.194903
0.227
0.1455
0.0055
0.200699
0.168916
0.238
0.213287
0.227
0.229271
0.2035
0.21
0.1805
0.175
0.2265
0.184408
0.192807
0.0055
0.173
0.183225
0.2215
0.183225
0.2495
0.224
0.219281
0.1975
0.162675
0.199601
0.0055
0.1998
0.128308
0.006
0.167
0.201
0.007996
0.161
0.208896
0.2505
0.195402
0.2002
0.252
0.195804
0.0755
0.209
0.207
0.225887
0.0069965
0.232384
0.0164671
0.209685
0.01
0.249251
0.2015
0.2215
0.181818
0.224388
0.197802
0.0169915
0.213679
0.161919
0.248751
0.204
0.226387
0.267366
0.1975
0.2009
0.011
0.17982
0.151848
0.222278
0.164418
0.203297
0.1725
0.176735
0.185
0.234648
0.168831
0.2065
0.2255
0.1975
0.173
0.00949051
0.197703
0.226387
0.15984
0.199
0.1945
0.191404
0.0948577
0.194805
0.146281
0.228771
0.207086
0.2285
0.18032
0.198401
0.128936
0.147778
0.199
0.0105
0.135432
0.165417
0.177
0.2295
0.217891
0.1765
0.23679
0.0619381
0.183724
0.217673
0.241758
0.216892
0.223776
0.177411
0.143
0.199601
0.23
0.11994
0.169415
0.190405
0.17973
0.218891
0.154
0.204398
0.247
0.234765
0.238381
0.2165
0.235382
0.206088
0.184908
0.1465
0.192807
0.264368
0.218
0.178
0.134299
0.0215
0.0149925
0.164336
0.144928
0.00849575
0.217
0.0149925
0.127
0.173
0.2265
0.02
0.1685
0.15942
0.2785
0.1825
0.2175
0.202399
0.208396
0.18032
0.01
0.201597
0.230385
0.214
0.193903
0.203297
0.187
0.1825
0.191904
0.148703
0.245377
0.1795
0.21989
0.185721
0.1815
0.00849575
0.2005
0.196
0.01
0.0165
0.214
0.244
0.1994
0.1505
0.246877
0.190619
0.190714
0.1905
0.01
0.2065
0.012
0.2015
0.0075
0.214
0.183408
0.213786
0.195402
0.185
0.197
0.203297
0.208396
0.181
0.203
0.2275
0.1715
0.156
0.219
0.197106
0.18032
0.248627
0.193403
0.265235
0.008
0.175736
0.1555
0.162837
0.171
0.151924
0.218
0.150925
0.0124938
0.196402
0.18
0.184
0.2115
0.206397
0.21197
0.177
0.21029
0.2235
0.2265
0.17
0.192807
0.205794
0.142929
0.177733
0.185
0.161
0.223
0.018
0.245377
0.1525
0.241379
0.13943
0.0948577
0.171
0.168332
0.161
0.1575
0.265367
0.206
0.197802
0.2115
0.213393
0.234149
0.238881
0.2025
0.21
0.226887
0.1835
0.223888
0.210684
0.2245
0.191904
0.204194
0.189905
0.237881
0.22977
0.228771
0.016
0.181138
0.21989
0.1585
0.211
0.187718
0.1955
0.112
0.161
0.248876
0.150425
0.195
0.162419
0.0114885
0.1705
0.0144855
0.188406
0.201
0.006
0.18
0.220669
0.1805
0.22
0.2165
0.181228
0.221
0.2015
0.2002
0.2305
0.207896
0.175824
0.21939
0.191404
0.202399
0.194
0.2245
0.200699
0.1665
0.238
0.1925
0.214
0.229042
0.195
0.0575
0.147778
0.231768
0.2025
0.1815
0.206294
0.196
0.2305
0.223776
0.224775
0.226887
0.020979
0.0544728
0.190905
0.227159
0.211394
0.2155
0.223888
0.21
0.205295
0.291354
0.238143
0.00549176
0.238
0.208896
0.201
0.187
0.194403
0.227772
0.187406
0.2305
0.156422
0.231384
0.2075
0.15
0.1835
0.1725
0.197
0.252
0.246
0.1945
0.208396
0.190905
0.210395
0.18
0.2275
0.1485
0.216
0.218
0.166833
0.1865
0.218953
0.162675
0.167748
0.1115
0.213679
0.189
0.220669
0.178911
0.225887
0.182227
0.0049975
0.190619
0.219281
0.008
0.2002
0.174
0.1315
0.2245
0.22977
0.185907
0.178821
0.128936
0.203898
0.234266
0.058
0.00998502
0.241879
0.153769
0.153
0.195902
0.2355
0.185315
0.1985
0.0394803
0.008
0.201798
0.136932
0.167832
0.173
0.173
0.18
0.202797
0.2045
0.186907
0.238761
0.1865
0.234266
0.156922
0.247752
0.19012
0.213
0.197303
0.210895
0.167
0.186907
0.188906
0.23938
0.223665
0.00947159
0.0055
0.00699301
0.191309
0.1705
0.185
0.01
0.21
0.2575
0.0049975
0.0085
0.161
0.1745
0.0165
0.193
0.213
0.0154845
0.151
0.18091
0.19012
0.202399
0.161919
0.175824
0.183816
0.210789
0.146354
0.185407
0.211289
0.183816
0.223888
0.014
0.2145
0.0189715
0.214393
0.1994
0.266
0.209685
0.0114943
0.179321
0.188312
0.01
0.1685
0.23
0.2215
0.228
0.189
0.231
0.225162
0.178821
0.00599101
0.2005
0.22089
0.214393
0.234883
0.210895
0.198702
0.232767
0.17973
0.209895
0.201098
0.00549725
0.216
0.136432
0.1745
0.153
0.225887
0.228272
0.232036
0.159
0.170915
0.0095
0.241758
0.165417
0.241379
0.2035
0.203297
0.1075
0.217
0.2205
0.186314
0.1505
0.162
0.018
0.229885
0.186407
0.202
0.119321
0.2095
0.217891
0.2435
0.226887
0.1565
0.2305
0.196902
0.2295
0.1785
0.0169915
0.00698952
0.2004
0.217565
0.00599101
0.232535
0.235
0.0309227
0.1895
0.2045
0.142429
0.191404
0.2245
0.2305
0.206897
0.153
0.1835
0.0154691
0.118441
0.2035
0.1994
0.1315
0.161
0.189621
0.185
0.22006
0.192116
0.145
0.215784
0.262369
0.191404
0.195804
0.238881
0.224888
0.174239
0.1975
0.0399202
0.17941
0.204398
0.210395
0.176823
0.2685
0.248252
0.206897
0.206897
0.190905
0.236
0.221168
0.2115
0.164336
0.1465
0.179
0.194708
0.186907
0.0095
0.136932
0.191
0.138431
0.161
0.194708
0.164
0.178
0.193806
0.0964518
0.2135
0.15942
0.213893
0.1785
0.211788
0.201
0.235764
0.009
0.2135
0.203
0.213893
0.2105
0.184
0.17941
0.207293
0.153
0.22
0.1997
0.244755
0.1585
0.2115
0.201
0.016
0.1955
0.1715
0.236
0.2185
0.22017
0.0574713
0.2265
0.209291
0.221778
0.187406
0.188906
0.253992
0.225887
0.185
0.217955
0.229271
0.228771
0.1465
0.2055
0.2015
0.224888
0.229656
0.190215
0.2155
0.17973
0.2115
0.169415
0.0129611
0.0154691
0.2025
0.217955
0.165834
0.17941
0.2395
0.19
0.213466
0.22006
0.176735
0.0154691
0.150425
0.245509
0.0154845
0.167
0.1685
0.187406
0.015984
0.168916
0.0195
0.173826
0.213893
0.198401
0.148204
0.1585
0.248004
0.213
0.194
0.116384
0.162
0.183225
0.18041
0.2265
0.183816
0.197401
0.186813
0.228272
0.173913
0.209685
0.121
0.217891
0.186
0.1485
0.1485
0.197401
0.2265
0.186407
0.0855
0.2685
0.211
0.241
0.204194
0.204092
0.211
0.0055
0.19
0.197303
0.186907
0.188218
0.0394803
0.1695
0.224888
0.217391
0.185
0.2009
0.1865
0.204
0.1994
0.249875
0.22006
0.247
0.1765
0.17
0.226773
0.198
0.227659
0.2035
0.186314
0.00949525
0.18513
0.215285
0.17991
0.205897
0.210395
0.195402
0.239
0.1955
0.0154845
0.0249626
0.228886
0.208687
0.011988
0.209895
0.1825
0.00949051
0.225887
0.154923
0.156843
0.18041
0.2
0.2315
0.267866
0.222889
0.252122
