0.2405
0.183134
0.172827
0.183816
0.182409
0.175
0.237
0.209
0.112388
0.201798
0.149425
0.202298
0.222
0.1805
0.00698952
0.194403
0.1925
0.113
0.247
0.182409
0.122378
0.197204
0.21978
0.211394
0.216392
0.007
0.178322
0.2285
0.138362
0.19031
0.166833
0.171414
0.236146
0.208896
0.209975
0.225
0.190809
0.232884
0.23938
0.161258
0.248627
0.1945
0.2435
0.20669
0.218391
0.24088
0.233383
0.191404
0.2365
0.193307
0.206191
0.163
0.164418
0.1955
0.0144855
0.0085
0.170915
0.220669
0.164336
0.146927
0.197401
0.142429
0.201798
0.181909
0.225
0.181909
0.204
0.171
0.1495
0.176412
0.254
0.0765
0.191712
0.196902
0.1695
0.2165
0.217891
0.182409
0.147852
0.190619
0.153117
0.00449326
0.2025
0.182136
0.170915
0.213287
0.218391
0.122378
0.208896
0.185907
0.209186
0.162419
0.1335
0.196402
0.00649026
0.1875
0.222
0.167
0.1205
0.167
0.215285
0.201098
0.231269
0.1895
0.105894
0.218173
0.182409
0.244878
0.223388
0.212575
0.206191
0.183816
0.17
0.196402
0.246254
0.012
0.2405
0.176412
0.1945
0.182318
0.21029
0.132
0.161838
0.209
0.183225
0.012
0.185407
0.2235
0.216
0.132
0.161
0.00749625
0.193613
0.0134865
0.229885
0.007
0.00898652
0.204296
0.2035
0.251372
0.1725
0.164418
0.210395
0.209291
0.20669
0.176412
0.196402
0.148426
0.2655
0.162419
0.170829
0.0115
0.181909
0.0905
0.232884
0.145
0.191
0.17941
0.0034965
0.1705
0.18981
0.212394
0.2265
0.207896
0.191808
0.192
0.1075
0.0205
0.204693
0.172
0.1795
0.184408
0.208396
0.1755
0.1935
0.203796
0.00749251
0.003
0.0075
0.178322
0.150925
0.227159
0.190405
0.219
0.229
0.194403
0.141717
0.209895
0.188
0.0065
0.207
0.142429
0.203195
0.182409
0.17324
0.1555
0.125
0.2405
0.202899
0.0125
0.1495
0.0144855
0.203094
0.215392
0.218891
0.115942
0.0109945
0.184408
0.178322
0.0055
0.010989
0.207792
0.2495
0.157264
0.206897
0.139291
0.166334
0.226161
0.012
0.106947
0.178
0.161919
0.166251
0.182635
0.166917
0.137
0.056
0.1475
0.00349476
0.1835
0.135
0.2045
0.186314
0.15984
0.005997
0.188811
0.0214785
0.209895
0.0114943
0.245877
0.267366
0.182318
0.024975
0.216
0.127309
0.168
0.161919
0.215
0.17515
0.184316
0.007996
0.198203
0.205192
0.189
0.180819
0.162
0.212
0.152924
0.0185
0.008
0.161419
0.18672
0.0164753
0.118441
0.188
0.195402
0.277722
0.0055
0.1815
0.0205
0.2195
0.1845
0.00549451
0.0095
0.0765
0.201697
0.234
0.232651
0.188811
0.2715
0.183225
0.163418
0.1995
0.138431
0.2009
0.18091
0.1615
0.1895
0.1815
0.1885
0.21
0.173913
0.19031
0.174152
0.168416
0.18981
0.178
0.1935
0.1725
0.19031
0.2055
0.220669
0.225
0.115942
0.18
0.168416
0.1995
0.01
0.209
0.177911
0.2145
0.0125
0.226
0.163337
0.159
0.233383
0.0304695
0.203694
0.2155
0.193613
0.17
0.142715
0.189
0.220669
0.216
0.26
0.135932
0.0055
0.17
0.226887
0.177234
0.097354
0.145
0.227772
0.221279
0.199201
0.24088
0.195902
0.214
0.0154923
0.145
0.19
0.2155
0.24088
0.0125
0.1615
0.0105
0.229885
0.172827
0.161919
0.237381
0.182136
0.183816
0.155
0.263868
0.157264
0.152424
0.155766
0.197605
0.243
0.209186
0.212
0.148352
0.0105
0.218391
0.178732
0.165917
0.0125
0.232
0.263868
0.228272
0.162
0.00898652
0.1555
0.170915
0.176412
0.237881
0.006
0.231384
0.237881
0.187406
0.1725
0.181909
0.073963
0.008
0.2105
0.191
0.171
0.1665
0.1905
0.187406
0.18672
0.197
0.171414
0.142786
0.156922
0.2155
0.233383
0.171329
0.192
0.207585
0.238
0.167
0.159
0.2165
0.25
0.1725
0.015
0.214
0.142857
0.246377
0.194403
0.168916
0.225
0.226
0.202
0.17991
0.0294705
0.248627
0.0904548
0.177911
0.176
0.228386
0.162257
0.212076
0.0055
0.191904
0.187406
0.190809
0.184408
0.115942
0.161258
0.247
0.252248
0.1975
0.198702
0.0065
0.146354
0.008
0.2095
0.232
0.194805
0.169415
0.0244878
0.210684
0.23988
0.17991
0.1665
0.251874
0.00799201
0.216284
0.209895
0.234383
0.1945
0.198203
0.2035
0.187406
0.1325
0.140789
0.191617
0.182
0.228386
0.2375
0.231384
0.0085
0.233383
0.201299
0.170829
0.232651
0.1855
0.189905
0.228
0.149
0.18672
0.156922
0.00249626
0.224
0.210684
0.233267
0.175912
0.174413
0.189715
0.164418
0.162
0.176412
0.205192
0.2085
0.142715
0.21029
0.1595
0.213679
0.167
0.194
0.00748877
0.1225
0.209395
0.167
0.00849575
0.203694
0.2095
