0.158
0.154
0.153423
0.122255
0.0149925
0.169492
0.182726
0.0114943
0.1195
0.149
0.144928
0.195402
0.00749625
0.158
0.163418
0.155766
0.17
0.0424575
0.173327
0.0139651
0.1785
0.1855
0.196
0.1115
0.1145
0.1745
0.141
0.152
0.0689655
0.113443
0.192404
0.186813
0.194
0.117882
0.0564718
0.150849
0.172
0.183317
0.172655
0.1765
0.13037
0.16
0.131868
0.1225
0.0389805
0.18672
0.158762
0.16
0.152771
0.0929071
0.163
0.00599401
0.141429
0.144356
0.1445
0.15327
0.1665
0.137862
0.159261
0.141
0.182
0.14
0.1525
0.175062
0.157921
0.1795
0.161
0.113886
0.128372
0.061
0.190405
0.027
0.192404
0.0374625
0.0205
0.161178
0.127246
0.121939
0.136932
0.132867
0.121939
0.167832
0.1365
0.15519
0.13993
0.1055
0.201
0.112
0.1125
0.2185
0.189311
0.143357
0.162919
0.0269596
0.139291
0.167832
0.144
0.204795
0.186314
0.129805
0.1595
0.182
0.171414
0.1995
0.0254618
0.005997
0.012
0.146354
0.189905
0.134
0.21029
0.141429
0.11994
0.1525
0.113443
0.1245
0.142
0.142
0.179551
0.047952
0.125437
0.132
0.1495
0.162919
0.14521
0.172
0.173653
0.171
0.144928
0.121
0.175474
0.151924
0.168248
0.1395
0.00549725
0.115826
0.1655
0.114885
0.1535
0.1615
0.162
0.132
0.132368
0.169915
0.1445
0.143285
0.124875
0.156922
0.1605
0.18023
0.0109945
0.043
0.114
0.12681
0.0723553
0.16
0.108337
0.195902
0.139361
0.138861
0.171329
0.168416
0.121257
0.1325
0.144928
0.00349825
0.128436
0.164918
0.172414
0.0085
0.00748877
0.154269
0.15327
0.1715
0.151
0.173413
0.195902
0.196402
0.138293
0.125
0.0849575
0.106447
0.0274725
0.155844
0.139
0.134
0.1665
0.0599101
0.018
0.11982
0.121939
0.164254
0.1975
0.112944
0.1355
0.176912
0.006
0.1515
0.0599101
0.173913
0.196
0.011994
0.124438
0.0349476
0.0109945
0.095952
0.00749625
0.136
0.118822
0.187406
0.164254
0.188717
0.192615
0.151273
0.0424363
0.124438
0.1255
0.17
0.0374625
0.105447
0.170915
0.0514486
0.006
0.0134933
0.0855
0.1295
0.149276
0.106447
0.1785
0.173327
0.1635
0.134
0.1965
0.017991
0.155922
0.161838
0.1585
0.0929071
0.132
0.154269
0.150849
0.128436
0.1165
0.171742
0.0894553
0.139
0.013979
0.18981
0.035
0.16675
0.00549451
0.0115
0.1295
0.133
0.14678
0.1925
0.108
0.0104948
0.0169661
0.18672
0.017973
0.006
0.0824588
0.011982
0.163
0.0435
0.0414585
0.122
0.191309
0.167416
0.1635
0.13943
0.1855
0.1425
0.104948
0.171
0.0105
0.139
0.102949
0.111944
0.164
0.194403
0.1635
0.173154
0.114943
0.178911
0.1085
0.154
0.172914
0.186813
0.199
0.015
0.139
0.137931
0.169915
0.124438
0.0673989
0.221168
0.165
0.1015
0.142
0.223277
0.1245
0.1705
0.181
0.009
0.1325
0.135864
0.1525
0.0124875
0.149925
0.162338
0.0985
0.1155
0.136
0.152424
0.163
0.158342
0.0175
0.161838
0.156344
0.1505
0.1155
0.187406
0.139
0.187906
0.194403
0.095952
0.118
0.1545
0.1705
0.013979
0.223277
0.021967
0.0894553
0.161919
0.0855
0.130935
0.134366
0.175474
0.017991
0.132801
0.151
0.174239
0.147279
0.162
0.008
0.173067
0.007
0.18023
0.153347
0.16034
0.18672
0.106786
0.133933
0.15942
0.1625
0.1265
0.167832
0.104948
0.146
0.152695
0.173327
0.155
0.183408
0.136432
0.157921
0.0114943
0.161919
0.1475
0.0154768
0.1155
0.0224775
0.0514486
0.165
0.04
0.171329
0.0915
0.188
0.0235
0.144928
0.168332
0.1425
0.16034
0.146354
0.136932
0.1305
0.125312
0.007
0.1475
0.111832
0.170915
0.155922
0.223277
0.148
0.197
0.1855
0.1645
0.126437
0.186314
0.1455
0.146354
0.116442
0.102949
0.139291
0.199301
0.169
0.167
0.1365
0.128308
0.125312
0.1555
0.0174913
0.00999001
0.108446
0.174326
0.152695
0.132368
0.166417
0.142929
0.192
0.021989
0.0985
0.130935
0.164753
0.14093
0.153347
0.134433
0.144783
0.108946
0.173826
0.162919
0.178
0.145355
0.0114943
0.1535
0.109445
0.177411
0.136432
0.0599101
0.0712861
0.186407
0.184316
0.14985
0.188
0.164918
0.0793017
0.221389
0.1735
0.1355
0.104948
0.178322
0.1765
0.027
0.009995
0.176647
0.129935
0.137931
0.171414
0.148
0.1135
0.196
0.152847
0.114885
0.112444
0.124
0.135365
0.1475
0.153769
0.1065
0.033966
0.167
0.171914
0.164
0.169415
0.135432
0.174239
0.00949051
0.111944
0.16
0.1955
0.167416
0.163
0.132735
0.162
0.169745
0.132801
0.0224775
0.0794603
0.223277
0.118441
0.1635
0.118822
0.182409
0.199
0.130935
0.008
0.188406
0.143856
0.026
0.157842
0.17
0.0114656
0.124251
0.128436
0.007
0.0769615
0.109
0.112
0.13979
0.157606
0.106893
0.0085
0.1645
0.0095
0.1735
0.1825
0.164671
0.154269
0.159
0.156
0.1335
0.16042
0.0778055
0.134433
0.104948
0.189
0.171414
0.0204898
0.152847
0.1795
0.1645
0.208896
0.160679
0.175474
0.133933
0.1045
0.128871
0.179321
0.165751
0.0069965
0.0369815
0.131172
0.132
0.0609086
0.1675
0.183
0.152272
0.106893
0.108782
0.1285
0.108946
0.151273
0.113943
0.133433
0.0712861
0.141359
0.0349476
0.137931
0.189311
0.187906
0.14678
0.175474
0.147778
0.18672
0.200699
0.1585
0.0095
0.0405
0.141429
0.1825
0.016
0.198
0.1055
0.170915
0.161919
0.146
0.148352
0.2045
0.122
0.166417
0.158
0.0844578
0.0224775
0.132934
0.148
0.0194805
0.0115
0.0125
0.1775
0.113443
0.185
0.1705
0.139
0.156
0.1495
0.1565
0.130435
0.194
0.00449326
0.185407
0.151772
0.144928
0.1755
0.0314843
0.118822
0.1225
0.1545
0.155611
0.181
0.132801
0.163836
0.145781
0.135432
0.118
0.177411
0.121817
0.16
0.196206
0.0973054
0.151924
0.162419
0.1755
0.17
0.128372
0.136364
0.162338
0.121318
0.1585
0.1535
0.190215
0.1015
0.0105
0.111888
0.180639
0.121439
0.147353
0.178911
0.155422
0.175
0.1395
0.1445
0.1425
0.170415
0.0124875
0.190905
0.158342
0.0125
0.1475
0.192
0.1395
0.117441
0.137
0.189311
0.166
0.0114656
0.015984
0.18091
0.1765
0.170415
0.174326
0.196206
0.151772
0.12681
0.208687
0.1785
0.176912
0.163
0.153923
0.135432
0.161
0.135432
0.102
0.154269
0.1805
0.0085
0.1705
0.0114943
0.192404
0.175736
0.194
0.13979
0.158342
0.155922
0.132735
0.1595
0.155
0.0998502
0.167
0.156922
0.093
0.0154923
0.194
0.168831
0.010479
0.0795
0.0205
0.108392
0.135729
0.173413
0.1355
0.178322
0.146853
0.171
0.157421
0.1525
0.0185
0.18672
0.1035
0.156
0.185407
0.15
0.133866
0.128308
0.167916
0.052
0.170415
0.187406
0.0274725
0.173067
0.158421
0.176412
0.127936
0.182
0.0964036
0.196
0.1535
0.00549725
0.0689655
0.00749625
0.145636
0.167333
0.108946
0.00649026
0.0174738
0.116442
0.148278
0.101
0.129935
0.144356
0.0139721
0.1285
0.157264
0.1355
0.178821
0.009
0.15992
0.177
0.157
0.108946
0.1975
0.111
0.155611
0.002997
0.091
0.093
0.136932
0.173327
0.0104895
0.135
0.1095
0.135
0.1975
0.017
0.142358
0.005997
0.185
0.104895
0.112
0.0955
0.152847
0.138293
0.167916
0.1715
0.116825
0.11994
0.197703
0.1705
0.0424575
0.133
0.0125
0.117441
0.147353
0.171
0.0875
0.0105
0.102398
0.0794603
0.027
0.006
0.178821
0.106947
0.0998502
0.117823
0.154923
0.1555
0.129435
0.176
0.170415
0.0514486
0.1545
0.188
0.00698952
0.131868
0.1115
0.00698952
0.1585
0.0085
0.174413
0.0105
0.116442
0.132
0.195902
0.0164835
0.136932
0.1495
0.179551
0.1535
0.152
0.1355
0.16092
0.127936
0.164
0.116766
0.122939
0.13037
0.00549725
0.165417
0.0125
0.114271
0.0754623
0.156422
0.07
0.158921
0.181818
0.1015
0.1475
0.117441
0.13943
0.147353
0.169
0.0875
0.143
0.139
0.175412
0.137931
0.171828
0.191309
0.174913
0.143
0.147926
0.185315
0.136863
0.186813
0.108392
0.107892
0.0169915
0.013
0.108392
0.007996
0.118441
0.1645
0.0324351
0.12
0.157921
0.163
0.130305
0.129242
0.1545
0.1295
0.168916
0.025
0.187406
0.138653
0.152847
0.011
0.16042
0.157685
0.0095
0.141
0.131802
0.1605
0.118822
0.170915
0.170415
0.00749625
0.134
0.143856
0.173913
0.187906
0.0145
0.068
0.1495
0.125312
0.1035
0.035
0.153117
0.148
0.153117
0.178911
0.033
0.1375
0.009
0.1845
0.169162
0.139
0.1715
0.173154
0.183317
0.1425
0.150925
0.1115
0.168831
0.147778
0.17991
0.19
0.14043
0.170415
0.108337
0.165834
0.0405
0.150275
0.169915
0.134433
0.172
0.0289855
0.1425
0.158263
0.186314
0.150425
0.1755
0.153347
0.0874563
0.12032
0.1305
0.0125
0.132801
0.1775
0.104948
0.108782
0.0408978
0.192404
0.184224
0.177411
0.172
0.1995
0.12987
0.009995
0.163418
0.154768
0.1055
0.104
0.1855
0.15942
0.148
0.161
0.164
0.161919
0.026
0.152
0.0095
0.017
0.03
0.141359
0.178911
0.138861
0.0754623
0.175736
0.1565
0.1225
0.171914
0.0395
0.171742
0.157763
0.122439
0.1835
0.1445
0.145427
0.0184908
0.208791
0.145355
0.170915
0.174825
0.17
0.118
0.00698952
0.163
0.1895
0.0855
0.1475
0.148352
0.011
0.152695
0.1785
0.1495
0.135365
0.112
0.1675
0.158762
0.185315
0.1835
0.0304848
0.0805
0.135365
0.1305
0.0075
0.175
0.163836
0.121439
0.118
0.136
0.007996
0.168
0.1055
0.185315
0.167916
0.157685
0.161919
0.0855
0.16034
0.172
0.1775
0.053973
0.136432
0.169745
0.18005
0.138861
0.0314685
0.0125
0.147926
0.1425
0.116442
0.1505
0.171828
0.15327
0.138431
0.00998004
0.13979
0.171
0.144356
0.149276
0.185407
0.1745
0.151
0.0349476
0.17
0.164
0.1465
0.185407
0.093
0.128678
0.1625
0.04
0.132
0.162
0.138293
0.166417
0.157264
0.177822
0.148
0.0109945
0.142929
0.185814
0.1715
0.183408
0.146927
0.152196
0.167
0.144928
0.125
0.131434
0.038
0.1175
0.106893
0.0909091
0.11
0.127246
0.198901
0.204898
0.155922
0.163
0.0304848
0.122255
0.178821
0.118822
0.129805
0.145355
0.11982
0.136932
0.151924
0.14093
0.1155
0.033
0.15942
0.1325
0.163673
0.164918
0.144
0.1525
0.144783
0.0095
0.0878682
0.00949051
0.117265
0.1145
0.0144855
0.0824588
0.122
0.165335
0.1045
0.0564718
0.155922
0.0069965
0.164254
0.136932
0.112944
0.139
0.0149925
0.161
0.0095
0.011982
0.170915
0.150275
0.007996
0.168916
0.184224
0.148926
0.107446
0.1245
0.167
0.126
0.1175
0.1245
0.157421
0.0095
0.192904
0.129805
0.1675
0.155844
0.174913
0.108782
0.017973
0.201
0.168831
0.1405
0.122939
0.16026
0.109281
0.196902
0.162
0.156765
0.151424
0.0673989
0.145709
0.168416
0.191904
0.104895
0.195402
0.0585
0.106947
0.01
0.198401
0.145355
0.128807
0.106947
0.161
0.188
0.151772
0.1095
0.138293
0.108337
0.122439
0.175062
0.119321
0.1895
0.142
0.1635
0.108946
0.153
0.118881
0.182
0.139
0.166417
0.167
0.141
0.1665
0.165335
0.104895
0.181
0.151772
0.0965
0.118822
0.012
0.11994
0.1705
0.167916
0.1135
0.163754
0.19031
0.185315
0.168248
0.177234
0.150925
0.164835
0.104948
0.0095
0.0125
0.176
0.142857
0.13979
0.1615
0.0085
0.18672
0.142287
0.14093
0.135729
0.185
0.205295
0.083958
0.117823
0.104895
0.186
0.108337
0.153423
0.0454773
0.149202
0.2
0.0114943
0.182409
0.14093
0.154269
0.0109945
0.0958562
0.1425
0.127936
0.1425
0.021967
0.1205
0.104
0.0304848
0.154
0.0395
0.061
0.131868
0.011
0.013
0.132934
0.157421
0.1775
0.1355
0.00749625
0.0454773
0.18672
0.0965
0.161919
0.114
0.126437
0.1515
0.161178
0.163918
0.023988
0.146354
0.1715
0.177
0.1975
0.1675
0.145781
0.00549725
0.181
0.163418
0.177323
0.2
0.174913
0.171657
0.181
0.167916
0.162
0.163836
0.132
0.138431
0.0474763
0.166168
0.18981
0.150275
0.166417
0.197
0.1155
0.138931
0.137226
0.102897
0.013979
0.175237
0.1805
0.164835
0.148352
0.142358
0.167416
0.137931
0.123315
0.1265
0.155
0.1835
0.0095
0.128871
0.097
0.167832
0.221389
0.138653
0.006
0.0125
0.14036
0.149925
0.149202
0.112887
0.136
0.138861
0.156
0.191904
0.1365
0.1815
0.134
0.124875
0.143357
0.164
0.1225
0.133866
0.145427
0.176
0.211394
0.156344
0.0524214
0.1485
0.181319
0.177822
0.0135
0.1225
0.177733
0.1095
0.189905
0.134
0.146281
0.166917
0.102398
0.0089955
0.189405
0.168
0.128
0.1645
0.135297
0.138653
0.1785
0.144
0.1155
0.16983
0.128678
0.127872
0.0509745
0.149
0.1585
0.146707
0.083958
0.133
0.18023
0.178911
0.1635
0.1205
0.143856
0.104895
0.1535
0.011
0.1265
0.016
0.1895
0.1475
0.0114943
0.0314685
0.1605
0.176
0.0769615
0.01999
0.134
0.173913
0.1365
0.0104843
0.164
0.19
0.164
0.114271
0.173154
0.0134865
0.183317
0.178
0.0994006
0.007
0.178911
0.134433
0.00349825
0.152847
0.151848
0.031984
0.166
0.1905
0.15942
0.129242
0.173739
0.1445
0.0224775
0.1245
0.0344828
0.138224
0.0095
0.152
0.009995
0.009
0.1825
0.172242
0.124438
0.132735
0.193
0.152
0.195902
0.143
0.186
0.16
0.156344
0.203297
0.1655
0.168332
0.161919
0.074
0.109281
0.114885
0.151
0.1835
0.0245
0.163418
0.108
0.154269
0.167
0.00749251
0.125375
0.047
0.1755
0.151047
0.0894553
0.212894
0.1735
0.0589705
0.147
0.0085
0.161919
0.0408978
0.1555
0.105447
0.15
0.1505
0.164918
0.016
0.0135
0.187906
0.102449
0.129242
0.045954
0.1485
0.211394
0.183908
0.183408
0.132867
0.15942
0.175325
0.151
0.1825
0.129935
0.1575
0.11
0.101796
0.083958
0.136364
0.142929
0.152196
0.018
0.102
0.00949051
0.125
0.146281
0.155611
0.171657
0.009
0.18041
0.1065
0.129435
0.138224
0.1665
0.0958562
0.0585
0.163673
0.125437
0.0998502
0.155
0.137862
0.0155
0.129242
0.152
0.1605
0.139152
0.148926
0.135729
0.116766
0.0993014
0.173067
0.162
0.160679
0.011477
0.1555
0.1635
0.138431
0.1945
0.151772
0.164835
0.0109945
0.1445
0.122255
0.135432
0.01
0.121439
0.135
0.049975
0.152695
0.200699
0.144928
0.152847
0.01999
0.108946
0.0408978
0.153423
0.00949525
0.1645
0.151848
0.12987
0.170915
0.18672
0.149202
0.169915
0.1355
0.1015
0.133933
0.150849
0.141359
0.0974513
0.1865
0.141288
0.185
0.027
0.0234648
0.183317
0.0703944
0.14036
0.186907
0.164418
0.123
0.0134865
0.137
0.170915
0.0285
0.164
0.153846
0.144928
0.147
0.153347
0.169415
0.180729
0.017973
0.162919
0.105947
0.0374625
0.152348
0.1705
0.136364
0.0109945
0.189905
0.0964036
0.136432
0.052
0.117
0.15992
0.135432
0.158921
0.163418
0.04
0.194
0.1545
0.152
0.1585
0.154
0.007996
0.177911
0.136364
0.188406
0.159
0.197
0.096
0.00998004
0.204398
0.161919
0.177411
0.00649026
0.0275
0.171914
0.1445
0.142786
0.158
0.031968
0.129435
0.145781
0.19
0.146281
0.01
0.156
0.1485
0.152924
0.015
0.1705
0.211183
0.136863
0.01999
0.187906
0.185
0.107946
0.195
0.152
0.0134865
0.167
0.151047
0.1605
0.152272
0.149276
0.0125
0.114
0.17982
0.167832
0.133433
0.177822
0.0264735
0.111832
0.174825
0.1004
0.03
0.177822
0.1355
0.008
0.00549725
0.19
0.00698952
0.045954
0.176412
0.017973
0.1555
0.192904
0.072
0.159
0.1225
0.157421
0.108446
0.095952
0.0085
0.1905
0.182
0.166
0.154923
0.146354
0.1225
0.0734266
0.154423
0.155
0.125375
0.155345
0.134433
0.13993
0.1275
0.187906
0.132934
0.1585
0.151924
0.149425
0.126937
0.138224
0.1365
0.00749251
0.138293
0.133866
0.1375
0.111888
0.171
0.005997
0.107946
0.177
0.174413
0.185407
0.163836
0.130435
0.157685
0.128436
0.1695
0.117441
0.135796
0.1185
0.137
0.1635
0.0124875
0.179551
0.162
0.118822
0.107946
0.173154
0.206793
0.013979
0.124875
0.021989
0.176412
0.1115
0.1835
0.176
0.205295
0.185
0.187406
0.183908
0.107892
0.139
0.146707
0.1095
0.0965
0.1205
0.152
0.0174913
0.121318
0.187406
0.0869565
0.146354
0.0524214
0.0454773
0.0805
0.141929
0.117441
0.203297
0.1515
0.150699
0.128372
0.0095
0.132801
0.0564718
0.1835
0.133799
0.1635
0.163418
0.1015
0.141429
0.131868
0.114943
0.163
0.0964036
0.190905
0.171
0.1175
0.115826
0.185907
0.131303
0.157685
0.183408
0.1455
0.124438
0.178
0.1905
0.1635
0.135432
0.174326
0.185907
0.122317
0.00749625
0.1895
0.1805
0.14
0.151848
0.142
0.163418
0.0995
0.093
0.166417
0.0285
0.12681
0.15942
0.190714
0.031984
0.163418
0.114
0.0324838
0.101796
0.204
0.111944
0.087956
0.127246
0.136364
0.182409
0.1675
0.174825
0.197
0.162
0.1735
0.1975
0.127872
0.142786
0.1275
0.0224663
0.1785
0.0169661
0.167333
0.1705
0.1715
0.012987
0.123315
0.199301
0.1245
0.174326
0.141929
0.163418
0.134366
0.1395
0.143
0.181909
0.203297
0.0109945
0.16
0.0795
0.1805
0.1715
0.128936
0.131303
0.0878682
0.187406
0.0135
0.127872
0.132
0.1095
0.0965
0.141429
0.1265
0.137
0.145781
0.186907
0.170829
0.1445
0.174413
0.132867
0.1605
0.0549176
0.173913
0.168
0.1965
0.111444
0.127936
0.150925
0.173413
0.132
0.142786
0.137
0.008
0.169492
0.167832
0.0599101
0.185
0.113387
0.204898
0.163836
0.185907
0.174239
0.161
0.183408
0.121439
0.167916
0.16042
0.166833
0.150925
0.163418
0.124438
0.1425
0.157264
0.16042
0.104895
0.1205
0.127872
0.0915
0.14985
0.147778
0.137862
0.148926
0.128
0.170829
0.1055
0.114885
0.157685
0.211394
0.186
0.1055
0.008
0.137862
0.145282
0.0235
0.128
0.142929
0.1905
0.037
0.170415
0.155345
0.1755
0.00399401
0.007
0.14
0.0139721
0.011988
0.172242
0.176735
0.135
0.162
0.158
0.063
0.13523
0.151
0.142929
0.178
0.1805
0.130935
0.109281
0.170415
0.1335
0.150925
0.106447
0.190905
0.175912
0.176412
0.1995
0.1955
0.167
0.194805
0.170415
0.14985
0.1245
0.187313
0.1955
0.029
0.150275
0.189905
0.0958562
0.1735
0.153923
0.01999
0.1475
0.114271
0.154269
0.132867
0.1415
0.170915
0.143856
0.136932
0.0985
0.164918
0.118
0.176912
0.150425
0.176912
0.203297
0.021967
0.142857
0.164
0.109
0.122939
0.064
0.176912
0.170415
0.16
0.18023
0.1945
0.146281
0.167916
0.1615
0.185
0.152
0.195902
0.163418
0.136432
0.009995
0.151924
0.132934
0.0234648
0.0635
0.114
0.1245
0.1775
0.0855
0.106893
0.016
0.150849
