0.203094
0.2165
0.216892
0.05997
0.2495
0.187406
0.2515
0.224276
0.2295
0.2045
0.276224
0.256116
0.153616
0.225887
0.237762
0.220669
0.235882
0.18032
0.228886
0.212394
0.0204898
0.224
0.00649675
0.0164753
0.250749
0.00449775
0.25974
0.196402
0.167916
0.251623
0.187406
0.164918
0.00599401
0.181138
0.2465
0.212894
0.2205
0.201399
0.223388
0.2225
0.188811
0.26087
0.1995
0.234266
0.173913
0.01
0.2355
0.2015
0.184408
0.1085
0.2505
0.230385
0.214179
0.236
0.204398
0.215
0.0444778
0.254373
0.148926
0.012475
0.2365
0.224888
0.192116
0.237762
0.231384
0.251874
0.00449775
0.00948577
0.238404
0.016983
0.18032
0.224
0.1655
0.202899
0.1735
0.269865
0.231
0.217782
0.2285
0.150425
0.215
0.197901
0.01
0.232884
0.197703
0.2355
0.123938
0.241879
0.202797
0.177911
0.1795
0.23938
0.00847458
0.231
0.255
0.1333
0.221168
0.229156
0.207189
0.2025
0.185222
0.0214893
0.208896
0.0065
0.21967
0.183408
0.232884
0.177
0.211894
0.201399
0.237881
0.236382
0.2535
0.005997
0.2055
0.206397
0.2105
0.2655
0.2525
0.187313
0.147426
0.187313
0.2265
0.208188
0.256487
0.229
0.212
0.0095
0.247
0.26
0.007
0.184132
0.19
0.208188
0.1825
0.241879
0.203398
0.255245
0.19
0.2355
0.0169915
0.244633
0.151772
0.185907
0.22039
0.201899
0.184316
0.2865
0.234
0.188
0.1835
0.195305
0.215784
0.189
0.0095
0.2465
0.207792
0.233
0.217391
0.241
0.208396
0.214893
0.1605
0.2125
0.271593
0.229
0.218672
0.244511
0.236
0.2005
0.223388
0.222666
0.161919
0.187313
0.2505
0.177911
0.233
0.223277
0.26
0.180729
0.192711
0.0095
0.225887
0.004
0.008
0.187406
0.1835
0.189905
0.183408
0.218282
0.0189715
0.245877
0.165751
0.007
0.2305
0.224775
0.2165
0.228158
0.229156
0.255245
0.171914
0.177911
0.2235
0.269096
0.215892
0.229385
0.19
0.163918
0.2205
0.192404
0.238881
0.224
0.0229885
0.258871
0.223388
0.207792
0.205295
0.237762
0.227273
0.013986
0.224888
0.194611
0.216176
0.209291
0.205397
0.270865
0.229
0.183633
0.2215
0.011
0.192308
0.226274
0.243135
0.207792
0.194306
0.198901
0.251
0.163337
0.1685
0.218282
0.214179
0.236882
0.22028
0.224276
0.207396
0.21939
0.209291
0.20669
0.182726
0.203195
0.23027
0.234648
0.206587
0.250375
0.26
0.228386
0.19031
0.2225
0.0025
0.191
0.225
0.198901
0.203694
0.233383
0.198
0.212861
0.0214893
0.2295
0.226274
0.2355
0.21
0.198302
0.0109835
0.251874
0.0169745
0.228158
0.0044955
0.1955
0.242379
0.216892
0.193403
0.25974
0.233
0.196402
0.208188
0.228543
0.254745
0.2285
0.196304
0.0124938
0.193403
0.17982
0.157842
0.196902
0.247376
0.17991
0.208791
0.249126
0.212894
0.2215
0.22977
0.2655
0.224663
0.221
0.201899
0.188811
0.1845
0.2055
0.206587
0.2145
0.252374
0.261738
0.243513
0.2285
0.1333
0.223
0.216392
0.212
0.242379
0.217391
0.175
0.232268
0.242379
0.00749625
0.213287
0.2055
0.01
0.2835
0.199
0.005
0.224775
0.243756
0.208791
0.235
0.189
0.212394
0.194
0.269096
0.0105
0.165751
0.2095
0.217782
0.210395
0.2195
0.1685
0.214179
0.1955
0.2325
0.184908
0.0109835
0.00499251
0.244
0.2125
0.221279
0.1265
0.178411
0.255372
0.227
0.233
0.1705
0.1745
0.177411
0.208687
0.234648
0.244
0.223388
0.1975
0.233
0.177
0.016983
0.171414
0.169331
0.236882
0.189
0.210579
0.1835
0.243513
0.23365
0.196402
0.211894
0.246
0.229385
0.2065
0.207189
0.236264
0.22028
0.2245
0.166917
0.00949525
0.216392
0.2065
0.23938
0.219
0.226387
0.212394
0.20669
0.181909
0.202298
0.2285
0.2335
0.207
0.234648
0.224888
0.236146
0.171
0.2255
0.251249
0.207
0.0085
0.2365
0.202
0.237881
0.2615
0.196
0.110889
0.192807
0.222
0.2
0.169745
0.166917
0.255372
0.197303
0.242379
0.178411
0.224388
0.2215
0.193403
0.154423
0.251623
0.174326
0.223665
0.197802
0.275
0.223388
0.253
0.227
0.2075
0.197
0.261738
0.240759
0.21
0.2615
0.05997
0.211289
0.226387
0.221389
0.23027
0.232
0.236645
0.2065
0.227386
0.208
0.174
0.248376
0.191904
0.227046
0.1655
0.208396
0.222
0.2575
0.0104948
0.224
0.227
0.2425
0.189311
0.262238
0.2685
0.166417
0.198801
0.2085
0.218781
0.247
0.216892
0.236028
0.220669
0.214893
0.151924
0.172328
0.228886
0.210395
0.1865
0.222
0.208396
0.24
0.241379
0.231653
0.0105
0.183408
0.167
0.224551
0.224888
0.188811
0.242258
0.23503
0.24
0.249126
0.005997
0.177822
0.207396
0.25
0.24975
0.210789
0.249252
0.196902
0.261738
0.202399
0.238881
0.2195
0.205295
0.204693
0.167416
0.236264
0.1955
0.2615
0.208396
0.2195
0.268098
0.231038
0.2095
0.279441
0.236763
0.169162
0.192308
0.225887
0.208896
0.253247
0.264868
0.2525
0.18
0.169
0.005
0.2155
0.192404
0.254745
0.2155
0.0109835
0.224888
0.227772
0.234648
0.011994
0.223776
0.183816
0.24663
0.227772
0.2145
0.208396
0.2575
0.2004
0.146
0.2055
0.1985
0.204296
0.00898652
0.216392
0.277
0.202
0.205295
0.2595
0.216892
0.214286
0.258871
0.218
0.2125
0.2195
0.214678
0.252
0.2465
0.2295
0.192212
0.205897
0.21029
0.21939
0.212575
0.166417
0.237881
0.217391
0.23988
0.016983
0.241
0.2485
0.221889
0.268597
0.2275
0.2155
0.1994
0.0204898
0.211
0.2535
0.19031
0.228272
0.00998004
0.244
0.0134933
0.224276
0.0069965
0.230769
0.214893
0.217391
0.203398
0.2375
0.249
0.2365
0.2365
0.251874
0.1895
0.248128
0.238881
0.18
0.214393
0.247752
0.298053
0.0144855
0.236763
0.223
0.227886
0.197
0.18041
0.208396
0.2375
0.2245
0.262737
0.00649675
0.2155
0.256615
0.262606
0.212894
0.231884
0.185907
0.0095
0.233267
0.2505
0.215892
0.2045
0.173327
0.232884
0.233915
0.1994
0.1465
0.187906
0.194
0.207
0.226387
0.221279
0.223776
0.2575
0.1905
0.220948
0.1605
0.267866
0.22028
0.24026
0.209895
0.250375
0.205691
0.243378
0.00849151
0.172
0.196402
0.123938
0.26087
0.2575
0.2115
0.220669
0.173413
0.21
0.228886
0.227
0.203694
0.236882
0.161
0.229385
0.1795
0.212894
0.192807
0.25974
0.228886
0.207792
0.21
0.21029
0.229385
0.223388
0.23988
0.223888
0.006
0.1955
0.00798802
0.153769
0.0069965
0.2245
0.225387
0.214179
0.236264
0.195902
0.206587
0.2555
0.1865
0.23988
0.221889
0.2375
0.21978
0.209895
0.210395
0.0025
0.211
0.262107
0.207792
0.218
0.192615
0.2245
0.223
0.2535
0.217391
0.234765
0.270365
0.156922
0.164254
0.216892
0.19031
0.225774
0.247629
0.174825
0.2655
0.233267
0.019
0.195804
0.251
0.221168
0.2065
0.2155
0.245877
0.218781
0.2125
0.205
0.25
0.015
0.176912
0.208292
0.004
0.228272
0.147426
0.0145
0.2055
0.215285
0.2245
0.2615
0.174913
0.237644
0.2004
0.1945
0.223888
0.2265
0.208896
0.205897
0.1735
0.204795
0.2165
0.208978
0.208396
0.251
0.009
0.176912
0.158421
0.2315
0.212787
0.210684
0.213573
0.237762
0.208896
0.2235
0.194403
0.18023
0.228272
0.205897
0.2095
0.245377
0.2245
0.227273
0.241
0.208292
0.221
0.202
0.248876
0.198
0.2115
0.234383
0.206897
0.216
0.223
0.0858712
0.235764
0.2415
0.252
0.198901
0.242379
0.2395
0.208791
0.202797
0.238262
0.220779
0.007
0.228272
0.224775
0.2255
0.231269
0.1685
0.193403
0.178732
0.2205
0.2355
0.00749625
0.216392
0.212394
0.170415
0.270865
0.221889
0.221
0.2345
0.264236
0.225162
0.223277
0.21
0.00998004
0.28086
0.243378
0.188218
0.235882
0.174413
0.181
0.1705
0.176412
0.294853
0.2075
0.209895
0.00898652
0.233267
0.1997
0.175824
0.204296
0.26087
0.24088
0.24
0.214678
0.1015
0.233
0.197401
0.208396
0.178411
0.251623
0.213573
0.00349825
0.236645
0.234765
0.2075
0.0075
0.2365
0.241758
0.2125
0.174413
0.2425
0.1965
0.25937
0.222
0.00849575
0.177411
0.0114943
0.00699301
0.148926
0.238881
0.222889
0.266234
0.199201
0.2055
0.188
0.203694
0.156422
0.2105
0.1875
0.226
0.197802
0.244
0.2615
0.177411
0.224888
0.2065
0.2115
0.258871
0.1655
0.188811
0.2675
0.202298
0.175
0.274588
0.108392
0.177911
0.217391
0.1845
0.198302
0.213
0.262712
0.235
0.22039
0.232884
0.241259
0.193403
0.2255
0.19
0.01
0.2285
0.247376
0.21029
0.1655
0.238523
0.258
0.174738
0.22028
0.217391
0.233
0.268098
0.2535
0.007
0.241
0.193903
0.224663
0.0234883
0.2315
0.221
0.266367
0.225
0.238404
0.230539
0.207896
0.1015
0.241895
0.175
0.214
0.220669
0.00699301
0.165335
0.235
0.1605
0.183
0.190405
0.217391
0.21507
0.229385
0.177411
0.00849151
0.203593
0.230155
0.223
0.197901
0.231
0.2295
0.00898652
0.155922
0.215892
0.221
0.167916
0.215676
0.2125
0.174326
0.221889
0.255372
0.224888
0.196304
0.203398
0.2545
0.161
0.221
0.214
0.2265
0.171414
0.205192
0.1925
0.00998004
0.202899
0.178911
0.232
0.1465
0.203398
0.219
0.199301
0.227659
0.241
0.2575
0.158921
0.190809
0.2015
0.212
0.255372
0.190215
0.26087
0.1785
0.197401
0.254373
0.236264
0.239261
0.2045
0.199301
0.142786
0.212182
0.225162
0.0124938
0.194
0.207896
0.206
0.192116
0.1835
0.198
0.20979
0.23
0.012
0.2655
0.203094
0.2095
0.2325
0.197703
0.198
0.13993
0.224888
0.228886
0.213
0.222666
0.176412
0.223
0.01
0.237644
0.2
0.208896
0.242379
0.241259
0.205691
0.1965
0.143
0.221889
0.210895
0.222278
0.224775
0.227
0.247
0.2135
0.2004
0.223888
0.213893
0.203898
0.21
0.241
0.23
0.274863
0.196402
0.252
0.173327
0.00548902
0.2305
0.197703
0.23027
0.25
0.24663
0.1965
0.192807
0.17982
0.201399
0.2285
0.230385
0.211
0.2545
0.225162
0.223
0.229
0.2035
0.230155
0.213
0.213
0.267
0.2675
0.2285
0.007
0.203398
0.212894
0.217565
0.243513
0.196902
0.206897
0.190714
0.219062
0.239641
0.2125
0.218173
0.223277
0.2245
0.229156
0.161
0.255744
0.163836
0.230769
0.204296
0.182726
0.195402
0.208687
0.265602
0.208896
0.244755
0.011
0.165751
0.208687
0.0075
0.2315
0.224888
0.2145
0.198
0.201299
0.00999001
0.275862
0.2095
0.0234883
0.183408
0.0234883
0.194
0.223
0.199
0.235882
0.230539
0.2055
0.174
0.202298
0.2415
0.202
0.253373
0.214179
0.2285
0.269865
0.2195
0.151
0.230885
0.2095
0.205192
0.2295
0.234
0.243
0.214
0.0975
0.01
0.230385
0.252
0.258
0.209291
0.211
0.202
0.1915
0.224888
0.2655
0.205897
0.1895
0.1815
0.200599
0.2175
0.211394
0.2125
0.011
0.158421
0.212894
0.1995
0.2315
0.17982
0.204
0.274863
0.214179
0.232884
0.155922
0.0239641
0.2165
0.201399
0.229385
0.184224
0.215177
0.198901
0.25
0.221389
0.21197
0.0095
0.216392
0.226387
0.2195
0.229
0.222389
0.1845
0.255
0.258871
0.220669
0.23
0.226387
0.0069965
0.1685
0.216392
0.171914
0.247752
0.169246
0.202
0.203094
0.23315
0.00349825
0.1685
0.012
0.2105
0.164418
0.09995
0.125375
0.227659
0.241638
0.244878
0.2625
0.259111
0.162837
0.011982
0.2505
0.1945
0.00649675
0.228158
0.246377
0.221389
0.164
0.226887
0.196
0.174738
0.235382
0.262737
0.0124938
0.255372
0.216567
0.209685
0.239
0.210895
0.141218
0.231
0.221889
0.216892
0.181909
0.251623
0.193403
0.231038
0.243135
0.224276
0.210895
0.225
0.264868
0.211682
0.25987
0.174413
0.18
0.223388
0.2004
0.236763
0.22
0.190809
0.24663
0.253373
0.220669
0.202696
0.183
0.01
0.197802
0.226
0.0104948
0.2525
0.194
0.176324
0.0169745
0.232767
0.00899101
0.242379
0.205
0.236763
0.231653
0.169331
0.189905
0.201
0.216284
0.261369
0.2085
0.00899101
0.218781
0.23192
0.172
0.194306
0.2265
0.222389
0.211289
0.215
0.203694
0.0115
0.198901
0.198
0.0295
0.195804
0.1725
0.216892
0.2485
0.208896
0.168916
0.208
0.0129935
0.17033
0.252
0.2545
0.197
0.224388
0.205
0.178821
0.197703
0.169331
0.2275
0.216392
0.1605
0.236
0.1745
0.164254
0.05997
0.191
0.1925
0.009
0.26
0.237762
0.2125
0.2035
0.0109835
0.166417
0.226274
0.197703
0.23027
0.21
0.177
0.0115
0.222
0.181228
0.2045
0.187
0.237
0.00898204
0.2205
0.233383
0.2125
0.238024
0.217
0.158342
0.2155
0.197605
0.2235
0.07996
0.00449775
0.168
0.196705
0.233
0.216
0.2235
0.0105
0.232767
0.205
0.209895
0.22039
0.227
0.226387
0.07996
0.2575
0.22028
0.18
0.2025
0.245877
0.213
0.22028
0.217391
0.2025
0.201
0.223
0.197802
0.206
0.216284
0.0025
0.222278
0.188218
0.013
0.2195
0.213
0.2205
0.1725
0.212894
0.217782
0.244
0.262712
0.0275
0.216
0.202899
0.230155
0.243378
0.0109835
0.233383
0.174913
0.1705
0.275862
0.21
0.206294
0.243513
0.194
0.241138
0.248128
0.00649675
0.28
0.227
0.15984
0.252
0.216392
0.218282
0.2055
0.158342
0.242757
0.233383
0.232884
0.245377
0.197401
0.229156
0.255872
0.262737
0.249875
0.251623
0.218
0.233383
0.244
0.2385
0.213679
0.219062
0.243378
0.224052
0.232884
0.275
0.156
0.216958
0.208791
0.232419
0.197
0.115
0.251
0.218781
0.202298
0.0095
0.2125
0.198
0.237644
0.215892
0.183633
0.2135
0.227
0.013993
0.208978
0.235382
0.228886
0.2295
0.169246
0.251
0.0124938
0.16983
0.2485
0.171
0.201399
0.0044955
0.168916
0.209395
0.1875
0.210789
0.1845
0.2315
0.00849575
0.171742
0.158921
0.19
0.225887
0.23988
0.231384
0.174326
0.2235
0.227
0.1925
0.273
0.229385
0.204092
0.222
0.1715
0.1915
0.179
0.2425
0.0075
0.218781
0.2235
0.213679
0.192308
0.203694
0.2305
0.178732
0.246753
0.197802
0.165917
0.191
