0.164172
0.0619071
0.0145
0.153923
0.166334
0.1765
0.067966
0.118
0.141
0.0345
0.129435
0.154423
0.178233
0.1755
0.008
0.151424
0.0794603
0.0115
0.007996
0.167
0.164418
0.198801
0.185629
0.0249875
0.1655
0.1185
0.195402
0.173413
0.16
0.1675
0.2085
0.201399
0.1165
0.145
0.167416
0.1575
0.146927
0.142857
0.137862
0.153
0.137431
0.1385
0.121
0.147852
0.0304848
0.172328
0.0655
0.12818
0.158921
0.113
0.126937
0.187406
0.1085
0.164336
0.0174738
0.165335
0.0259481
0.133
0.15976
0.164336
0.026973
0.147778
0.136
0.190215
0.15992
0.158421
0.166
0.126437
0.0673989
0.1675
0.111444
0.0135
0.166417
0.156
0.0464768
0.141
0.164835
0.125937
0.109336
0.120758
0.0995
0.145
0.125
0.126437
0.0065
0.15992
0.11944
0.16
0.15984
0.1935
0.0985
0.131934
0.0159681
0.123814
0.0535
0.184908
0.183
0.1505
0.212394
0.133799
0.152348
0.119381
0.124875
0.09995
0.152
0.188623
0.113
0.0109835
0.131369
0.142429
0.133367
0.1235
0.120879
0.161258
0.091954
0.09
0.137
0.1055
0.200699
0.177323
0.158263
0.00849151
0.008
0.130935
0.1445
0.221889
0.144212
0.154269
0.176912
0.0718922
0.173067
0.135796
0.185315
0.1755
0.16092
0.137431
0.137725
0.147426
0.152272
0.173913
0.136
0.1505
0.1765
0.1765
0.019
0.151424
0.155922
0.1585
0.152424
0.137931
0.160759
0.0715
0.156266
0.174913
0.0655
0.16042
0.1305
0.128
0.035
0.10095
0.146208
0.1615
0.166334
0.165834
0.1565
0.137931
0.155422
0.183225
0.165
0.1565
0.142287
0.022
0.0464768
0.0514486
0.0065
0.206397
0.15942
0.151924
0.1285
0.110279
0.171742
0.155422
0.15327
0.166
0.153423
0.0879121
0.0105
0.178
0.151424
0.154423
0.125937
0.15327
0.131434
0.0269865
0.0605
0.118881
0.0105
0.185814
0.202298
0.177822
0.1745
0.1895
0.149425
0.147
0.173913
0.1385
0.1215
0.0045
0.185315
0.165834
0.146927
0.00999001
0.12818
0.0174738
0.187406
0.155422
0.1805
0.147
0.123938
0.182909
0.123315
0.0135
0.0705
0.0154845
0.141
0.114386
0.128372
0.1465
0.144212
0.0065
0.163918
0.15942
0.0655
0.120758
0.152924
0.174
0.149
0.114386
0.0509491
0.174
0.199
0.206
0.0209685
0.021967
0.178
0.185
0.121878
0.17
0.196
0.0215
0.114
0.0065
0.0134663
0.0885
0.157
0.0999001
0.156422
0.14093
0.145355
0.0469765
0.1515
0.157421
0.141
0.151
0.173413
0.167416
0.0569715
0.10095
0.11994
0.133
0.0114885
0.171
0.033983
0.178233
0.123938
0.0355
0.199
0.176412
0.114386
0.1255
0.156687
0.134299
0.151424
0.162338
0.160759
0.175824
0.158
0.147
0.0289566
0.198401
0.174
0.141929
0.0753117
0.173913
0.011
0.006
0.184908
0.1505
0.1635
0.131434
0.173913
0.145355
0.167916
0.177411
0.1765
0.203195
0.1795
0.149775
0.148426
0.0649675
0.126374
0.123938
0.171742
0.177822
0.129
0.026
0.151
0.1285
0.161258
0.029
0.145355
0.093953
0.1735
0.152924
0.184
0.0718922
0.0705
0.172414
0.148426
0.0874563
0.187
0.1745
0.0055
0.12
0.168248
0.148426
0.09995
0.169415
0.00749625
0.19321
0.17991
0.143
0.0244878
0.166251
0.165417
0.171828
0.0204693
0.129805
0.044
0.148
0.172328
0.158421
0.0055
0.15
0.128743
0.131
0.174913
0.175237
0.195902
0.012
0.155422
0.113943
0.042
0.0833749
0.144855
0.1535
0.1285
0.17
0.177323
0.167
0.234266
0.213
0.187
0.137
0.204398
0.1975
0.1915
0.133
0.1425
0.173
0.17941
0.1675
0.137431
0.184
0.1765
0.0355
0.135
0.113
0.156
0.1994
0.114386
0.114386
0.021989
0.01
0.013
0.1625
0.0114943
0.141858
0.024
0.17016
0.125
0.165
0.163754
0.174738
0.1905
0.1605
0.172328
0.159261
0.168332
0.130804
0.15942
0.1455
0.14678
0.167
0.171914
0.1625
0.1575
0.121379
0.122
0.111944
0.155922
0.0209685
0.158421
0.031
0.122439
0.148926
0.153769
0.169915
0.1345
0.13523
0.0734633
0.1895
0.029
0.173154
0.1455
0.169415
0.1815
0.0619071
0.1435
0.156843
0.181818
0.168332
0.003996
0.108946
0.177733
0.131369
0.109281
0.1135
0.16042
0.1385
0.206
0.161
0.006
0.173154
0.131434
0.018981
0.125312
0.172156
0.106
0.164835
0.18091
0.1595
0.173826
0.15984
0.168416
0.0693959
0.0753117
0.137431
0.164671
0.215392
0.1365
0.1765
0.167832
0.154346
0.212394
0.183
0.191404
0.118441
0.120758
0.1775
0.157
0.0439341
0.142929
0.1145
0.163418
0.188623
0.00949051
0.14
0.0129805
0.144212
0.206
0.145927
0.057
0.115942
0.1395
0.1855
0.1455
0.126437
0.011994
0.167416
0.153
0.145427
0.1975
0.0805
0.138931
0.171
0.177323
0.154
0.1215
0.131369
0.1165
0.173067
0.1535
0.154346
0.1305
0.103
0.168416
0.1055
0.034
0.172414
0.026973
0.189311
0.173327
0.176
0.0135
0.207396
0.1885
0.188218
0.157842
0.157
0.0065
0.11982
0.149
0.174326
0.143928
0.1845
0.189
0.147
0.1435
0.0249626
0.1215
0.143
0.00749251
0.0354291
0.136932
0.0254745
0.161258
0.161258
0.008
0.111389
0.003996
0.1055
0.00749625
0.1305
0.186907
0.187406
0.142429
0.0209476
0.1765
0.135932
0.198401
0.137431
0.130435
0.181
0.0134865
0.162
0.154923
0.117324
0.109945
0.176
0.157
0.0645
0.189
0.0234883
0.136795
0.12
0.0234883
0.158921
0.13979
0.18672
0.213
0.136364
0.131802
0.1015
0.0075
0.109391
0.160839
0.136658
0.1605
0.0124938
0.0125
0.009995
0.15
0.0174738
0.135
0.1445
0.113
0.143428
0.173
0.1395
0.0879121
0.1745
0.125937
0.112388
0.204398
0.14
0.121817
0.132867
0.204
0.133
0.175412
0.0145
0.00949051
0.15
0.1615
0.113943
0.16092
0.0145
0.152924
0.168416
0.177323
0.166917
0.111444
0.170245
0.1625
0.13993
0.131434
0.129
0.161258
0.1295
0.137931
0.0205
0.1765
0.205794
0.142
0.168416
0.19
0.126
0.0134798
0.144356
0.116883
0.168332
0.153846
0.0115
0.1455
0.126311
0.1915
0.007996
0.0989011
0.156843
0.125
0.009995
0.1445
0.1205
0.174
0.184908
0.157842
0.137931
0.16092
0.18
0.121439
0.160839
0.174651
0.116384
0.133
0.170245
0.0325
0.123938
0.190215
0.0895
0.158921
0.0104895
0.136364
0.172414
0.0209895
0.169331
0.1315
0.0915
0.0104895
0.20979
0.009995
0.0109835
0.00749625
0.15942
0.1655
0.1575
0.123938
0.023
0.133
0.173067
0.170245
0.16
0.149425
0.171914
0.0135
0.047976
0.118941
0.11982
0.1575
0.203094
0.113
0.00749625
0.1305
0.0948104
0.103
0.110945
0.193613
0.153
0.035
0.154845
0.1645
0.0734633
0.162257
0.1255
0.007
0.0949525
0.158
0.091954
0.0114943
0.146927
0.0349825
0.12987
0.173826
0.138431
0.155922
0.116384
0.134366
0.023976
0.14985
0.057
0.1285
0.1275
0.128743
0.109
0.158421
0.141929
0.1505
0.155345
0.1365
0.1605
0.125
0.158
0.1095
0.102
0.177323
0.0135
0.134933
0.134
0.116267
0.1535
0.1145
0.141359
0.111944
0.148
0.135365
0.125937
0.125437
0.081
0.166917
0.177911
0.107946
0.133799
0.1625
0.156
0.161419
0.0069965
0.137226
0.115942
0.145
0.166917
0.154
0.131934
0.1825
0.152424
0.1625
0.141929
0.164418
0.195
0.164835
0.016
0.1225
0.177323
0.148
0.129371
0.1145
0.106447
0.1975
0.1305
0.1755
0.162419
0.109
0.007996
0.0135
0.097
0.1825
0.0414378
0.17941
0.198
0.154
0.017982
0.12
0.138362
0.199
0.168332
0.023
0.017982
0.0164918
0.107946
0.130739
0.1025
0.1185
0.0945
0.17
0.156344
0.0215
0.137
0.008
0.131369
0.146
0.026973
0.154923
0.177733
0.186
0.126374
0.1085
0.0884558
0.1545
0.138431
0.1895
0.17982
0.0134933
0.143784
0.1715
0.176912
0.008
0.135365
0.021967
0.03
0.113
0.076
0.17982
0.1525
0.1195
0.025
0.121878
0.137363
0.166917
0.1395
0.009
0.202298
0.150699
0.086
0.0588822
0.1515
0.1165
0.0369815
0.181909
0.152424
0.155422
0.125
0.184316
0.215392
0.154423
0.0204693
0.194805
0.149775
0.1215
0.16042
0.029
0.148926
0.0908184
0.0114943
0.106893
0.202891
0.179321
0.091954
0.1385
0.0124813
0.133367
0.144
0.1755
0.148
0.123691
0.168248
0.137931
0.0715
0.102
0.183225
0.0609086
0.029
0.127
0.19321
0.155
0.0045
0.147426
0.141429
0.167416
0.1135
0.138293
0.195902
0.163
0.138
0.0974513
0.0209685
0.149
0.1715
0.1525
0.137931
0.164336
0.135297
0.141
0.0374813
0.0949525
0.146
0.202
0.107446
0.179231
0.1725
0.161258
0.1445
0.161419
0.146853
0.18
0.1425
0.198401
0.145282
0.149925
0.142929
0.147426
0.00848727
0.154845
0.164172
0.1395
0.1885
0.17
0.201399
0.182318
0.137931
0.151772
0.141858
0.031
0.153
0.1515
0.012
0.191904
0.09995
0.158421
0.153423
0.0269865
0.0305
0.177822
0.011
0.147132
0.195804
0.15
0.106893
0.0214893
0.0718922
0.192
0.156843
0.0644356
0.120758
0.172741
0.0269596
0.1515
0.1005
0.1605
0.1395
0.0209685
0.1085
0.141929
0.202298
0.203195
0.17324
0.134366
0.195
0.0115
0.119381
0.141218
0.1315
0.1365
0.185629
0.135
0.153
0.137
0.07996
0.004
0.193806
0.0694653
0.195902
0.00848727
0.143784
0.0289566
0.129435
0.183
0.185
0.1275
0.195902
0.176912
0.009
0.174651
0.1595
0.154923
0.15212
0.1165
0.123938
0.130739
0.0104948
0.1055
0.125375
0.166417
0.126873
0.1395
0.137431
0.026
0.182227
0.146853
0.173
0.1295
0.0085
0.154346
0.134933
0.015992
0.146
0.202899
0.141429
0.167748
0.0145
0.1645
0.116384
0.0209685
0.148
0.018981
0.141929
0.130935
0.1215
0.154923
0.1455
0.15942
0.142429
0.142715
0.0215
0.1815
0.1225
0.146208
0.141
0.126
0.1315
0.136
0.172328
0.148926
0.157
0.0265
0.15
0.0734633
0.164172
0.210789
0.104
0.147353
0.0833749
0.1205
0.115
0.0075
0.1255
0.205794
0.161178
0.0115
0.1515
0.158921
0.013
0.0825
0.00749625
0.009
0.1055
0.111
0.0085
0.154
0.0799201
0.135297
0.1015
0.106893
0.121439
0.0905
0.1675
0.136
0.169415
0.0209895
0.144783
0.154923
0.162257
0.112388
0.148
0.155922
0.135796
0.142429
0.164753
0.00649351
0.14985
0.2055
0.215392
0.1355
0.121439
0.091954
0.0229541
0.0905
0.136
0.115942
0.089
0.172827
0.0065
0.13986
0.134933
0.106947
0.0984508
0.129371
0.152618
0.184408
0.0149925
0.12987
0.0065
0.171742
0.182909
0.130804
0.0095
0.151924
0.153923
0.156266
0.1955
0.031
0.1845
0.1515
0.1845
0.14
0.189526
0.171914
0.1825
0.186
0.18672
0.146
0.131434
0.0065
0.15992
0.117324
0.1455
0.033
0.125375
0.0194903
0.0658354
0.126
0.205397
0.137226
0.1285
0.174413
0.121379
0.008
0.147
0.126937
0.155844
0.16042
0.0044955
0.161178
0.142216
0.152924
0.120879
0.1625
0.17
0.158421
0.1365
0.17
0.127436
0.130435
0.164
0.164918
0.152924
0.183
0.009
0.168747
0.158263
0.105894
0.00498753
0.182909
0.158421
0.164753
0.0045
0.0104895
0.148
0.142358
0.148426
0.116267
0.158921
0.0994503
0.161419
0.184
0.202
0.1765
0.179321
0.122
0.137
0.11944
0.137363
0.00799201
0.157421
0.0879121
0.148426
0.1145
0.153
0.12
0.199
0.113886
0.145
0.203796
0.138931
0.14
0.1545
0.1055
0.133799
0.155422
0.163918
0.116442
0.14
0.118323
0.1215
0.155844
0.15035
0.1565
0.012
0.15992
0.131934
0.116
0.194
0.0089955
0.17
0.192807
0.152924
0.162419
0.1205
0.0265
0.067966
0.0215
0.1565
0.163418
0.1505
0.026
0.00349476
0.150699
0.185315
0.135297
0.183
0.184316
0.117823
0.1605
0.162
0.154423
0.171329
0.172328
0.025987
0.202899
0.156687
0.147926
0.0908184
0.117882
0.167416
0.1465
0.162919
0.141
0.115942
0.015992
0.125437
0.1575
0.120879
0.130935
0.177911
0.152
0.153423
0.1755
0.1994
0.169331
0.152924
0.115942
0.146853
0.168916
0.0715
0.147926
0.114828
0.137431
0.0194903
0.1295
0.168248
0.116
0.187406
0.129306
0.181409
0.0234883
0.1015
0.137793
0.034
0.1205
0.145781
0.12987
0.144928
0.154
0.0109945
0.163418
0.176912
0.153923
0.156266
0.163418
0.164418
0.0259481
0.102949
0.0125
0.0305
0.0109835
0.1465
0.12
0.175
0.0969031
0.0124938
0.130305
0.157842
0.156687
0.147426
0.176412
0.00949525
0.0114943
0.031
0.125312
0.184
0.161258
0.164418
0.201894
0.171243
0.150699
0.129371
0.023976
0.152
0.1515
0.0649675
0.108946
0.102897
0.167748
0.0753117
0.148426
0.149425
0.1225
0.188312
0.1795
0.167416
0.120758
0.1525
0.0229541
0.00698952
0.162919
0.169915
0.0085
0.151273
0.113
0.0449326
0.029
0.136
0.143784
0.153923
0.171914
0.153769
0.155345
0.109
0.106893
0.1205
0.151424
0.148851
0.0479042
0.00948577
0.183317
0.171
0.123377
0.021989
0.147426
0.105447
0.140719
0.177323
0.1615
0.0234883
0.156344
0.170415
0.117941
0.156344
0.146427
0.141429
0.166417
0.0449326
0.153769
0.1905
0.1145
0.1395
0.14
0.123938
0.181
0.169415
0.149425
0.171914
0.161258
0.163918
0.1915
0.118881
0.123814
0.156843
0.162919
0.156422
0.067966
0.155922
0.156344
0.0944528
0.164336
0.176823
0.161178
0.145355
0.154
0.1455
0.0115
0.169331
0.14
0.123938
0.168579
0.1055
0.173913
0.136432
0.167832
0.107446
0.137431
0.152
0.173
0.0845
0.115
0.117823
0.15942
0.133866
0.0124688
0.0104948
0.0205
0.164336
0.12525
0.105894
0.131934
0.0115
0.145282
0.148851
0.0055
0.14985
0.0155
0.1905
0.1955
0.142287
0.157842
0.153846
0.1545
0.166251
0.147
0.141
0.168916
0.148426
0.151772
0.143
0.003998
0.00849575
0.0124813
0.0999001
0.007
0.0055
0.154346
0.166
0.174913
0.1355
0.14
0.0304848
0.137363
0.2035
0.1005
0.138293
0.009995
0.151424
0.12044
0.178
0.042
0.146853
0.167748
0.128743
0.012
0.003996
0.0994503
0.1515
0.165917
0.171914
0.191404
0.162
0.161838
0.136364
0.145355
0.144356
0.0569715
0.1505
0.214
0.176912
0.173
0.0924076
0.1435
0.134933
0.140719
0.0205
0.106893
0.1425
0.181
0.174326
0.152424
0.0215
0.205794
0.15984
0.148851
0.154423
0.1085
0.00649351
0.162919
0.176412
0.151
0.156
0.1565
0.215
0.086
0.0115
0.229156
0.128372
0.18
0.1675
0.129435
0.1555
0.021967
0.15992
0.178322
0.0913174
0.0095
0.014
0.137725
0.164835
0.1805
0.1735
0.00948577
0.1365
0.189
0.144928
0.153923
0.139
0.174825
0.156344
0.181
0.167916
0.1905
0.178
0.154
0.1695
0.141787
0.0109945
0.187406
0.1565
0.135365
0.1215
0.13993
0.117941
0.0209895
0.1975
0.152272
0.0259481
0.177911
0.091954
0.1375
0.182
0.156422
0.162919
0.0144928
0.162
0.115
0.142715
0.138293
0.1225
0.152424
0.0055
0.147353
0.137431
0.125937
0.0159681
0.119
0.164418
0.152618
0.067
0.0903645
0.123
0.145781
0.128372
0.145282
0.148926
0.1405
0.168747
0.0655
0.178911
0.15984
0.162919
0.177323
0.158263
0.1395
0.1675
0.0879121
0.00749625
0.126311
0.0134933
0.158421
0.162919
0.1375
0.152348
0.201399
0.152924
0.172242
0.126937
0.170415
0.0894106
0.137363
0.151198
0.1515
0.153923
0.167
0.132
0.163918
0.133433
0.160839
0.154923
0.148278
0.128743
0.12044
0.155
0.1675
0.0124813
0.130305
0.1305
0.14
0.178411
0.156843
0.1565
0.1675
0.1535
0.1675
0.011994
0.0673989
0.194417
0.109
0.144928
0.1535
0.185
0.1225
0.1395
0.1095
0.031
0.106447
0.00649351
0.1325
0.136932
0.160679
0.0304848
0.17982
0.154423
0.165335
0.202891
0.1445
0.178322
0.174
0.176
0.151424
0.139
0.163418
0.181909
0.168916
0.167
0.179641
0.125375
0.192807
0.156344
0.033983
0.0994503
0.129371
0.192
0.127872
0.154423
0.145781
0.1755
0.147279
0.183633
0.0065
0.17
0.162
0.136296
0.15976
0.129306
0.029
0.0224888
0.03
0.13943
0.2025
0.1045
0.012
0.163418
0.16517
0.163918
0.187406
0.204194
0.14093
0.1825
0.16675
0.148926
0.171742
0.157
0.168332
0.163
0.147426
0.198901
0.158921
0.157421
0.1675
0.174738
0.165
0.106893
0.141359
0.135932
0.135864
0.0209685
0.161919
0.141
0.157842
0.0874563
0.0149775
0.153846
0.14
0.17941
0.1205
0.1585
0.1355
0.020979
0.181319
0.168332
0.171914
0.145
0.0224888
0.1505
0.184
0.166334
0.156843
0.1615
0.18091
0.1745
0.133367
0.179
0.12038
0.154923
0.134731
0.003998
0.125437
0.1725
0.1375
0.164418
0.171742
0.143928
0.105
0.125437
0.16983
0.021989
0.188906
0.0205
0.16675
0.1585
0.184
0.0814186
0.124875
0.134933
0.141858
0.149
0.109391
0.1305
0.149925
0.152424
0.00349825
0.068
0.126
0.205794
0.1345
0.123377
0.011
0.16
0.0149775
0.0325
0.1925
0.1675
0.142287
0.144855
0.1595
0.171329
0.136795
0.1885
0.0234883
0.0224888
0.1435
0.172156
0.1765
0.0124688
0.1305
0.125874
0.198203
0.0369815
0.197204
0.12044
0.138293
0.0114885
0.1585
0.10978
0.00949051
0.148926
0.130935
0.156344
0.173
0.156266
0.1605
0.199
0.121439
0.117
0.151424
0.014
0.011
0.141429
0.138362
0.0089955
0.123377
0.124251
0.126937
0.105
0.196
0.174738
0.133933
0.02
0.152924
0.14
0.09
0.138362
0.158
0.097
0.13993
0.141
0.158421
0.145
0.182318
0.123938
0.154423
0.110279
0.178
0.2055
0.154845
0.178322
0.164918
0.145
0.1445
0.174913
0.111444
0.151772
0.192807
0.151
0.1275
0.1765
0.0753117
0.09
0.151
0.137363
0.109391
0.144356
0.1565
0.0509491
0.195305
0.174
0.15942
0.130935
0.147
0.142929
0.0969031
0.1665
0.156
0.081
0.161258
0.147852
0.1345
0.0265
0.172328
0.0224888
0.0879121
0.102
0.1625
0.114
0.189
0.171914
0.166833
0.164835
0.117882
0.067
0.144928
0.111444
0.157842
0.0135
0.0995
0.17982
0.1085
0.205397
0.182
0.133933
0.135932
0.153846
0.0075
0.168248
0.124438
0.1994
0.145355
0.20669
0.0349825
0.0085
0.137431
0.117882
0.133933
0.168332
0.12044
0.12681
0.0194903
0.203094
0.00848727
0.0905
0.118
0.147852
0.0025
0.107446
0.065967
0.174326
0.171742
0.0325
0.178322
0.0215
0.141858
0.0484758
0.0439341
0.146
0.137431
0.128372
0.0055
0.177323
0.1615
0.191808
0.15327
0.176412
0.12044
0.0135
0.12038
0.191808
0.148
0.154
0.141429
0.163418
0.0124688
0.021967
0.123938
0.124
0.121
0.181909
0.130739
0.121817
0.0135
0.1765
0.165834
0.1135
0.110279
0.0055
0.133933
0.192
0.009995
0.123938
0.16675
0.185315
0.0995
0.1465
0.150425
0.029
0.152924
0.164172
0.157842
0.1885
0.005997
0.14093
0.169745
0.1765
0.154423
0.142857
0.1725
0.003998
