0.2185
0.182136
0.209186
0.1845
0.2345
0.186907
0.228543
0.210895
0.23938
0.244755
0.22977
0.209395
0.198901
0.175325
0.153347
0.213393
0.189405
0.238262
0.247629
0.187406
0.136
0.197901
0.165
0.211
0.161919
0.1845
0.063
0.193403
0.172
0.167
0.212681
0.193806
0.2215
0.209895
0.183
0.238381
0.226161
0.248627
0.1695
0.184908
0.2075
0.25
0.217891
0.006
0.209895
0.2035
0.19
0.2009
0.213893
0.264
0.1725
0.169415
0.1685
0.195402
0.254873
0.1715
0.198901
0.1855
0.2485
0.243135
0.2275
0.1805
0.178322
0.210579
0.258612
0.244256
0.2565
0.2365
0.221
0.189905
0.20669
0.164
0.227886
0.2085
0.252874
0.181409
0.2004
0.209291
0.132434
0.231153
0.2365
0.196
0.217673
0.182318
0.221
0.2305
0.1255
0.0115
0.23
0.19321
0.2255
0.206381
0.231
0.197401
0.210789
0.158
0.007
0.1745
0.246008
0.254873
0.167333
0.233
0.154
0.1835
0.00899101
0.1885
0.2225
0.245132
0.231269
0.1815
0.229
0.232651
0.213893
0.221
0.2135
0.158342
0.229885
0.188124
0.239261
0.216
0.193903
0.013979
0.1955
0.2295
0.2009
0.25
0.204398
0.1885
0.224
0.216
0.21989
0.057971
0.025
0.2205
0.232
0.017
0.1785
0.161919
0.223388
0.01
0.221
0.2455
0.150925
0.222666
0.2185
0.149701
0.00949525
0.196402
0.189405
0.0189905
0.216892
0.012
0.244
0.2345
0.214393
0.2345
0.229885
0.234765
0.221389
0.204898
0.175
0.192308
0.164
0.0035
0.215
0.0065
0.212
0.266
0.229
0.22
0.1595
0.2465
0.23988
0.209291
0.1435
0.2315
0.202
0.282
0.201
0.00799201
0.172
0.204398
0.221
0.209395
0.191404
0.210895
0.2275
0.0105
0.232802
0.197901
0.2325
0.219
0.185
0.194
0.103448
0.1994
0.2605
0.177911
0.236146
0.286857
0.216
0.2005
0.201899
0.261369
0.00449326
0.204693
0.205397
0.215784
0.222167
0.244
0.2315
0.178
0.182544
0.1865
0.186907
0.117941
0.251249
0.199
0.00649351
0.221389
0.247
0.208896
0.2605
0.238381
0.221
0.205295
0.230885
0.207
0.2005
0.204194
0.153923
0.211682
0.1635
0.22039
0.217673
0.158
0.175824
0.2175
0.012
0.2605
0.214571
0.2045
0.0275
0.230385
0.197204
0.193918
0.202899
0.218563
0.22039
0.216176
0.18
0.213
0.2455
0.156422
0.215784
0.21978
0.1685
0.223776
0.201899
0.186813
0.225162
0.229885
0.232268
0.270729
0.202399
0.187812
0.218891
0.222389
0.00549725
0.174738
0.2325
0.178322
0.1665
0.176324
0.057971
0.2285
0.217782
0.175412
0.218391
0.202
0.236264
0.213893
0.18041
0.230385
0.229271
0.23988
0.22977
0.212182
0.2415
0.161419
0.214785
0.2345
0.22977
0.28086
0.223
0.1865
0.218173
0.261347
0.2315
0.189405
0.2125
0.252
0.2315
0.203
0.1645
0.276862
0.186907
0.217891
0.224
0.17033
0.0105
0.183816
0.006
0.216
0.187313
0.1765
0.205295
0.24002
0.1835
0.183225
0.155844
0.246507
0.153347
0.209685
0.183908
0.245
0.196
0.151424
0.212394
0.2365
0.186907
0.231269
0.224164
0.183
0.202595
0.206
0.181909
0.187
0.2315
0.2335
0.209395
0.2035
0.017991
0.221
0.2035
0.2075
0.213393
0.018
0.270729
0.21939
0.1955
0.188
0.237644
0.235147
0.2005
0.004
0.1975
0.204898
0.207396
0.215392
0.26024
0.2165
0.00399401
0.164
0.1765
0.174413
0.00649351
0.198901
0.205794
0.201299
0.242016
0.2605
0.152424
0.2545
0.199
0.21989
0.28086
0.246753
0.156843
0.217955
0.193516
0.248627
0.133933
0.246507
0.00549176
0.219
0.250875
0.232
0.223665
0.2375
0.216392
0.1795
0.143856
0.1315
0.207
0.213
0.0179641
0.227886
0.266101
0.199
0.208292
0.241879
0.224052
0.231269
0.2065
0.201399
0.0279581
0.170915
0.242636
0.212
0.2004
0.233
0.004
0.166
0.2215
0.2605
0.209895
0.2065
0.233
0.223888
0.206191
0.23
0.145927
0.203
0.216176
0.242394
0.192
0.250875
0.2065
0.2345
0.190215
0.237263
0.1855
0.063
0.1595
0.229885
0.230654
0.063
0.220779
0.21978
0.191
0.00649675
0.131369
0.208084
0.237
0.237525
0.213
0.258612
0.209395
0.1985
0.156422
0.178322
0.183816
0.16092
0.2315
0.206191
0.240759
0.057971
0.224052
0.171
0.152
0.232884
0.154423
0.211289
0.224888
0.237881
0.26037
0.218282
0.014
0.1715
0.171
0.1635
0.23
0.165
0.2205
0.232651
0.233
0.187
0.185907
0.245
0.143856
0.236882
0.245255
0.244
0.008
0.216176
0.2065
0.2005
0.2002
0.1635
0.0164753
0.204795
0.193403
0.209395
0.229
0.193806
0.229885
0.23938
0.242757
0.217673
