0.229
0.191
0.2395
0.251
0.2005
0.16983
0.111776
0.211394
0.211183
0.264
0.2225
0.209685
0.206
0.267866
0.2205
0.007996
0.225887
0.284
0.194209
0.246877
0.207189
0.198
0.175912
0.258871
0.224888
0.2365
0.21989
0.2045
0.1815
0.258
0.211183
0.012
0.213
0.263237
0.203898
0.236763
0.219281
0.2415
0.207
0.207293
0.1275
0.2185
0.177234
0.197
0.225887
0.0045
0.200699
0.236645
0.134933
0.238
0.163836
0.22028
0.206294
0.234765
0.183408
0.171414
0.252248
0.2025
0.254873
0.21029
0.2295
0.204398
0.192904
0.195402
0.2275
0.0335
0.213786
0.225774
0.162
0.224
0.171
0.228386
0.282359
0.225774
0.195402
0.21596
0.251874
0.238381
0.181
0.186407
0.0105
0.196304
0.158
0.223388
0.224276
0.216783
0.195511
0.186221
0.2345
0.2455
0.217283
0.2001
0.189405
0.248627
0.196402
0.2555
0.205897
0.235647
0.196402
0.152
0.245877
0.224388
0.224
0.172914
0.209395
0.2395
0.262
0.209291
0.214785
0.170829
0.2085
0.18091
0.24975
0.247
0.234383
0.208896
0.2245
0.264236
0.249
0.15035
0.208791
0.177234
0.195207
0.009
0.151848
0.2235
0.238381
0.229385
0.214893
0.217
0.237525
0.219281
0.174326
0.22028
0.218
0.187812
0.207896
0.2165
0.2215
0.005
0.221
0.0144928
0.162
0.207396
0.18803
0.17033
0.183908
0.213393
0.166
0.221667
0.181818
0.204795
0.2055
0.227886
0.210789
0.22
0.21989
0.17991
0.18014
0.198
0.1555
0.238642
0.261738
0.24
0.243878
0.17033
0.202399
0.2555
0.216892
0.17991
0.1999
0.134933
0.246377
0.216892
0.2475
0.232384
0.189405
0.229
0.191904
0.2295
0.2505
0.2115
0.205897
0.25
0.198
0.225887
0.238761
0.183
0.2009
0.186407
0.221
0.16983
0.2235
0.226
0.176236
0.235382
0.198801
0.237381
0.235
0.178911
0.1735
0.148777
0.155
0.2015
0.195706
0.1765
0.232152
0.211
0.21318
0.02997
0.231653
0.162419
0.236645
0.236
0.2555
0.174239
0.288711
0.013993
0.235764
0.22666
0.019
0.184408
0.2265
0.190905
0.208
0.141429
0.184408
0.208292
0.222
0.176
0.23315
0.231269
0.161838
0.157
0.26
0.011994
0.224
0.211394
0.185315
0.216284
0.0075
0.201399
0.254618
0.22
0.0234531
0.2055
0.252248
0.228886
0.1785
0.1825
0.249
0.271
0.25025
0.248
0.216892
0.237881
0.2002
0.246254
0.2335
0.243135
0.168
0.2095
0.202399
0.192
0.238143
0.21967
0.189405
0.2105
0.215892
0.2275
0.268731
0.204
0.2305
0.009
0.203398
0.219281
0.196
0.178
0.217
0.2015
0.207896
0.218563
0.262606
0.22017
0.225275
0.217174
0.1735
0.208896
0.221889
0.198203
0.207293
0.2035
0.228886
0.227772
0.202
0.183408
0.183134
0.203
0.207293
0.235382
0.205
0.226773
0.208292
0.195
0.0335
0.159
0.2025
0.240759
0.1985
0.191118
0.214286
0.1545
0.24
0.219281
0.205397
0.193903
0.204898
0.165
0.2005
0.232
0.194
0.203398
0.234383
0.218391
0.198401
0.2105
0.175912
0.217673
0.182817
0.229
0.183134
0.250998
0.221889
0.176823
0.209
0.264236
0.1895
0.253247
0.209
0.25987
0.19
0.1855
0.216284
0.1955
0.210789
0.192807
0.271
0.186221
0.235
0.178911
0.043956
0.212
0.239261
0.1675
0.222666
0.2325
0.225162
0.222167
0.213893
0.189
0.190905
0.243878
0.198801
0.0109945
0.205295
0.222666
0.252122
0.191
0.261738
0.1955
0.2025
0.0264868
0.2125
0.2095
0.171914
0.207792
0.224164
0.208396
0.1565
0.221
0.1945
0.2015
0.236645
0.207189
0.2315
0.205295
0.195
0.193403
0.224551
0.264368
0.208896
0.213893
0.210789
0.242
0.259
0.2475
0.183408
0.276585
0.0489755
0.007
0.192904
0.149351
0.175912
0.228272
0.22028
0.173413
0.2055
0.202096
0.2215
0.246
0.2004
0.263
0.242636
0.243635
0.2045
0.17991
0.188
0.198401
0.208896
0.2165
0.27
0.2245
0.247
0.219
0.1765
0.207
0.191
0.263
0.219
0.175824
0.192711
0.16
0.220559
0.230385
0.0045
0.21
0.043956
0.204092
0.2085
0.207
0.22028
0.185814
0.211
0.232268
0.01999
0.277
0.245132
0.239
0.231384
0.0065
0.288711
0.203
0.182318
0.174825
0.157343
0.211
0.207585
0.221
0.196
0.214
0.198401
0.262
0.224
0.263237
0.178144
0.00648703
0.252374
0.173913
0.2025
0.2155
0.2009
0.214
0.201
0.214286
0.196304
0.2025
0.254
0.17941
0.184815
0.1745
0.178233
0.221
0.18
0.00747757
0.2025
0.0114656
0.214286
0.194903
0.223277
0.1999
0.171
0.2004
0.258
0.236645
0.2215
0.207896
0.22017
0.082
0.2003
0.223665
