0.163418
0.206897
0.0109945
0.191
0.1565
0.0085
0.226887
0.218781
0.234
0.194805
0.211894
0.2195
0.177911
0.1565
0.251123
0.194403
0.227545
0.114943
0.202891
0.0045
0.196902
0.112444
0.1999
0.211682
0.2685
0.198401
0.145
0.178
0.2
0.17
0.258
0.156922
0.1955
0.261
0.2225
0.235382
0.2245
0.237
0.00949525
0.182409
0.2065
0.21939
0.195902
0.165751
0.2
0.2009
0.228272
0.186907
0.1575
0.1965
0.1975
0.213893
0.222056
0.207293
0.00998502
0.00999001
0.222
0.205
0.218
0.187219
0.170915
0.249375
0.115
0.147852
0.221168
0.192308
0.21
0.211788
0.197901
0.1665
0.00949525
0.0759241
0.116384
0.2105
0.175912
0.2185
0.225387
0.178643
0.206294
0.214286
0.00699301
0.2505
0.2435
0.2485
0.2155
0.17324
0.189405
0.206397
0.165751
0.2002
0.216567
0.17941
0.221
0.212394
0.1575
0.201899
0.179231
0.123438
0.211682
0.204
0.1945
0.147852
0.209082
0.1715
0.25312
0.204898
0.224888
0.2195
0.21
0.171742
0.177411
0.0149925
0.1835
0.239141
0.188312
0.198901
0.210395
0.183816
0.1675
0.174913
0.2085
0.00549725
0.226
0.239
0.0104843
0.157
0.215392
0.21
0.0035
0.1995
0.235882
0.198
0.2295
0.232384
0.1665
0.203
0.198702
0.1845
0.214
0.206397
0.2265
0.249375
0.221889
0.21318
0.221168
0.208396
0.247
0.00699301
0.21
0.206897
0.236146
0.194903
0.154923
0.202399
0.2075
0.2125
0.1475
0.22039
0.215784
0.131934
0.155922
0.231153
0.242757
0.204
0.2065
0.252248
0.193806
0.0164753
0.211394
0.0164918
0.210395
0.1845
0.183408
0.0174651
0.2305
0.170744
0.209
0.245877
0.218891
0.208292
0.198302
0.16092
0.1955
0.212
0.193403
0.1998
0.220669
0.009
0.193806
0.189405
0.184408
0.204092
0.224888
0.167082
0.188811
0.00548902
0.227386
0.221667
0.179321
0.213786
0.25
0.191904
0.167916
0.176
0.218
0.17982
0.170415
0.19031
0.231884
0.178643
0.18
0.186128
0.205897
0.212894
0.218781
0.191309
0.2325
0.187406
0.2125
0.183225
0.1825
0.224663
0.216783
0.178
0.00999001
0.204296
0.228386
0.193516
0.2485
0.1625
0.221389
0.18981
0.0144855
0.214
0.183225
0.190714
0.206897
0.21
0.148426
0.181409
0.182227
0.228272
0.21939
0.1955
0.2004
0.248
0.215892
0.1845
0.249375
0.1835
0.245132
0.222666
0.212894
0.146427
0.190714
0.236645
0.232384
0.190215
0.214893
0.155766
0.201399
0.206294
0.1525
0.242757
0.2255
0.1955
0.256
0.179231
0.164336
0.199
0.19
0.199301
0.198901
0.242379
0.266
0.204795
0.222167
0.215676
0.268366
0.1945
0.214
0.1925
0.208396
0.146427
0.204
0.229271
0.210395
0.2065
0.1825
0.1845
0.211
0.2155
0.2065
0.242
0.0035
0.1625
0.171742
0.185814
0.191
0.230769
0.207
0.222278
0.178233
0.170659
0.171414
0.234765
0.005997
0.23
0.021
0.1955
0.279
0.223165
0.19031
0.239
0.225275
0.212787
0.173327
0.2395
0.0095
0.21008
0.225275
0.1905
0.21008
0.190905
0.148426
0.2105
0.202
0.188406
0.23
0.232384
0.2265
0.118881
0.2002
0.215
0.243878
0.2105
0.206897
0.214179
0.2505
0.2275
0.1975
0.235382
0.169
0.005
0.142715
0.146427
0.214785
0.203297
0.152771
0.198901
0.223888
0.191
0.211788
0.209895
0.2045
0.218
0.21939
0.118881
0.214286
0.166833
0.223
0.2055
0.195402
0.2325
0.148703
0.1835
0.013
0.207396
0.18091
0.189405
0.273726
0.0314371
0.214286
0.2385
0.13943
0.233383
0.1815
0.187
0.147926
0.194903
0.2105
0.206793
0.228272
0.229156
0.0145
0.009
0.216392
0.222666
0.2005
0.2245
0.205397
0.009
0.1999
0.220669
0.178
0.24026
0.215676
0.208896
0.18
0.192807
0.231038
0.19
0.234149
0.23976
0.224663
0.208292
0.253746
0.218391
0.1995
0.218781
0.189405
0.1645
0.209581
0.136
0.217673
0.171828
0.202
0.1625
0.223888
0.218891
0.2135
0.2035
0.182909
0.227273
0.253873
0.218
0.1955
0.214678
0.189
0.168916
0.2465
0.224388
0.17982
0.1955
0.242757
0.18
0.17941
0.18091
0.18
0.247129
0.204
0.155844
0.1855
0.208
0.220669
0.228272
0.183317
0.164918
0.191
0.2505
0.205397
0.23938
0.209
0.20979
0.243378
0.1525
0.143428
0.112
0.2115
0.185814
0.221667
0.138362
0.20669
0.1955
0.162
0.27023
0.2005
0.0154923
0.174
0.209395
0.1535
0.0935
0.186907
0.1925
0.18981
0.00798403
0.112444
0.217391
0.188717
0.19
0.2465
0.187
0.178732
0.2285
0.112
0.198
0.1945
0.256
0.2045
0.0075
0.013979
0.25025
0.206294
0.2105
0.2065
0.2004
0.190405
0.169915
0.104948
0.123438
