0.1485
0.098
0.00849575
0.0334665
0.0195
0.166999
0.142929
0.171742
0.17
0.008
0.0174913
0.0189905
0.012987
0.1205
0.136364
0.0115
0.172414
0.13993
0.021978
0.0984016
0.13
0.0709645
0.144284
0.145854
0.111
0.135
0.027
0.0885
0.135432
0.0135
0.177822
0.13
0.173413
0.141429
0.165917
0.113
0.007
0.1345
0.015
0.15992
0.0075
0.16034
0.019
0.0955
0.0189715
0.1505
0.154346
0.1565
0.1075
0.1555
0.0209476
0.1695
0.109445
0.141929
0.0115
0.041979
0.022
0.12044
0.1185
0.0189905
0.166417
0.205397
0.181409
0.1735
0.1175
0.1465
0.0868697
0.151924
0.0114943
0.115327
0.0733899
0.012
0.132434
0.138431
0.135864
0.14043
0.0115
0.106947
0.1465
0.017991
0.111444
0.14093
0.1485
0.0349476
0.0125
0.11
0.101949
0.133433
0.0419371
0.130869
0.125
0.178911
0.154
0.1485
0.114885
0.00798802
0.133933
0.12094
0.0169745
0.075
0.136863
0.126374
0.011994
0.102449
0.0174913
0.128
0.0665
0.1345
0.106394
0.1355
0.007996
0.12032
0.157421
0.141429
0.135432
0.087956
0.121878
0.186907
0.123438
0.095357
0.00848727
0.136364
0.042
0.0664668
0.132434
0.011994
0.1295
0.113829
0.014985
0.141929
0.117
0.175824
0.16675
0.14022
0.013993
0.012
0.163754
0.041
0.068
0.0825
0.0605
0.165
0.0105
0.126374
0.115442
0.00948104
0.151848
0.171
0.013993
0.138
0.177733
0.135
0.1085
0.089
0.185
0.12681
0.0535
0.0149925
0.014
0.14029
0.015992
0.0259481
0.0763854
0.01999
0.093
0.104895
0.1315
0.0145
0.08
0.118941
0.168248
0.032
0.143784
0.097
0.163836
0.1535
0.0255
0.128308
0.0134865
0.121939
0.142786
0.1645
0.152272
0.068
0.0945
0.021978
0.0334665
0.104239
0.1405
0.0715
0.147926
0.161178
0.136932
0.1365
0.133933
0.0938592
0.155922
0.110945
0.153
0.0735
0.151424
0.0134865
0.11
0.022
0.13
0.15
0.15984
0.0894106
0.1125
0.0349476
0.1265
0.0665
0.021978
0.122439
0.1205
0.159521
0.121817
0.0125
0.173413
0.112388
0.126
0.0215
0.1195
0.11
0.130804
0.0885
0.01999
0.1385
0.205397
0.0604698
0.138431
0.136932
0.135432
0.1265
0.135432
0.010479
0.1605
0.138
0.125
0.152424
0.16034
0.197901
0.1085
0.1535
0.1435
0.144928
0.032
0.0804598
0.14093
0.145854
0.00548902
0.0139721
0.173413
0.181228
0.1045
0.153
0.0939061
0.0733899
0.1165
0.0763854
0.128
0.113943
0.149425
0.115826
0.1175
0.164
0.135
0.0324838
0.113829
0.0925
0.1855
0.17033
0.149425
0.123438
0.1425
0.148
0.188406
0.0154923
0.068
0.125375
0.142429
0.115768
0.108446
0.1465
0.11994
0.0215
0.106947
0.145927
0.011988
0.0849575
0.0928607
0.153923
0.16034
0.153
0.158263
0.137
0.153846
0.1145
0.134
0.14015
0.014
0.1925
0.032
0.1035
0.145282
0.142929
0.151424
0.0849575
0.0114943
0.146927
0.0089955
0.126
0.008
0.0509745
0.015984
0.145927
0.125
0.107446
0.064
0.1255
0.0095
0.013
0.110945
0.128
0.147852
0.146853
0.125312
0.1025
0.123
0.1525
0.107
0.138431
0.0954523
0.128807
0.153347
0.013986
0.178911
0.1455
0.145854
0.019
0.17941
0.1145
0.005997
0.182
0.085
0.128
0.1645
0.178911
0.0884558
0.031984
0.118441
0.109945
0.1615
0.0284858
0.0964518
0.012987
0.129935
0.1315
0.165
0.155
0.0444333
0.0145
0.1805
0.151924
0.0104843
0.16034
0.1855
0.109
0.1445
0.1525
0.0934066
0.126873
0.128871
0.015976
0.118822
0.156422
0.1545
0.126937
0.015
0.0055
0.141929
0.0825
0.153347
0.1355
0.102295
0.125
0.1025
0.02
0.1405
0.0409386
0.1505
0.132368
0.146427
0.172414
0.149351
0.172414
0.198801
0.006
0.109391
0.138431
0.123438
0.0729635
0.164671
0.103448
0.1415
0.13986
0.0854573
0.107446
0.0184908
0.164918
0.184908
0.131868
0.021989
0.027
0.00798403
0.1235
0.121878
0.12038
0.162419
0.18513
0.123438
0.132368
0.108891
0.161178
0.1615
0.1333
0.1235
0.1735
0.0844156
0.0804598
0.016983
0.1125
0.15
0.111444
0.109945
0.1065
0.151924
0.162419
0.0325
0.1145
0.0109835
0.177
0.0799201
0.1185
0.0825
0.109445
0.114885
0.0989505
0.157921
0.170415
0.0724638
0.089
0.126
0.027
0.147353
0.0165
0.121257
0.1655
0.150275
0.13
0.0449775
0.142786
0.00749625
0.0095
0.1555
0.123438
0.155
0.198801
0.152
0.1475
0.107892
0.105447
0.0105
0.025974
0.108891
0.0129935
0.015
0.149925
0.133433
0.0225
0.022
0.0125
0.118441
0.0404393
0.113829
0.147852
0.0854573
0.0055
0.0284858
0.146427
0.141929
0.106
0.014
0.162
0.109391
0.09995
0.1595
0.138431
0.156422
0.0625
0.141429
0.00699301
0.107784
0.016
0.173413
0.0594109
0.0974026
0.1405
0.147353
0.0654346
0.127
0.151273
0.129
0.1565
0.1065
0.014
0.133
0.0209476
0.127436
0.158342
0.109945
0.1735
0.106
0.15942
0.151424
0.00549725
0.103448
0.00999001
0.0354291
0.0104843
0.01
0.00899101
0.144284
0.1445
0.0324838
0.041958
0.0444555
0.129
0.149425
0.135
0.026
0.121878
0.133367
0.1045
0.205397
0.0914543
0.0995
0.107339
0.0255
0.153423
0.12044
0.128372
0.00799201
0.141429
0.1385
0.13
0.136432
0.0834166
0.167832
0.1075
0.0943585
0.118
0.0145
0.147
0.126437
0.1445
0.00798005
0.011994
0.00499002
0.154
0.171414
0.0089955
0.132867
0.1245
0.0115
0.153769
0.097
0.17033
0.0349476
0.155422
0.17016
0.132867
0.13943
0.151
0.097
0.00549725
0.00499002
0.0904096
0.053973
0.129
0.131934
0.144
0.0229885
0.127436
0.12
0.204398
0.141
0.108446
0.102449
0.1105
0.158263
0.014
0.11
0.0324838
0.124251
0.1355
0.0904548
0.11944
0.133
0.1955
0.0144928
0.027
0.125
0.178911
0.085
0.138431
0.0164835
0.146927
0.134
0.0955
0.0055
0.105447
0.14036
0.182
0.0209476
0.1275
0.106947
0.141929
0.136863
0.0569146
0.0594406
0.0599401
0.173913
0.143428
0.16675
0.0149775
0.175824
0.162338
0.1595
0.1655
0.12
0.164
0.148851
0.074
0.015976
0.115942
0.1645
0.0535
0.00649026
0.1545
0.144284
0.13
0.111389
0.103
0.14015
0.0834166
0.198401
0.0994006
0.01999
0.148426
0.118941
0.158342
0.114386
0.1075
0.0104843
0.1405
0.0115
0.0914543
0.041979
0.0849575
0.00999001
0.176823
0.106
0.1115
0.00548902
0.103
0.1555
0.12038
0.15
0.161838
0.154
0.128871
0.14036
0.015
0.159182
0.1635
0.164
0.126873
0.109945
0.16675
0.016
0.1315
0.010479
0.129435
0.142929
0.00649351
0.121878
0.1605
0.015984
0.151924
0.040959
0.114885
0.0509745
0.137363
0.125749
0.177411
0.144356
0.069965
0.153
0.122939
0.102295
0.1115
0.0109945
0.00649026
0.162919
0.047
0.150425
0.12032
0.123438
0.0904096
0.136364
0.11944
0.10989
0.13037
0.101949
0.138431
0.00949051
0.122378
0.01998
0.009
0.186907
0.153
0.091363
0.02
0.112388
0.0474525
0.108891
0.00799201
0.127
0.15992
0.085
0.137294
0.0249875
0.132867
0.129
0.132434
0.141929
0.091954
0.0798802
0.008
0.00948104
0.0239521
0.101949
0.0964518
0.1525
0.135932
0.123938
0.122939
0.125749
0.1375
0.0945
0.0964518
0.0125
0.137862
0.139
0.107446
0.16
0.165417
0.142929
0.176324
0.1535
0.010989
0.123
0.0325
0.021
0.1475
0.1115
0.046
0.1155
0.165417
0.175
0.0244633
0.00649026
0.176412
0.106394
0.136932
0.016
0.1165
0.1295
0.1175
0.0804598
0.125375
0.097
0.147631
0.166251
0.0115
0.15
0.160759
0.0145
0.14029
0.113943
0.138431
0.1385
0.1605
0.00549725
0.0725
0.015984
0.132368
0.112332
0.163255
0.178411
0.123
0.1065
0.1195
0.16092
0.130435
0.118941
0.141929
0.153347
0.1415
0.17033
0.0134731
0.139
0.0249875
0.175649
0.1745
0.1155
0.160679
0.2015
0.158921
0.0505
0.13
0.017991
0.008
0.15
0.1155
0.135162
0.138431
0.155
0.114214
0.0315
0.136296
0.0184723
0.0444555
0.1495
0.015984
0.0115
0.181409
0.1115
0.0089955
0.132434
0.1255
0.1695
0.018
0.0604698
0.1285
0.01
0.1515
0.1425
0.0733899
0.068
0.127436
0.185907
0.0804598
0.15
0.14043
0.1375
0.041
0.00749251
0.1405
0.1035
0.1095
0.021989
0.128
0.12044
0.153846
0.107446
0.13943
0.136364
0.151924
0.146
0.12044
0.00499002
0.1835
0.141429
0.141929
0.141429
0.127436
0.137
0.0873689
0.128308
0.1425
0.168248
0.173327
0.176823
0.108392
0.072
0.087956
0.115942
0.126873
0.021978
0.121939
0.1445
0.089
0.00798802
0.129
0.093
0.1575
0.121878
0.145427
0.171414
0.1555
0.126437
0.113943
0.161178
0.1205
0.158921
0.097
0.1225
0.027
0.134933
0.132368
0.0974026
0.0703944
0.159
0.1605
0.141429
0.1395
0.010989
0.128807
0.162
0.128807
0.1325
0.1795
0.1495
0.0804598
0.169915
0.132434
0.101
0.0185
0.107838
0.153347
0.177
0.162
0.115327
0.0949051
0.1085
0.1175
0.138431
0.165
0.088
0.128807
0.156344
0.168916
0.157264
0.0144928
0.129935
0.065967
0.135
0.0965
0.128308
0.129435
0.152847
0.111389
0.1565
0.00649675
0.00549451
0.137931
0.1025
0.0799201
0.0884558
0.128372
0.14022
0.151
0.0404798
0.009
0.171414
0.1065
0.17941
0.0975
0.165
0.166917
0.1215
0.146927
0.00849575
0.0134731
0.0154845
0.115327
0.126937
0.153423
0.165917
0.046
0.135864
0.0164835
0.0794603
0.146927
0.146853
0.095952
0.047
0.120879
0.127436
0.136432
0.0894553
0.1235
0.0935
0.14015
0.0935
0.0974026
0.0474525
0.145
0.111944
0.0085
0.161
0.019
0.1525
0.133433
0.1325
0.155422
0.0409386
0.00949525
0.0804598
0.127808
0.0665
0.016983
0.138
0.103448
0.0365
0.00948104
0.0144928
0.0249875
0.127436
0.00649675
0.0334833
0.1255
0.143
0.1015
0.1535
0.110945
0.013
0.184316
0.01
0.14
0.00849575
0.115942
0.0703944
0.012
0.13943
0.117941
0.126
0.146427
0.0624064
0.143357
0.176823
0.1445
0.1145
0.129
0.125874
0.139361
0.172414
0.105
0.126873
0.1475
0.147852
0.0189715
0.105841
0.1385
0.13986
0.133933
0.154768
0.146354
0.1535
0.111944
0.146927
0.15
0.00749251
0.0069965
0.1045
0.0184908
0.144356
0.0345
0.128436
0.00949051
0.0404798
0.198801
0.0795
0.1465
0.123438
0.1275
0.152924
0.202399
0.014
0.0324838
0.173327
0.109445
0.00549451
0.158263
0.115884
0.0894106
0.0884558
0.113387
0.1925
0.126
0.118822
0.159
0.168916
0.0795
0.0798802
0.0884116
0.128436
0.1455
0.0224888
0.1555
0.1105
0.123438
0.147852
0.1535
0.130869
0.139361
0.104239
0.145282
0.153923
0.17016
0.128
0.14093
0.1345
0.10634
0.115826
0.0955
0.0125
0.127309
0.025
0.13943
0.107446
0.0854573
0.144356
0.155922
0.153769
0.1435
0.1195
0.0189715
0.145927
0.14036
0.137431
0.0635
0.1115
0.136863
0.166
0.112388
0.0254237
0.0764236
0.135432
0.126
0.151349
0.13986
0.128244
0.131
0.122378
0.1525
0.1235
0.0649026
0.1815
0.138
0.1365
0.026
0.00949051
0.006
0.159
0.136932
0.172414
0.151924
0.0235
0.0395
0.0144855
0.166417
0.123377
0.145282
0.0035
0.0774613
0.143357
0.0244633
0.0075
0.0255
0.0105
0.021
0.134731
0.155422
0.0324675
0.011994
0.131
0.138931
0.174413
0.172914
0.00799201
0.0114828
0.118
0.138431
0.1555
0.1165
0.14036
0.00649026
0.148851
0.151848
0.0554446
0.173739
0.1135
0.0514743
0.163836
0.140719
0.128372
0.0718922
0.018
0.117383
0.0129935
0.176412
0.1055
0.071964
0.162419
0.0385
0.13037
0.0255
0.0444333
0.13
0.1985
0.107393
0.113943
0.198801
0.123814
0.1925
0.177
0.1345
0.175824
0.0985
0.141929
0.0569146
0.143856
0.00748503
0.121939
0.0055
0.0794603
0.0109945
0.112
0.118941
0.137294
0.136364
0.13
0.137
0.158263
0.110723
0.144928
0.1065
0.00949051
0.132867
0.1175
0.1015
0.18032
0.099
0.167249
0.134
0.00949051
0.133433
0.147926
0.1265
0.202399
0.133799
0.0374625
0.0315
0.145854
0.129
0.0174825
0.045977
0.156344
0.138
0.157
0.01999
0.147705
0.1565
0.166
0.144356
0.0259481
0.1295
0.152924
0.1365
0.0864568
0.095952
0.01
0.0915
0.1425
0.12525
0.171
0.151
0.11
0.1395
0.116
0.022
0.131868
0.105894
0.0444778
0.1615
0.1855
0.121939
0.137
0.135432
0.145854
0.133
0.133433
0.154423
0.161919
0.0349301
0.127
0.165417
0.123752
0.1435
0.107
0.173327
0.0444778
0.085957
0.073963
0.148
0.0345
0.13986
0.1365
0.152348
0.1275
0.1315
0.074
0.13986
0.191808
0.033983
0.1205
0.0703944
0.104
0.1045
0.0635
0.015992
0.104
0.136863
0.00948104
0.152
0.145282
0.106
0.154423
0.0065
0.1025
0.0115
0.21
0.128
0.133933
0.103448
0.154
0.0594406
0.1605
0.008
0.1475
0.013
0.102
0.1325
0.127309
0.0688279
0.151424
0.0485
0.0774613
0.085957
0.204898
0.145427
0.0733899
0.101949
0.032
0.177733
0.11
0.127436
0.008
0.163836
0.008
0.021978
0.026
0.110889
0.148426
0.147705
0.14
0.166999
0.0489755
0.0974026
0.192807
0.121257
0.14
0.0364818
0.0129935
0.16
0.00949051
0.157421
0.146927
0.165417
0.045977
0.124
0.1535
0.104948
0.15
0.137294
0.126
0.164918
0.118263
0.01
0.123876
0.141
0.17941
0.00499002
0.159
0.0315
0.0664668
0.135796
0.1275
0.061
0.00849151
0.0349476
0.1675
0.128
0.097951
0.0684658
0.1465
0.152924
0.085
0.1615
0.1495
0.134798
0.0964518
0.011
0.159261
0.163754
0.0938592
0.121817
0.025
0.150699
0.1505
0.1175
0.03
0.1735
0.112275
0.1475
0.121939
0.170915
0.0764236
0.205397
0.133933
0.1535
0.0884558
0.1025
0.106394
0.158263
0.0349476
0.128436
0.00798802
0.157107
0.123438
0.023
0.103
0.128372
0.0708583
0.097
0.0189715
0.128372
0.135864
0.00649026
0.0864568
0.004
0.16
0.143214
0.147
0.1695
0.129
0.0934066
0.121817
0.130435
0.122378
0.136364
0.142786
0.153423
0.0965
0.013
0.137
0.136432
0.160679
0.135
0.0798802
0.152
0.1665
0.0735
0.117324
0.1525
0.190809
0.128807
0.158921
0.1065
0.159
0.132236
0.114
0.047
0.207293
0.143428
0.1705
0.0939061
