0.2245
0.1935
0.2255
0.230769
0.212575
0.216176
0.2505
0.201
0.2405
0.296
0.187812
0.2475
0.270865
0.228
0.238
0.277223
0.26996
0.202
0.278582
0.248252
0.287856
0.206897
0.2405
0.295557
0.272092
0.213287
0.187313
0.265867
0.207792
0.26011
0.235382
0.2495
0.256372
0.00898652
0.187
0.248
0.253873
0.232884
0.138431
0.149425
0.270095
0.2615
0.2405
0.161
0.215392
0.258371
0.244256
0.2525
0.007996
0.231537
0.202
0.264
0.2595
0.233883
0.2055
0.2415
0.269461
0.2765
0.2185
0.206897
0.2025
0.241
0.245377
0.2385
0.227886
0.261
0.272364
0.2155
0.1915
0.005
0.248876
0.243257
0.215
0.123438
0.1995
0.305694
0.2095
0.011982
0.018
0.182
0.236382
0.2565
0.193403
0.222777
0.219
0.01
0.281359
0.2375
0.2375
0.224164
0.179321
0.217
0.192404
0.212394
0.220449
0.236382
0.00249626
0.2375
0.250375
0.278582
0.248751
0.2055
0.224388
0.290065
0.307539
0.272364
0.214
0.255245
0.175
0.2575
0.186314
0.210684
0.244378
0.267866
0.26011
0.222278
0.207396
0.182
0.227772
0.2445
0.216392
0.216675
0.2515
0.253373
0.1555
0.2005
0.259611
0.268866
0.211
0.242879
0.232884
0.186907
0.257
0.287856
0.268232
0.270365
0.13024
0.204898
0.210185
0.258741
0.250375
0.222
0.258741
0.251
0.305694
0.223888
0.24014
0.294
0.263972
0.23004
0.2445
0.010989
0.24676
0.200799
0.251
0.0165
0.246877
0.251
0.218391
0.207086
0.229156
0.232
0.244378
0.264471
0.251874
0.226274
0.186
0.253
0.288356
0.16983
0.207
0.233
0.246753
0.214393
0.216892
0.235882
0.171914
0.2165
0.24014
0.158421
0.2465
0.192615
0.23
0.248876
0.222
0.27182
0.238
0.0129935
0.267
0.264735
0.2655
0.218
0.221778
0.241
0.256372
0.28
0.2305
0.249375
0.2525
0.232884
0.0075
0.213
0.249
0.254
0.1715
0.2055
0.276362
0.246
0.0225
0.238143
0.250375
0.192
0.204092
0.2475
0.222167
0.216783
0.181
0.27
0.2625
0.205
0.174913
0.2255
0.244755
0.00549176
0.248876
0.149425
0.219171
0.270729
0.225387
0.252874
0.2235
0.193709
0.261369
0.272228
0.0114828
0.00949525
0.233533
0.192
0.2375
0.222167
0.224164
0.252374
0.2265
0.252874
0.249375
0.232535
0.254618
0.263237
0.206397
0.2105
0.269865
0.258371
0.244888
0.215285
0.26037
0.267465
0.206793
0.268597
0.218781
0.2065
0.197401
0.261
0.251874
0.2115
0.223054
0.205
0.2225
0.249875
0.2655
0.006
0.229271
0.224164
0.278721
0.196206
0.2515
0.238381
0.186314
0.215676
0.27182
0.247
0.193403
0.2545
0.2055
0.23
0.267465
0.211
0.222278
0.232
0.1455
0.248
0.149425
0.245377
0.0069965
0.238881
0.248
0.264735
0.275362
0.194903
0.245255
0.2945
0.205
0.252122
0.2115
0.272727
0.26037
0.215392
0.26011
0.195207
0.257871
0.248751
0.243257
0.222
0.227273
0.255872
0.2345
0.216392
0.243378
0.256372
0.215392
0.192904
0.230885
0.276362
0.237
0.222278
0.2605
0.2005
0.245
0.246877
0.227
0.257871
0.276224
0.205897
0.246
0.2395
0.261
0.212288
0.232884
0.231269
0.2195
0.2605
0.2275
0.2595
0.026973
0.1475
0.2305
0.248627
0.192904
0.006
0.238
0.2545
0.1945
0.241
0.2055
0.249251
0.251874
0.2115
0.0165
0.241758
0.00599101
0.266367
0.222
0.186314
0.215285
0.186314
0.2475
0.216392
0.171914
0.253746
0.239
0.246
0.2195
0.174738
0.248
0.171914
0.225387
0.254873
0.177911
0.289855
0.1955
0.24014
0.181
0.2005
0.236
0.00249875
0.243257
0.24663
0.25974
0.286857
0.2065
0.230654
0.254618
0.2475
0.207792
0.223
0.155112
0.2515
0.226274
0.215392
0.27936
0.257243
0.003998
0.278721
0.256743
0.009
0.26087
0.219281
0.276723
0.020979
0.231884
0.230923
0.00849151
0.0125
0.239141
0.2585
0.261608
0.223888
0.261
0.252495
0.197401
0.228158
0.236146
0.287856
0.2235
0.27309
0.209186
0.212575
0.216
0.267233
0.234383
0.229885
0.221
0.1999
0.225387
0.2025
0.222278
0.2065
0.279
0.227886
0.213074
0.0055
0.2295
0.251
0.243392
0.267
0.213
0.286857
0.162
0.238262
0.219171
0.2655
0.0335
0.21318
0.185907
0.274363
0.235764
0.230654
0.226274
0.231038
0.218891
0.28036
0.226274
0.2005
0.227386
0.2245
0.233883
0.2355
0.276862
0.207896
0.2555
0.009
0.21967
0.009
0.20669
0.270865
0.2655
0.00898652
0.262238
0.209895
0.213679
0.233
0.239261
0.222056
0.197703
0.0085
0.226387
0.249626
0.2325
0.246254
0.196902
0.239
0.283716
0.276362
0.261369
0.222889
0.252374
0.267465
0.00449775
0.239
0.227772
0.2125
0.2395
0.238
0.241379
0.247752
0.141929
0.237644
0.266467
0.214179
0.253746
0.23976
0.2945
0.243378
0.270729
0.277861
0.2405
0.2315
0.258225
0.252874
0.188811
0.227
0.245754
0.238262
0.232268
0.24038
0.192404
0.252374
0.246877
0.1475
0.213287
0.291
0.275
0.237381
0.223277
0.2125
0.217391
0.2445
0.230885
0.208
0.2485
0.2265
0.225887
0.249
0.2575
0.195804
0.210789
0.187718
0.228
0.2055
0.222389
0.2725
0.258741
0.2765
0.281718
0.235
0.234032
0.2535
0.2135
0.242379
0.244
0.215892
0.1915
0.236382
0.246
0.188906
0.095
0.222389
0.227772
0.00399401
0.258371
0.265235
0.191617
0.2465
0.158421
0.22039
0.223388
0.269
0.207792
0.2275
0.196304
0.269365
0.241018
0.247
0.198302
0.238262
0.214393
0.205397
0.2465
0.00998004
0.276171
0.246877
0.210789
0.191904
0.2125
0.215
0.242258
0.212288
0.213287
0.247
0.2335
0.2475
0.183
0.245255
0.251
0.0085
0.247629
0.2835
0.245754
0.2115
0.010989
0.213786
0.216
0.246753
0.222278
0.187812
0.230654
0.245
0.241
0.207293
0.275362
0.022977
0.2295
0.2145
0.21
0.212681
0.202
0.1475
0.24
0.274
0.2045
0.224388
0.247
0.242
0.274863
0.0194903
0.141929
0.2405
0.00998004
0.231537
0.240759
0.233383
0.216176
0.2
0.251874
0.262238
0.207
0.243756
0.274451
0.2525
0.25362
0.2255
0.256372
0.279581
0.27986
0.293706
0.2495
0.254618
0.2235
0.211894
0.2635
0.232384
0.196402
0.246
0.210684
0.2095
0.249375
0.27
0.267866
0.210789
0.209895
0.243878
0.247129
0.252621
0.2625
0.2505
0.236382
0.212894
0.222
0.21
0.188811
0.192615
0.205897
0.231153
0.268
0.23
0.223888
0.236146
0.158421
0.2345
0.2315
0.237381
0.2025
0.262238
0.206397
0.225887
0.001998
0.2375
0.247
0.194403
0.283858
0.275862
0.257114
0.241259
0.247629
0.261369
0.223
0.210684
0.223277
0.24663
0.13024
0.215392
0.252369
0.212394
0.1345
0.2185
0.211289
0.254491
0.173826
0.173413
0.00749625
0.2355
0.251
0.2205
0.218891
0.28086
0.2495
0.245754
0.212894
0.251
0.230155
0.227159
0.2845
0.168747
0.281
0.2395
0.197303
0.2565
0.267
0.267366
0.229156
0.2003
0.232268
0.244
0.2575
0.213287
0.216892
0.238262
0.243257
0.223388
0.223888
0.222
0.1455
0.213
0.161
0.268
0.2415
0.258
0.208791
0.295557
0.2475
0.2075
0.2305
0.240759
0.248876
0.233
0.21
0.223388
0.264
0.2355
0.2125
0.293706
0.253373
0.0209685
0.2475
0.214286
0.2775
0.2666
0.2165
0.213287
0.123438
0.245754
0.2075
0.0194903
0.207189
0.238761
0.2355
0.2415
0.198203
0.273227
0.2225
0.184908
0.2435
0.2625
0.238761
0.00998004
0.0335
0.00999001
0.227
0.227273
0.268597
0.194903
0.27309
0.172914
0.198901
0.266
0.272183
0.2545
0.254119
0.197
0.193403
0.2565
0.3
0.262238
0.190905
0.269365
0.1333
0.253373
0.243257
0.268866
0.245
0.256372
0.2475
0.2135
0.162919
0.202096
0.287924
0.243878
0.2465
0.208
0.247752
0.214
0.210789
0.226048
0.2565
0.184224
0.268
0.251
0.224
0.226274
0.2195
0.203398
0.028
0.165
0.237
0.1875
0.165252
0.226
0.289855
0.2
0.22089
0.235411
0.247129
0.216176
0.273863
0.283716
0.236882
0.2705
0.232884
0.192
0.195
0.250749
0.19
0.262238
0.2395
0.191904
0.288567
0.227273
0.217891
0.245387
0.210684
0.226
0.233383
0.20669
0.216892
0.269865
0.197303
0.2385
0.2505
0.2215
0.2485
0.222
0.243
0.246254
0.2475
0.24038
0.193903
0.206
0.233533
0.2655
0.2615
0.235764
0.23027
0.2535
0.2165
0.234383
0.272364
0.0149925
0.227386
0.2245
0.235647
0.237381
0.231
0.255245
0.00949525
0.21939
0.233267
0.213393
0.225275
0.233
0.249501
0.186
0.145927
0.266867
0.208
0.24038
0.0129935
0.222666
0.007996
0.2215
0.209395
0.211394
0.222
0.1995
0.246
0.2595
0.236146
0.270729
0.252874
0.186907
0.251249
0.2235
0.286357
0.226
0.207
0.233
0.21978
0.217
0.2215
0.248
0.236146
0.201
0.235882
0.22666
0.206397
0.212394
0.212
0.284858
0.247876
0.0165
0.248376
0.2155
0.193403
0.182409
0.227
0.275
0.229271
0.243
0.193
0.197901
0.179321
0.223388
0.257
0.2895
0.231
0.219
0.2135
0.246
0.0095
0.233383
0.1645
0.2705
0.245255
0.28086
0.237381
0.215892
0.268
0.224052
0.217
0.199
0.2425
0.244878
0.228
0.264735
0.263237
0.26996
0.172914
0.222777
0.2635
0.231038
0.211078
0.252
0.227
0.205897
0.248
0.0145
0.156843
0.247
0.173
0.278582
0.212288
0.2125
0.223054
0.266867
0.187812
0.1815
0.267465
0.253873
0.187219
0.171414
0.185
0.290564
0.247
0.254246
0.206793
0.2305
0.23976
0.232
0.244878
0.218064
0.205
0.278582
0.237381
0.255
0.183317
0.211
0.230923
0.258741
0.2425
0.011982
0.204
0.209895
0.257114
0.266234
0.239
0.279
0.2145
0.2665
0.226274
0.202
0.2365
0.258
0.226773
0.218173
0.2465
0.244878
0.210684
0.2125
0.2535
0.224052
0.2345
0.256372
0.261738
0.241
0.256372
0.216892
0.214286
0.249375
0.221389
0.194805
0.264868
0.257243
0.219
0.277861
0.243
0.1695
0.208896
0.239
0.215177
0.194403
0.2195
0.2405
0.230769
0.264471
0.2135
0.259
0.297554
0.273952
0.252874
0.222
0.192404
0.298351
0.273863
0.226274
0.232767
0.2445
0.272364
0.232884
0.191904
0.256743
0.2645
0.262238
0.264
0.271
0.00549176
0.232767
0.284858
0.209186
0.1335
0.245377
0.004
0.009995
0.151924
0.25025
0.256743
0.2145
0.22028
0.186314
0.163754
0.21967
0.151424
0.274
0.2405
0.210789
0.192404
0.232
0.2145
0.274588
0.204398
0.191118
0.255245
0.226547
0.191404
0.2265
0.2135
0.268232
0.26011
0.173
0.272092
0.246
0.270729
0.175
0.246254
0.227886
0.266
0.0075
0.229885
0.227386
0.196206
0.261369
0.239141
0.212894
0.163754
0.2855
0.208896
0.278861
0.2765
0.258
0.194805
0.245
0.272092
0.269
0.272864
0.193403
0.239
0.230769
0.2295
0.26087
0.234883
0.2605
0.207896
0.227
0.247752
0.16034
0.273
0.272183
0.2595
0.21
0.215892
0.159
0.245255
0.227886
0.243378
0.236382
0.2175
0.266367
0.0065
0.2075
0.246
0.274863
0.1895
0.2025
0.274
0.224
0.287856
0.294
0.234383
0.228
0.187718
0.219281
0.228386
0.286
0.226387
0.1815
0.27309
0.231038
0.1915
0.194805
0.217782
0.2
0.247629
0.2425
0.1998
0.1915
0.191904
0.253373
0.246753
0.235
0.222389
0.181409
0.3155
0.214
0.209
0.200799
0.2445
0.224
0.231537
0.226387
0.006
0.221889
0.265235
0.246
0.213893
0.29
0.22017
0.242
0.215
0.203898
0.28036
0.237525
0.00799201
0.16
0.183317
0.25937
0.2845
0.005997
0.221389
0.247376
0.238
0.274
0.238262
0.151
0.173
0.208896
0.241758
0.197
0.24014
0.266367
0.00649026
0.2675
0.227159
0.24014
0.150925
0.1335
0.259
0.267
0.233383
0.231537
0.236382
0.257
0.195402
0.2605
0.192404
0.235647
0.241879
0.226
0.250375
0.2525
0.241758
0.213287
0.248
0.251
0.246254
0.2325
0.204092
0.183317
0.211289
0.238262
0.00549176
0.231653
0.183317
0.2665
0.207792
0.24038
0.207792
0.233533
0.25362
0.163337
0.178
0.0104948
0.251249
0.249126
0.2255
0.123438
0.243392
0.2435
0.17033
0.211682
0.095
0.228657
0.233533
0.0069965
0.2915
0.229271
0.2585
0.286357
0.022977
0.212
0.255372
0.241018
0.305694
0.273952
0.244
0.257
0.223388
0.246
0.235764
0.0044955
0.2565
0.0145
0.2125
0.1999
0.1875
0.222278
0.245
0.206397
0.246
0.274863
0.205397
0.22
0.1345
0.192404
0.281718
0.224164
0.232535
0.262869
0.2515
0.2665
0.284858
0.275
0.2565
0.250875
0.273952
0.15942
0.233
0.212894
0.2595
0.262238
0.2265
0.165
0.230885
0.1475
0.005997
0.011982
0.212681
0.201
0.2755
0.197303
0.151
0.247
0.233533
0.244378
0.1855
0.228386
0.276723
0.211788
0.007996
0.2005
0.211289
0.2315
0.0225
0.2385
0.258741
0.187219
0.2345
0.275225
0.233
0.2395
0.26037
0.249875
0.2185
0.2335
0.245
0.2025
0.255872
0.00549176
0.181409
0.269461
0.2025
0.2565
0.2915
0.223888
0.174825
0.232884
0.194403
0.16983
0.255245
0.224388
0.22028
0.226387
0.243
0.237263
0.205897
0.2405
0.159
0.202399
0.2009
0.261
0.244378
0.230923
0.1925
0.26384
0.253373
0.1825
0.2565
0.226274
0.212288
0.00699301
0.2275
0.2535
0.238881
0.237381
0.214393
0.181409
0.1998
0.205897
0.155112
0.207792
0.232152
0.215285
0.262238
0.2375
0.245877
0.232384
0.221778
0.256244
0.278582
0.211788
0.238262
0.258225
0.217
0.222666
0.2135
0.256743
0.245377
0.246877
0.252248
0.2235
0.218
0.193903
0.223888
0.2105
0.2845
0.216176
0.266
0.0035
0.2635
0.252122
0.204
0.0165
0.205794
0.207
0.245632
0.0114828
0.245387
0.268
0.233
0.174738
0.290065
0.245377
0.268232
0.216
0.265367
0.246384
0.2255
0.2505
0.2009
0.235382
0.237144
0.226387
0.244888
0.224888
0.195804
0.235882
0.023
0.2515
0.00549176
0.218891
0.242258
0.246877
0.232884
0.250375
0.243257
0.215285
0.208084
0.222389
0.235
0.207896
0.233883
0.245
0.2405
0.235382
0.2545
0.233533
0.248876
0.232384
0.2345
0.258741
0.2475
0.261869
0.188906
0.208084
0.011994
0.213679
0.2615
0.253373
0.224276
0.220669
0.262869
0.204898
0.273863
0.202
0.222389
0.192
0.254
0.22039
0.2075
0.2115
0.221
0.233533
0.2395
0.2655
0.163337
0.265
0.243392
0.258
0.2525
0.218891
0.275225
0.23988
0.235411
0.255
0.238761
0.2225
0.282859
0.253247
0.238381
0.211
0.212288
0.00699301
0.241379
0.241
0.204398
0.245754
0.2025
0.264
0.24088
0.0055
0.2155
0.2175
0.236
0.257
0.203898
0.205897
0.227886
0.247253
0.145927
0.2515
0.243378
0.247752
0.197
0.2125
0.227
0.015992
0.270365
0.233533
0.212
0.259
0.268597
0.263972
0.23004
0.221
0.22039
0.270594
0.2175
0.2455
0.233533
0.2003
0.257114
0.172741
0.22039
0.271364
0.254
0.210684
0.268
0.2415
0.224888
0.278721
0.227
0.185
0.2225
0.273952
0.2655
0.247
0.2125
0.2555
0.0055
0.234
0.196206
0.262
0.186907
0.222
0.2655
0.168916
0.217
0.191904
0.2725
0.250375
0.281359
0.283075
0.231269
0.237762
0.235647
0.207896
0.194805
0.164835
0.290564
0.2003
0.2275
0.205
0.178
0.162919
0.236382
0.216176
0.273
0.226887
0.206397
0.2545
0.262238
0.276
0.215
0.219
0.191904
0.249126
0.208896
0.0065
0.249
0.204
0.2275
0.26037
0.156843
0.262869
0.207293
0.188906
0.224
0.178411
0.221557
0.154423
0.25362
0.211682
0.2405
0.233
0.003996
0.2595
0.270865
0.233
0.2135
0.2025
0.218781
0.2445
0.208
0.202899
0.269
0.2635
0.206397
0.237263
0.186
0.223388
0.237762
0.2395
0.230769
0.206
0.212288
0.251874
0.205
0.215
0.226887
0.1785
0.324014
0.238761
0.235
0.297554
0.0125
0.0149925
0.231
0.236146
0.247
0.245
0.203398
0.273952
0.245754
0.272228
0.255245
0.202399
0.203898
0.193
0.2135
0.238761
0.24038
0.2003
0.213965
0.283716
0.257
0.244878
0.005997
0.235882
0.266
0.2005
0.251874
0.2375
0.107446
0.239
0.199601
0.233
0.22028
0.272727
0.222889
0.2775
0.261
0.258
0.2615
0.231
0.256372
0.274451
0.2415
0.0115
0.186314
0.1915
0.27309
0.195402
0.194903
0.2405
0.289855
0.214785
0.232384
0.247752
0.156843
0.277861
0.199601
0.227159
0.2095
0.268232
0.244755
0.2004
0.2655
0.238881
0.243
0.01
0.2395
0.186314
0.289855
0.250749
0.1455
0.275362
0.186221
0.0109945
0.252248
0.215
0.1915
0.233383
0.266867
0.238381
0.2895
0.2115
0.185721
0.235382
0.228
0.249251
0.237381
0.224388
0.231269
0.264
0.272
0.272364
0.2595
0.238881
0.210789
0.219281
0.28022
0.244888
0.16983
0.267332
0.212394
0.2635
0.2835
0.269
0.205
0.227386
0.236
0.242879
0.2135
0.252
0.278222
0.00449775
0.251
0.196902
0.208
0.233533
0.246877
0.226274
0.241879
0.264
0.250125
0.226274
0.254
0.285
0.219
0.240759
0.2205
0.255245
0.2565
0.208896
0.261738
0.22017
0.2425
0.284
0.235265
0.274
0.182409
0.2235
0.224888
0.251623
0.0165
0.261869
0.268
0.245132
0.238761
0.2465
0.251
0.222278
0.254618
0.2165
0.2325
0.2365
0.21939
0.198203
0.2375
0.2595
0.235
0.269
0.256372
0.236882
0.225387
0.182909
0.1695
0.2175
0.259241
0.262238
0.230385
0.227
0.244633
0.175
0.222
0.246254
0.194403
0.2445
0.0209685
0.246131
0.2595
0.003998
0.22089
0.141929
0.255
0.243878
0.279581
0.218391
0.224663
0.267465
0.163337
0.207
0.2275
0.2275
0.2565
0.0624376
0.00748877
0.307539
0.233
0.172914
0.236382
0.270729
0.199
0.258242
0.274588
0.23988
0.234883
0.242
0.217891
0.2
0.259241
0.222278
0.199601
0.0114828
0.294853
0.222
0.171414
0.258
0.175
0.28022
0.2525
0.2075
0.272228
0.1965
0.238143
0.21939
0.2475
0.2135
0.196206
0.287924
0.210789
0.00999001
0.248751
0.207189
0.213
0.2295
0.253247
0.226
0.227886
0.211394
0.186314
0.243378
0.249375
0.2475
0.212394
0.24
0.25025
0.21
0.241379
0.2215
0.2455
0.241638
0.275362
0.214
0.270095
0.192904
0.240759
0.20669
0.251
0.238262
0.248
0.2455
0.23
0.203898
0.0145
0.218
0.222
0.207396
0.248503
0.2355
0.247
0.237381
0.187812
0.22
0.275362
0.232884
0.234883
0.257871
0.212182
0.213393
0.231384
0.237762
0.2666
0.2225
0.286857
0.165252
0.224
0.2405
0.263868
0.2555
0.241
0.266467
0.243
0.0145
0.222777
0.1755
0.182409
0.238381
0.245
0.261108
0.254873
0.2315
0.207896
0.241
0.249626
0.258113
0.248
0.247376
0.0065
0.202899
0.249875
0.246877
0.246877
0.25025
