0.0095
0.122378
0.0135
0.121939
0.106
0.163
0.1085
0.112944
0.111832
0.0149775
0.0815
0.0889555
0.0989505
0.0785
0.087956
0.0109945
0.156687
0.121939
0.0874563
0.108946
0.11039
0.00899101
0.0244755
0.108946
0.1175
0.153846
0.0385
0.101399
0.1485
0.1535
0.0309845
0.037
0.010479
0.124
0.108283
0.118
0.0285
0.131
0.041979
0.128936
0.11976
0.0705
0.0664004
0.013
0.0915
0.162
0.1175
0.01
0.1475
0.0749625
0.0424788
0.0857855
0.1495
0.101449
0.123315
0.0294853
0.131802
0.027972
0.143285
0.0964518
0.008
0.142287
0.112388
0.0194903
0.107
0.158841
0.1235
0.0149925
0.0815
0.149925
0.0149925
0.131802
0.163418
0.0515
0.0848727
0.0194611
0.0375
0.094
0.0235
0.1205
0.170245
0.027
0.177411
0.121379
0.146
0.0089955
0.104843
0.1175
0.0174825
0.1085
0.0864568
0.111888
0.0114828
0.1125
0.0489266
0.101449
0.136
0.1425
0.1015
0.0154845
0.114943
0.0565
0.1
0.00549451
0.136932
0.1445
0.0619381
0.109835
0.128
0.0778443
0.013
0.131434
0.029
0.00798802
0.0759241
0.09
0.1525
0.03998
0.012987
0.131802
0.1045
0.121817
0.130435
0.12094
0.0445
0.106394
0.126
0.0295
0.063968
0.0264868
0.1295
0.126937
0.0724638
0.143
0.037962
0.0875
0.0169915
0.162257
0.107339
0.113
0.145427
0.0055
0.0314843
0.099
0.165834
0.118
0.133433
0.072
0.073963
0.170915
0.1425
0.123814
0.0349825
0.0775
0.118382
0.1305
0.00799201
0.0724638
0.113
0.1305
0.142857
0.118
0.122439
0.00598802
0.0295
0.124
0.111444
0.058
0.121878
0.0654673
0.0424788
0.0384232
0.015
0.0314843
0.0265
0.11039
0.008
0.1185
0.0105
0.1345
0.1805
0.0474763
0.039
0.014
0.155844
0.0889555
0.106287
0.146427
0.0974513
0.1205
0.036
0.149
0.0404798
0.135
0.109445
0.131434
0.107446
0.0409795
0.0569146
0.131434
0.022
0.108446
0.0085
0.00798403
0.144068
0.035
0.076
0.1235
0.0585
0.124376
0.110334
0.1255
0.101949
0.0689655
0.0074813
0.0129805
0.035
0.154
0.066
0.107946
0.136
0.005
0.101399
0.012987
0.1055
0.0649351
0.036
0.1705
0.13993
0.14093
0.108946
0.0169915
0.104396
0.13986
0.0734633
0.049975
0.036
0.0204693
0.00948577
0.0395
0.00999001
0.122
0.0839161
0.00949051
0.00999001
0.033966
0.0285
0.118822
0.0104948
0.0504748
0.013986
0.014
0.0989505
0.136
0.0783824
0.130435
0.030969
0.0164835
0.0629371
0.0889555
0.0409795
0.111
0.0264603
0.0769615
0.1502
0.00549451
0.143214
0.138431
0.142857
0.0789211
0.115942
0.0109945
0.0095
0.170829
0.115442
0.0194611
0.0215
0.029
0.011988
0.0705
0.0794603
0.116
0.089955
0.010479
0.00499002
0.023
0.0974026
0.16
0.042957
0.0784608
0.013
0.108392
0.108946
0.0629056
0.113273
0.0815
0.144068
0.094
0.0265
0.130435
0.1215
0.019
0.149
0.097
0.1045
0.0814186
0.113387
0.091
0.1645
0.137793
0.0164835
0.0889555
0.0254873
0.127
0.016
0.15992
0.089
0.076
0.0945
0.022
0.1615
0.108392
0.135
0.0115
0.1225
0.0789211
0.01998
0.155922
0.00549725
0.0264735
0.089955
0.145
0.0169915
0.1325
0.009995
0.0835
0.122877
0.11333
0.143428
0.005
0.0105
0.062
0.0968547
0.122439
0.0424788
0.0089955
0.138861
0.023988
0.130435
0.0149925
0.0429785
0.055972
0.0675
0.151
0.149925
0.127
0.047952
0.148851
0.126937
0.1015
0.0884558
0.0455
0.192
0.1125
0.1075
0.11
0.12094
0.121939
0.024
0.146
0.0095
0.1115
0.112887
0.00898204
0.00649351
0.158921
0.133933
0.14521
0.14093
0.158921
0.0594703
0.110334
0.091
0.1015
0.105894
0.175237
0.1365
0.151
0.00849151
0.03998
0.110945
0.125375
0.0874563
0.0943585
0.144
0.00798802
0.0984508
0.106394
0.12094
0.142786
0.102
0.0365
0.132434
0.118762
0.115442
0.093953
0.17033
0.156
0.1205
0.116442
0.045977
0.0239641
0.117941
0.1185
0.0865
0.0717846
0.163418
0.00549725
0.0154845
0.00749625
0.103
0.121
0.154
0.0645
0.031
0.143285
0.007
0.0914086
0.0435
0.102794
0.0459311
0.0325
0.135
0.117441
0.1135
0.0559441
0.14043
0.0489266
0.123377
0.146
0.013993
0.0155
0.0209372
0.114
0.115442
0.0924076
0.121939
0.1305
0.1475
0.023988
0.12094
0.0334498
0.015
0.101
0.130935
0.016
0.0549725
0.0324838
0.089366
0.101399
0.127872
0.081
0.0675
0.1805
0.143
0.144928
0.0225
0.0954046
0.010989
0.15942
0.1475
0.146281
0.0155
0.1215
0.141858
0.0729635
0.0414378
0.14093
0.0595
0.143428
0.01998
0.010989
0.148278
0.130435
0.131434
0.0124875
0.166833
0.00949525
0.0149925
0.0875
0.0399401
0.0915
0.146927
0.0909091
0.0369446
0.0254873
0.023976
0.113
0.024
0.0664668
0.0524738
0.13037
0.132434
0.0845
0.0933134
0.096
0.1205
0.108891
0.148278
0.087956
0.1235
0.1605
0.134
0.019
0.125
0.11039
0.1415
0.0504244
0.0404798
0.149
0.079
0.011
0.114
0.128436
0.127436
0.00948577
0.107
0.131434
0.142929
0.123315
0.0935
0.108946
0.055
0.033
0.1505
0.0575
0.055
0.0584124
0.0349825
0.045977
0.0684316
0.144068
0.128308
0.13943
0.121379
0.0969031
0.0859141
0.112
0.112831
0.032967
0.0639361
0.0144928
0.00849575
0.0129805
0.0309845
0.032967
0.01998
0.122
0.0349825
0.115442
0.155922
0.0944528
0.0869131
0.011994
0.007
0.171742
0.104948
0.125937
0.144928
0.0239641
0.00698952
0.078
0.022
0.100349
0.107446
0.146427
0.064
0.171742
0.0524738
0.0825
0.0619381
0.0974026
0.0085
0.0814593
0.10989
0.03998
0.0984016
0.1015
0.150425
0.0674663
0.12094
0.0594109
0.0285
0.037
0.0649351
0.017982
0.0745
0.128936
0.122
0.126
0.068
0.144356
0.1355
0.153
0.143428
0.1575
0.0954523
0.0274588
0.019
0.0659011
0.128
0.156687
0.073
0.0155
0.0129935
0.126374
0.111444
0.0839161
0.00849575
0.055
0.0644678
0.102
0.1215
0.134433
0.123377
0.0125
0.0164835
0.11982
0.0554169
0.116
0.0865
0.053973
0.0964036
0.118
0.0755
0.1225
0.0474763
0.0709291
0.11
0.1155
0.108946
0.0485
0.116766
0.0595
0.0194903
0.1745
0.111944
0.005
0.0934066
0.12094
0.093
0.0919081
0.01
0.1325
0.026
0.11988
0.186
0.0944528
0.087
0.126
0.0129805
0.15992
0.0075
0.0759241
0.1535
0.101898
0.150925
0.155922
0.129
0.0144783
0.0504748
0.107446
0.111888
0.131434
0.0035
0.021
0.115942
0.0865
0.031
0.130435
0.113886
0.097
0.124438
0.111944
0.1395
0.101449
0.122439
0.019
0.178
0.1395
0.0129805
0.091954
0.1015
0.0095
0.034
0.0194903
0.032967
0.095
0.027
0.102
0.0914086
0.1045
0.0959041
0.128936
0.118881
0.0129805
0.127808
0.033
0.0834583
0.028971
0.143428
0.033966
0.0375
0.0329835
0.0144928
0.155922
0.165335
0.114443
0.175237
0.0664004
0.0954046
0.134
0.047952
0.152424
0.1425
0.0852868
0.131802
0.0565
0.0665
0.0865
0.150925
0.0579131
0.0559441
0.009995
0.0955
0.0275
0.1185
0.155844
0.135432
0.144928
0.007996
0.117441
0.0224888
0.149775
0.112944
0.125874
0.0115
0.00698952
0.114
0.15992
0.149
0.14521
0.144928
0.112831
0.024
0.128
0.0205
0.00997506
0.093953
0.138653
0.1555
0.0205
0.009995
0.1
0.102
0.0669331
0.0805
0.055
0.107946
0.0029985
0.00749625
0.118
0.012987
0.015984
0.00549451
0.116442
0.151772
0.0315
0.106447
0.117441
0.106
0.0365
0.0164835
0.0304695
0.121439
0.0075
0.0724638
0.096
0.111832
0.146
0.012987
0.154768
0.0304695
0.0909091
0.119
0.114
0.010989
0.00799201
0.0109945
0.117324
0.0104895
0.1485
0.137363
0.032967
0.1015
0.107
0.129371
0.1045
0.136
0.103448
0.147926
0.026
0.00749625
0.0644678
0.022
0.144711
0.138362
0.102846
0.105894
0.111888
0.0579131
0.1575
0.115442
0.089366
0.13037
0.101949
0.106
0.0955
0.0675
0.13993
0.143428
0.1485
0.128308
0.0055
0.0529471
0.0105
0.047
0.112275
0.103844
0.129
0.0949051
0.0095
0.1475
0.101847
0.0105
0.14678
0.093
0.0504748
0.111444
0.1095
0.116
0.0149775
0.1135
0.113
0.0209895
0.0044955
0.032967
0.0565
0.0988024
0.009995
0.102
0.116
0.1355
0.0824176
0.00949525
0.0863704
0.116442
0.146354
0.137
0.11944
0.01
0.1015
0.0149925
0.106947
0.1215
0.10989
0.0409795
0.0089955
0.107892
0.1145
0.079
0.0085
0.022
0.1235
0.106394
0.126
0.0974026
0.1235
0.0964518
0.030969
0.0519481
0.135
0.0778443
0.0729635
0.116
0.0365
0.0295
0.012987
0.0075
0.138362
0.0075
0.118822
0.0149775
0.004
0.135932
0.1365
0.0245
0.0565
0.1095
0.0573852
0.0789211
0.113443
0.1325
0.107946
0.0115
0.0594703
0.00698952
0.155844
0.0284573
0.005
0.1025
0.043956
0.057
0.009995
0.13993
0.00948577
0.1385
0.118
0.135432
0.134433
0.131434
0.117383
0.118
0.111
0.0954046
0.1505
0.084
0.0998502
0.00749625
0.0125
0.1095
0.171
0.0294853
0.137
0.0409795
0.0145
0.1145
0.149
0.107446
0.1095
0.101
0.165834
0.0189905
0.0285
0.077961
0.155267
0.005
0.0874563
0.0969515
0.0839161
0.0429785
0.127436
0.0404798
0.0573852
0.0209581
0.0209581
0.0729271
0.0265
0.00648703
0.136932
0.04
0.1205
0.0734633
0.153
0.0975
0.1395
0.0925
0.0865
0.1535
0.0075
0.1065
0.1155
0.0905
0.122439
0.118
0.1325
0.030969
0.153846
0.095
0.125874
0.0949051
0.1385
0.117441
0.12
0.0209372
0.0105
0.0999001
0.005
0.180819
0.1475
0.043
0.144928
0.0724638
0.017
0.028971
0.109445
0.0869565
0.00997506
0.0085
0.011988
0.12
0.122439
0.1555
0.117441
0.1175
0.030969
0.0834583
0.112
0.187
0.1325
0.105788
0.155345
0.0964518
0.102692
0.117441
0.0234765
0.0459082
0.00949051
0.0719281
0.14521
0.1095
0.0573852
0.025974
0.0579131
0.0274725
0.0394605
0.028
0.043956
0.0834583
0.036
0.116942
0.116
0.137294
0.14043
0.108
0.1395
0.162
0.116326
0.117441
0.111389
0.025
0.0125
0.054
0.150925
0.12094
0.0924076
0.133933
0.1645
0.076
0.132
0.122439
0.101
0.138431
0.158921
0.1715
0.123377
0.036
0.0149925
0.081
0.146
0.0704296
0.0515
0.115442
0.0455
0.028
0.0065
0.013
0.148204
0.143357
0.136296
0.14043
0.132867
0.1215
0.0294853
0.0149925
0.134366
0.149
0.0968547
0.0545
0.0194903
0.073
0.00949525
0.1475
0.116326
0.145427
0.043
0.00998502
0.057
0.144928
0.0974026
0.101949
0.1445
0.032967
0.1205
0.0709291
0.155922
0.019
0.127936
0.0229656
0.136296
0.094
0.030969
0.1265
0.018
0.0114943
0.124
0.012
0.155844
0.009995
0.147926
0.101847
0.125874
0.00949525
0.121939
0.119381
0.11039
0.107446
0.0115
0.0852868
0.0089955
0.109945
0.0375
0.0513716
0.1425
0.123752
0.003996
0.134299
0.1105
0.0568862
0.143285
0.10045
0.146281
0.0675
0.134865
0.032967
0.145
0.0105
0.1165
0.117441
0.118323
0.15984
0.128436
0.152424
0.103
0.0144928
0.128308
0.018
0.00798802
0.0384615
0.123
0.0884558
0.0795
0.0774613
0.014
0.1085
0.0974026
0.0489266
0.108837
0.010989
0.171742
0.00698952
0.161919
0.12987
0.034
0.011
0.143428
0.0474525
0.107892
0.023
0.019
0.0815
0.0665
0.155844
0.057971
0.067966
0.0565
0.1095
0.133933
0.0554169
0.11039
0.106394
0.0954046
0.0294853
0.104843
0.0955
0.0629685
0.109726
0.039
0.039
0.0205
0.134299
0.0115
0.0504748
0.0934066
0.0409795
0.0784608
0.034
0.028971
0.0485
0.0169915
0.148204
0.0175
0.0765
0.0845
0.11988
0.0745
0.132867
0.123938
0.053973
0.057
0.0129805
0.0409795
0.0508982
0.0965
0.0159681
0.1355
0.015992
0.0845
0.0964518
0.125937
0.0149775
0.0919081
0.0884116
0.124376
0.031
0.028
0.0863704
0.15327
0.00549725
0.104948
0.0089955
0.0943585
0.0865
0.034
0.142786
0.141858
0.1575
0.0615
0.0648703
0.1485
0.047952
0.137363
0.0689655
0.10684
0.029
0.101
0.024
0.096
0.125375
0.0285
0.0729271
0.0814593
0.121439
0.035
0.0929535
0.192
0.121817
0.100849
0.019
0.151
0.0749625
0.0375
0.138362
0.15942
0.108946
0.139291
0.116442
0.0785
0.0649351
0.009995
0.03
0.153
0.153
0.076
0.10989
0.0675
0.0909091
0.1295
0.111888
0.0745
0.0205
0.0594703
0.0919081
0.126
0.130435
0.187
0.110334
0.112275
0.096
0.115442
0.1395
0.109945
0.033983
0.0245
0.142429
0.131434
0.130435
0.184
0.041
0.0743513
0.1275
0.1085
0.0689311
0.09995
0.016
0.112887
0.135365
0.027
0.129
0.0824588
0.0965
0.125874
0.116
0.116
0.09
0.00998502
0.043
0.0693959
0.1295
0.026
0.0055
0.109726
0.0965
0.1
0.122378
0.129371
0.107
0.0834583
0.142429
0.0805
0.0515
0.0169915
0.1004
0.00549451
0.0958562
0.1415
0.126437
0.00549725
0.172328
0.0829585
0.141858
0.114
0.093953
0.127373
0.0114943
0.113886
0.047952
0.0144783
0.103844
0.0374438
0.0189905
0.0835
0.0674663
0.0644678
0.0385
0.0568862
0.1385
0.0964518
0.162
0.125874
0.1555
0.158762
0.124
0.116442
0.0749625
0.049
0.108446
0.115442
0.141288
0.0763854
0.122439
0.0129805
0.134366
0.0455
0.0529471
0.0275
0.00798403
0.120879
0.112944
0.166833
0.141858
0.0404798
0.103896
0.148426
0.144711
0.0964518
0.0964518
0.031
0.00749625
0.1245
0.138861
0.123
0.0374438
0.11039
0.019
0.163
0.0149775
0.117441
0.114443
0.0265
0.157
0.0839161
0.0884116
0.0794603
0.0074813
0.115942
0.079
0.035
0.106287
0.153846
0.0444333
0.0815
0.0104948
0.127808
0.12094
0.0175
0.005
0.14043
0.0095
0.11988
0.0889555
0.175237
0.0444778
0.0294853
0.152
0.00949525
0.0835
0.142216
0.128936
0.0513716
0.117324
0.0135
0.0795
0.0783824
0.123438
0.149425
0.0745
0.10045
0.133799
0.035
0.1045
0.149701
0.0154845
0.123938
0.145781
0.023
0.116766
0.14
0.118382
0.1315
0.0055
0.044
0.1335
0.0109945
0.1355
0.121439
0.144928
0.051974
0.09
0.015992
0.0604698
0.0933134
0.131802
0.0623752
0.100349
0.00698603
0.0989505
0.0474763
0.011
0.0709291
0.0693959
0.102794
0.021
0.029
0.1295
0.139291
0.0209895
0.096
0.041979
0.167416
0.108392
0.0949051
0.113443
0.00799201
0.131802
0.098
0.111832
0.155
0.0235
0.126937
