TractID,FIPSstate,FIPScounty,FIPStract,pop0-4,pop5-18,pop19-29,pop30-64,pop65+,workers
0,6,37,101110,340,1115,661,2371,610,3216
1,6,37,101120,232,774,462,1600,368,160
2,6,37,101210,501,1691,949,3478,838,739
3,6,37,101220,237,772,460,1629,387,217
4,6,37,101300,291,926,548,1938,504,730
5,6,37,101400,259,898,493,1919,477,710
6,6,37,102101,241,807,463,1657,392,721
7,6,37,102102,512,1613,939,3439,812,1111
8,6,37,103101,198,594,356,1338,351,296
9,6,37,103102,345,1074,652,2275,523,921
10,6,37,103200,406,1281,749,2734,613,1241
11,6,37,103300,272,829,515,1816,438,792
12,6,37,103400,430,1514,825,3065,747,899
13,6,37,104103,289,991,568,2164,543,291
14,6,37,104104,241,814,543,1855,527,545
15,6,37,104105,424,1528,797,3159,728,870
16,6,37,104106,399,1376,796,2920,684,428
17,6,37,104107,0,0,0,0,0,232
18,6,37,104201,352,1441,764,2745,704,1035
19,6,37,104202,617,2191,1208,4642,1077,1474
20,6,37,104310,297,915,517,1910,435,1302
21,6,37,104320,444,1564,876,3363,990,1987
22,6,37,104401,385,1295,698,2647,684,1602
23,6,37,104402,475,1418,843,3031,703,731
24,6,37,104500,411,1375,798,2864,674,766
25,6,37,104610,299,1016,568,2094,564,623
26,6,37,104620,268,872,536,1985,543,68
27,6,37,104701,379,1168,721,2602,595,744
28,6,37,104702,498,1754,1022,3698,930,5903
29,6,37,104810,464,1412,845,3033,734,1246
30,6,37,104820,409,1532,900,3306,729,765
31,6,37,106010,329,1018,645,2210,598,2269
32,6,37,106020,487,1603,848,3436,790,634
33,6,37,106111,262,970,554,2074,499,627
34,6,37,106112,364,1246,717,2719,739,3665
35,6,37,106113,246,795,464,1765,389,487
36,6,37,106114,446,1484,805,3102,740,1113
37,6,37,106402,480,1882,1007,3675,876,742
38,6,37,106403,286,999,632,2138,527,569
39,6,37,106404,411,1396,844,2891,702,543
40,6,37,106510,276,866,479,1915,438,2478
41,6,37,106520,462,1588,936,3384,856,4134
42,6,37,106602,403,1303,703,2742,688,1396
43,6,37,106603,233,761,401,1557,337,293
44,6,37,106604,405,1391,802,2953,695,3918
45,6,37,106605,521,1615,1006,3509,861,576
46,6,37,106606,0,0,0,0,0,1609
47,6,37,106641,163,527,337,1197,300,192
48,6,37,106642,220,698,399,1447,350,221
49,6,37,106643,262,951,484,1887,465,376
50,6,37,107010,259,886,536,1975,462,422
51,6,37,107020,390,1258,687,2547,603,306
52,6,37,108101,177,499,285,1142,276,242
53,6,37,108102,228,770,500,1771,439,680
54,6,37,108103,239,832,492,1793,439,181
55,6,37,108104,98,409,211,858,226,180
56,6,37,108200,571,1754,1046,3798,980,706
57,6,37,109100,198,623,324,1290,325,1038
58,6,37,109200,238,761,386,1707,394,1637
59,6,37,109300,242,696,415,1505,378,1242
60,6,37,109400,373,1182,718,2674,637,159
61,6,37,109500,200,789,413,1654,381,560
62,6,37,109601,235,844,478,1716,436,225
63,6,37,109602,299,1018,558,2160,530,720
64,6,37,109700,300,1098,573,2203,523,1311
65,6,37,109800,463,1366,836,3095,725,945
66,6,37,111100,418,1377,798,2803,710,1833
67,6,37,111201,172,672,328,1306,280,350
68,6,37,111202,363,1212,706,2444,566,1748
69,6,37,111203,427,1424,873,3158,850,1938
70,6,37,111204,366,1241,733,2754,641,719
71,6,37,111301,479,1710,999,3499,904,3527
72,6,37,111302,359,1311,682,2673,681,978
73,6,37,111400,556,1810,1110,3741,948,1351
74,6,37,113100,412,1393,762,2858,680,1670
75,6,37,113202,288,982,638,2114,518,9308
76,6,37,113211,240,893,536,1795,427,643
77,6,37,113212,224,738,455,1572,348,641
78,6,37,113213,343,1043,660,2289,580,952
79,6,37,113231,136,485,252,1058,270,563
80,6,37,113232,265,933,546,1916,500,851
81,6,37,113233,486,1730,963,3605,851,2304
82,6,37,113234,335,1141,659,2485,582,1327
83,6,37,113301,118,442,260,920,207,7990
84,6,37,113303,256,901,525,1886,518,18704
85,6,37,113321,430,1366,810,2969,674,1800
86,6,37,113322,265,888,547,1933,491,827
87,6,37,113401,395,1322,762,2794,618,4652
88,6,37,113421,473,1563,893,3224,801,8240
89,6,37,113422,453,1557,871,3255,827,650
90,6,37,115101,329,1008,526,2155,548,1246
91,6,37,115102,406,1360,824,2901,680,498
92,6,37,115201,417,1450,804,3107,686,1349
93,6,37,115202,370,1136,710,2500,598,8050
94,6,37,115301,251,870,506,1703,404,1210
95,6,37,115302,418,1425,826,3105,759,978
96,6,37,115401,420,1470,864,2996,730,515
97,6,37,115402,444,1615,898,3496,851,2584
98,6,37,117100,485,1711,928,3751,863,1196
99,6,37,117200,445,1549,907,3356,879,2897
100,6,37,117301,269,816,534,1813,424,243
101,6,37,117302,323,1054,603,2291,586,3061
102,6,37,117303,241,724,439,1589,444,1641
103,6,37,117404,305,982,561,2077,477,1378
104,6,37,117405,332,1080,622,2275,594,343
105,6,37,117406,646,2094,1184,4389,1056,1533
106,6,37,117510,338,1185,663,2611,672,216
107,6,37,117520,335,1102,640,2433,585,372
108,6,37,117530,467,1544,932,3288,779,1085
109,6,37,119000,464,1593,888,3489,847,1362
110,6,37,119100,424,1387,757,2800,666,357
111,6,37,119200,290,1090,599,2267,580,380
112,6,37,119310,240,834,479,1833,488,283
113,6,37,119320,359,1146,687,2379,602,246
114,6,37,119330,486,1654,871,3495,835,528
115,6,37,119340,617,2017,1155,4295,1087,619
116,6,37,119400,541,1880,976,3824,967,551
117,6,37,119700,363,1208,646,2541,631,307
118,6,37,119800,453,1548,870,3171,724,570
119,6,37,119900,445,1600,881,3435,829,744
120,6,37,120010,289,951,559,1945,406,240
121,6,37,120020,374,1187,689,2541,664,1516
122,6,37,120030,264,824,471,1769,459,896
123,6,37,120101,678,2286,1329,4804,1226,3343
124,6,37,120102,947,3291,1865,7015,1654,415
125,6,37,120300,378,1339,696,2812,673,2266
126,6,37,120400,424,1435,886,3146,820,3119
127,6,37,121010,337,1162,625,2419,689,1812
128,6,37,121020,302,1008,589,2180,536,575
129,6,37,121100,311,1189,622,2375,620,10722
130,6,37,121210,392,1356,767,2883,740,2048
131,6,37,121220,329,1094,626,2321,575,1476
132,6,37,121600,218,725,382,1577,375,865
133,6,37,121800,609,2045,1203,4535,1102,1429
134,6,37,121900,342,1188,650,2457,592,1763
135,6,37,122000,356,1306,756,2847,670,7447
136,6,37,122110,428,1553,876,3311,773,2734
137,6,37,122120,392,1294,787,2746,719,86
138,6,37,122200,466,1597,830,3286,762,2911
139,6,37,122410,345,1181,618,2500,585,2331
140,6,37,122420,417,1411,839,2979,705,2025
141,6,37,123010,388,1313,741,2775,731,1739
142,6,37,123020,257,875,545,1891,472,276
143,6,37,123103,336,1170,628,2448,593,847
144,6,37,123104,376,1320,674,2623,623,742
145,6,37,123203,344,1257,650,2590,606,1272
146,6,37,123204,289,993,583,2025,513,319
147,6,37,123205,232,753,494,1588,388,2138
148,6,37,123206,270,849,458,1712,425,1700
149,6,37,123301,394,1295,767,2704,634,1371
150,6,37,123303,241,885,520,1901,473,963
151,6,37,123304,384,1249,800,2724,629,997
152,6,37,123410,374,1207,743,2659,628,416
153,6,37,123420,387,1184,655,2474,583,1047
154,6,37,123510,407,1379,741,2901,696,609
155,6,37,123520,252,909,499,1943,461,323
156,6,37,123601,380,1226,772,2714,664,2002
157,6,37,123602,255,885,498,1769,485,522
158,6,37,123700,313,1022,620,2179,525,1044
159,6,37,123800,403,1400,815,3000,761,2612
160,6,37,123900,509,1692,932,3647,883,3661
161,6,37,124000,306,1003,515,2114,494,1164
162,6,37,124101,604,2083,1238,4381,1053,1587
163,6,37,124102,347,1083,649,2328,510,843
164,6,37,124201,297,976,561,1999,492,884
165,6,37,124202,499,1696,1050,3751,886,539
166,6,37,124300,323,1105,649,2379,648,1013
167,6,37,124400,284,1032,580,2106,477,257
168,6,37,124500,209,738,419,1457,347,561
169,6,37,124600,305,960,579,2047,538,1249
170,6,37,124700,291,1083,618,2259,585,2001
171,6,37,124901,380,1425,792,3109,734,1160
172,6,37,125100,366,1298,719,2846,733,2497
173,6,37,125200,226,834,468,1822,434,1281
174,6,37,125310,277,1133,562,2298,556,2637
175,6,37,125320,355,1142,653,2496,571,2512
176,6,37,125400,576,1797,1031,3812,970,3433
177,6,37,125500,422,1342,803,2905,759,1147
178,6,37,125600,170,563,318,1176,277,311
179,6,37,127101,566,2003,1124,4231,952,1033
180,6,37,127102,369,1334,789,2906,690,2125
181,6,37,127210,422,1364,768,2911,739,4783
182,6,37,127220,427,1423,810,2985,749,912
183,6,37,127300,404,1334,833,2896,693,2206
184,6,37,127400,344,1181,673,2476,632,5112
185,6,37,127510,334,1105,668,2397,625,15668
186,6,37,127520,329,1098,619,2342,634,1019
187,6,37,127601,501,1746,999,3575,878,1863
188,6,37,127602,515,1767,1063,3833,939,871
189,6,37,127710,522,1766,1061,3793,947,2760
190,6,37,127801,595,2229,1207,4676,1159,4407
191,6,37,127802,556,1810,1082,3921,977,2858
192,6,37,127910,382,1414,762,2892,692,1716
193,6,37,127920,339,1115,634,2320,530,343
194,6,37,128100,678,2258,1335,4749,1165,2522
195,6,37,128210,442,1520,831,3268,757,3954
196,6,37,128220,236,864,491,1707,408,355
197,6,37,128302,419,1279,845,2871,695,1555
198,6,37,128303,391,1141,685,2657,676,1718
199,6,37,128400,262,972,613,2309,580,6194
200,6,37,128500,357,1210,721,2587,653,2110
201,6,37,128600,492,1564,939,3353,809,907
202,6,37,128702,395,1196,730,2575,637,3453
203,6,37,128800,508,1731,912,3550,867,2507
204,6,37,128910,262,813,546,1949,527,3026
205,6,37,131010,477,1734,962,3594,860,481
206,6,37,131020,423,1389,866,3057,796,1622
207,6,37,131100,228,790,438,1711,378,304
208,6,37,131200,259,809,442,1636,367,425
209,6,37,131300,413,1251,720,2718,648,226
210,6,37,131400,400,1350,759,2794,693,2637
211,6,37,131600,343,1261,689,2690,661,956
212,6,37,131700,575,1961,1091,4100,956,552
213,6,37,131800,397,1219,683,2643,667,1404
214,6,37,131900,292,1013,578,2151,467,869
215,6,37,132000,439,1488,900,3244,812,3656
216,6,37,132100,402,1281,739,2623,647,1719
217,6,37,132300,435,1589,924,3355,772,2644
218,6,37,132500,546,1778,1083,3781,900,1209
219,6,37,132700,394,1305,789,2823,697,907
220,6,37,132900,255,868,482,1815,468,307
221,6,37,133000,319,1083,582,2280,530,698
222,6,37,133100,339,1220,694,2608,655,1177
223,6,37,134000,605,1921,1134,4177,982,1218
224,6,37,134101,366,1088,753,2470,648,333
225,6,37,134103,291,941,544,2151,539,316
226,6,37,134104,373,1175,698,2651,648,392
227,6,37,134201,307,1066,527,2245,537,2964
228,6,37,134302,281,864,482,1796,500,414
229,6,37,134303,310,1124,647,2477,583,1800
230,6,37,134304,216,758,396,1533,356,1425
231,6,37,134305,324,1234,715,2589,651,1152
232,6,37,134306,261,916,517,1921,517,1978
233,6,37,134401,420,1407,815,2897,793,616
234,6,37,134421,236,874,517,1879,451,417
235,6,37,134422,294,1054,652,2259,585,1962
236,6,37,134510,556,1982,1058,4199,992,2400
237,6,37,134520,515,1619,882,3249,801,2659
238,6,37,134710,416,1415,821,3099,787,274
239,6,37,134720,331,1158,595,2477,588,1108
240,6,37,134800,386,1383,832,2921,686,1150
241,6,37,134901,188,693,401,1520,390,479
242,6,37,134902,581,1966,1157,4203,1119,14944
243,6,37,135102,235,770,409,1703,360,1180
244,6,37,135111,214,733,430,1627,440,723
245,6,37,135112,439,1441,783,2879,690,12252
246,6,37,135201,179,550,394,1158,332,2069
247,6,37,135202,283,972,551,2155,538,819
248,6,37,135203,461,1604,887,3348,780,714
249,6,37,137000,321,1045,594,2159,482,1799
250,6,37,137102,548,1651,937,3651,868,16741
251,6,37,137201,315,1195,631,2593,631,2201
252,6,37,137301,151,497,275,1042,260,238
253,6,37,137302,279,972,534,2049,519,684
254,6,37,137401,291,1058,561,2126,500,2300
255,6,37,137402,314,1212,686,2508,607,1825
256,6,37,137501,264,918,514,1893,469,4496
257,6,37,137502,220,955,524,1991,523,3972
258,6,37,137504,123,459,224,903,241,396
259,6,37,138000,330,974,632,2055,479,661
260,6,37,139000,312,1137,718,2467,643,1782
261,6,37,139200,354,1134,701,2580,639,540
262,6,37,139301,288,985,528,2023,512,1270
263,6,37,139302,319,1056,659,2478,576,849
264,6,37,139303,345,1156,621,2403,524,1455
265,6,37,139400,388,1319,733,2691,718,9972
266,6,37,139501,534,1819,992,3805,937,992
267,6,37,139502,204,695,395,1525,388,1097
268,6,37,139600,321,1025,576,2103,542,4756
269,6,37,139701,313,1072,574,1993,514,9649
270,6,37,139702,396,1311,739,2731,678,864
271,6,37,139703,202,752,375,1439,361,426
272,6,37,139801,220,778,408,1574,402,684
273,6,37,139802,261,790,501,1768,403,515
274,6,37,141100,409,1198,796,2640,687,2667
275,6,37,141200,421,1434,861,3171,818,4198
276,6,37,141301,368,1274,760,2664,624,2971
277,6,37,141302,349,1367,713,2795,691,5859
278,6,37,141400,267,977,617,2147,607,9297
279,6,37,141500,188,671,373,1464,316,646
280,6,37,141600,253,892,517,1915,446,392
281,6,37,141700,212,605,441,1352,363,611
282,6,37,143100,252,825,481,1661,443,3078
283,6,37,143200,287,932,522,1948,539,1159
284,6,37,143300,408,1356,755,2837,695,1242
285,6,37,143400,334,1269,737,2617,660,1200
286,6,37,143500,312,971,546,2086,507,530
287,6,37,143601,366,1183,752,2561,611,2163
288,6,37,143602,246,866,491,1826,397,3025
289,6,37,143700,302,935,508,1982,447,3610
290,6,37,143800,296,1132,604,2293,595,3628
291,6,37,143901,264,896,527,1874,485,4512
292,6,37,143902,194,686,394,1375,375,1031
293,6,37,181000,440,1506,875,3107,732,3029
294,6,37,181300,294,881,571,1961,516,843
295,6,37,181400,340,1210,669,2351,561,1336
296,6,37,181500,316,1011,623,2067,523,547
297,6,37,181600,429,1425,827,3079,818,2518
298,6,37,183101,301,1047,605,2279,489,434
299,6,37,183102,533,1614,994,3408,842,331
300,6,37,183210,422,1397,869,3127,740,480
301,6,37,183220,335,1138,690,2553,619,661
302,6,37,183300,423,1375,771,2802,658,476
303,6,37,183400,304,1123,638,2396,605,768
304,6,37,183510,236,801,458,1696,413,284
305,6,37,183520,345,1168,721,2524,620,291
306,6,37,183610,303,1125,622,2265,580,476
307,6,37,183620,257,882,544,1935,486,339
308,6,37,183700,509,1860,1006,3825,962,870
309,6,37,183810,445,1317,800,2876,708,534
310,6,37,183820,322,1137,606,2397,580,31
311,6,37,185100,468,1622,939,3297,881,696
312,6,37,185201,401,1402,800,3091,745,1046
313,6,37,185202,307,1009,570,2116,551,271
314,6,37,185310,300,941,573,1941,493,497
315,6,37,185320,265,850,517,1939,460,896
316,6,37,186100,368,1254,686,2676,624,250
317,6,37,186200,631,2139,1256,4528,1117,1228
318,6,37,186300,500,1640,965,3541,855,1069
319,6,37,186401,527,1890,990,3942,975,4254
320,6,37,186402,506,1702,981,3515,855,1376
321,6,37,187100,553,1790,1010,3850,936,1803
322,6,37,187200,271,874,514,1869,454,1281
323,6,37,187300,248,898,480,1863,466,1983
324,6,37,188100,326,1122,676,2448,654,6030
325,6,37,188200,381,1364,761,2898,754,2455
326,6,37,188300,272,890,542,1955,507,834
327,6,37,189100,378,1518,898,3190,778,2407
328,6,37,189200,473,1664,861,3451,867,1280
329,6,37,189300,205,705,410,1608,381,781
330,6,37,189400,181,668,404,1375,362,656
331,6,37,189500,327,1063,613,2294,515,726
332,6,37,189600,246,850,498,1753,453,385
333,6,37,189701,255,846,468,1767,464,1314
334,6,37,189702,143,423,225,896,174,449
335,6,37,189800,167,675,353,1332,376,1041
336,6,37,189901,503,1811,965,3776,906,1555
337,6,37,189902,403,1401,793,2882,718,1070
338,6,37,190100,425,1381,794,2871,652,4717
339,6,37,190200,476,1548,896,3308,846,2154
340,6,37,190301,415,1456,865,3163,741,1046
341,6,37,190400,507,1763,987,3587,870,668
342,6,37,190510,340,1273,642,2570,557,816
343,6,37,190520,351,1167,719,2531,568,695
344,6,37,190700,269,860,520,1900,452,6233
345,6,37,190800,482,1711,997,3666,881,6074
346,6,37,190901,446,1470,892,3145,762,1437
347,6,37,190902,395,1343,791,2770,688,1950
348,6,37,191000,241,857,454,1716,497,5741
349,6,37,191110,294,1046,601,2173,530,1128
350,6,37,191120,374,1340,760,2822,696,883
351,6,37,191201,338,1312,732,2712,667,7135
352,6,37,191203,292,915,525,1962,494,371
353,6,37,191204,173,684,383,1485,409,172
354,6,37,191300,465,1521,896,3310,823,6486
355,6,37,191410,437,1508,787,3101,801,817
356,6,37,191420,290,1136,639,2343,604,830
357,6,37,191500,466,1707,996,3593,889,2011
358,6,37,191610,448,1410,818,3046,741,705
359,6,37,191620,211,727,403,1544,394,605
360,6,37,191710,275,995,586,2045,503,6080
361,6,37,191720,362,1217,654,2529,650,511
362,6,37,191810,320,1203,657,2537,646,1874
363,6,37,191820,269,883,530,1866,464,1766
364,6,37,191900,517,1743,965,3578,866,9744
365,6,37,192000,345,1238,769,2618,676,3164
366,6,37,192300,188,567,360,1294,300,1940
367,6,37,192410,281,1018,563,2192,539,1205
368,6,37,192420,336,1154,698,2560,614,469
369,6,37,192510,366,1121,630,2439,575,668
370,6,37,192520,500,1645,913,3545,865,194
371,6,37,192610,407,1452,848,2970,750,458
372,6,37,192620,390,1244,777,2723,712,1132
373,6,37,192700,333,1146,635,2377,606,1024
374,6,37,194100,442,1495,820,3317,711,1131
375,6,37,194200,331,1211,685,2606,555,2602
376,6,37,194300,125,392,285,926,248,525
377,6,37,194400,362,1255,771,2743,699,3741
378,6,37,194500,159,504,312,1063,250,2227
379,6,37,195100,350,1095,625,2243,550,1479
380,6,37,195200,452,1347,861,3134,783,2515
381,6,37,195300,258,916,515,1956,521,1107
382,6,37,195400,337,1116,659,2374,638,766
383,6,37,195500,384,1295,739,2767,679,1065
384,6,37,195600,292,919,559,2014,528,778
385,6,37,195710,425,1418,822,3074,775,665
386,6,37,195720,264,879,497,1952,466,1378
387,6,37,195801,431,1581,907,3551,804,414
388,6,37,195802,249,767,493,1803,408,478
389,6,37,195900,538,1924,1076,4107,1004,803
390,6,37,197110,47,164,78,326,79,1338
391,6,37,197200,366,1297,702,2678,690,749
392,6,37,197300,333,1285,710,2649,618,591
393,6,37,197410,199,739,456,1595,376,404
394,6,37,197420,330,1091,545,2330,627,844
395,6,37,197500,446,1483,790,3098,760,1022
396,6,37,197600,237,814,484,1737,469,462
397,6,37,197700,448,1597,898,3147,754,638
398,6,37,199000,291,1140,611,2207,531,4894
399,6,37,199110,260,702,431,1558,423,238
400,6,37,199120,296,978,557,2096,587,3379
401,6,37,199201,382,1283,721,2675,676,754
402,6,37,199202,221,876,506,1830,473,441
403,6,37,199300,312,1072,630,2329,650,241
404,6,37,199400,400,1408,750,3004,760,527
405,6,37,199700,265,928,536,1936,473,3082
406,6,37,199800,489,1631,909,3483,795,770
407,6,37,199900,206,702,433,1588,434,1611
408,6,37,201110,152,475,270,1020,256,172
409,6,37,201120,388,1477,774,3130,769,244
410,6,37,201200,204,748,395,1589,386,357
411,6,37,201301,320,953,622,2092,488,775
412,6,37,201302,251,973,518,1918,462,142
413,6,37,201401,386,1326,775,2728,755,672
414,6,37,201402,336,1101,644,2475,581,1555
415,6,37,201501,481,1532,914,3345,780,422
416,6,37,201503,273,987,551,2040,495,482
417,6,37,201504,195,673,396,1453,332,195
418,6,37,201600,405,1308,864,2864,729,2229
419,6,37,201700,351,1340,700,2579,570,1505
420,6,37,203100,411,1408,814,2984,765,843
421,6,37,203200,426,1459,808,3001,704,481
422,6,37,203300,109,354,183,740,178,14742
423,6,37,203500,294,1125,589,2363,559,3303
424,6,37,203600,506,1822,1079,4010,1084,1252
425,6,37,203710,312,1011,573,2025,484,167
426,6,37,203720,379,1277,684,2655,662,401
427,6,37,203800,404,1399,810,2999,710,350
428,6,37,203900,259,821,488,1791,430,481
429,6,37,204110,271,870,475,1832,451,198
430,6,37,204120,203,823,458,1712,440,185
431,6,37,204200,319,960,526,2035,465,340
432,6,37,204300,443,1501,848,3021,698,1253
433,6,37,204410,219,699,426,1507,362,677
434,6,37,204420,368,1137,644,2334,591,864
435,6,37,204600,349,1198,614,2503,582,696
436,6,37,204700,424,1394,812,2972,730,1286
437,6,37,204810,383,1248,715,2702,586,1056
438,6,37,204820,178,553,361,1301,353,135
439,6,37,204910,251,891,516,1998,494,829
440,6,37,204920,204,723,411,1632,398,3535
441,6,37,205110,400,1272,727,2839,713,267
442,6,37,205120,358,1142,694,2396,587,6919
443,6,37,206010,309,929,538,1924,497,2654
444,6,37,206020,815,2689,1526,5792,1463,11546
445,6,37,206030,72,313,161,609,138,2649
446,6,37,206040,255,957,550,2006,510,3029
447,6,37,206050,209,728,371,1409,343,28994
448,6,37,206200,262,819,515,1776,428,7138
449,6,37,206300,378,1206,707,2549,607,4847
450,6,37,207100,437,1558,937,3440,833,13717
451,6,37,207300,240,847,488,1819,464,37253
452,6,37,207400,80,300,155,655,167,38094
453,6,37,207500,291,1024,608,2161,517,27009
454,6,37,207710,107,350,211,664,161,53261
455,6,37,207900,162,583,355,1151,304,19796
456,6,37,208000,344,1229,676,2630,609,3279
457,6,37,208300,606,2018,1203,4307,1063,1858
458,6,37,208400,516,1704,1051,3671,935,1208
459,6,37,208500,572,1893,1075,3963,889,2063
460,6,37,208610,350,1324,677,2596,585,740
461,6,37,208620,439,1394,838,3107,743,394
462,6,37,208710,377,1360,769,2773,701,427
463,6,37,208720,328,1084,627,2313,540,1949
464,6,37,208800,570,1927,1097,3952,989,3157
465,6,37,208902,201,714,386,1561,388,1145
466,6,37,208903,365,1297,752,2729,683,1480
467,6,37,208904,308,1215,601,2405,562,141
468,6,37,209101,641,2041,1172,4416,1089,345
469,6,37,209102,465,1539,814,3086,799,4327
470,6,37,209200,153,429,273,962,245,9306
471,6,37,209300,315,941,602,2164,559,2538
472,6,37,209401,380,1160,649,2412,647,817
473,6,37,209402,360,1089,551,2269,526,640
474,6,37,209403,320,1045,605,2204,544,721
475,6,37,209510,235,809,472,1721,390,826
476,6,37,209520,237,806,456,1759,460,1797
477,6,37,209810,188,742,439,1550,467,441
478,6,37,209820,205,811,416,1667,486,529
479,6,37,210010,333,1047,566,2253,541,2497
480,6,37,211000,329,986,588,2259,495,7996
481,6,37,211110,491,1639,932,3434,895,2469
482,6,37,211120,460,1556,896,3191,789,7004
483,6,37,211200,557,1872,1064,3958,961,448
484,6,37,211310,400,1212,713,2753,696,350
485,6,37,211320,315,1042,627,2238,584,467
486,6,37,211410,293,965,567,2142,492,737
487,6,37,211420,329,1114,676,2357,577,781
488,6,37,211500,376,1263,729,2634,711,1140
489,6,37,211701,218,777,461,1653,432,2517
490,6,37,211702,713,2341,1348,5011,1200,1708
491,6,37,211801,609,2127,1144,4483,1031,854
492,6,37,211802,393,1316,747,2836,672,3280
493,6,37,211910,405,1517,822,3216,807,285
494,6,37,211920,561,1939,1032,4013,984,643
495,6,37,212100,462,1475,907,3269,824,6868
496,6,37,212202,338,1123,738,2505,627,1226
497,6,37,212203,248,887,477,1736,434,565
498,6,37,212204,278,1060,538,2153,562,695
499,6,37,212303,281,944,544,1982,465,3091
500,6,37,212304,224,711,404,1473,342,2337
501,6,37,212305,258,1007,545,2048,495,77
502,6,37,212306,340,1119,606,2400,568,549
503,6,37,212410,385,1232,703,2565,675,4143
504,6,37,212420,342,1111,634,2350,553,320
505,6,37,212500,522,1791,1035,3794,956,4137
506,6,37,212610,315,1139,672,2512,732,1402
507,6,37,212620,433,1435,819,3072,745,280
508,6,37,212700,516,1684,950,3533,903,2972
509,6,37,212800,388,1370,717,2836,653,780
510,6,37,212900,369,1247,756,2766,664,217
511,6,37,213100,209,705,409,1588,384,1156
512,6,37,213201,358,1073,624,2470,667,1616
513,6,37,213202,326,1217,591,2490,611,486
514,6,37,213310,326,1001,629,2205,503,435
515,6,37,213320,251,720,461,1601,417,1376
516,6,37,213401,521,1672,1012,3615,931,470
517,6,37,213402,472,1530,892,3259,811,1270
518,6,37,214000,288,889,524,1806,504,2456
519,6,37,214100,294,938,488,1932,488,1330
520,6,37,214400,195,708,452,1447,325,533
521,6,37,214500,655,2180,1205,4641,1076,3613
522,6,37,214600,195,568,330,1206,298,2458
523,6,37,214700,164,590,319,1222,290,1894
524,6,37,214800,162,576,288,1180,310,3714
525,6,37,214900,403,1359,831,2831,741,7033
526,6,37,215100,405,1399,850,2931,690,3971
527,6,37,216100,179,577,347,1222,290,271
528,6,37,216200,318,1048,627,2321,523,1634
529,6,37,216300,310,1177,674,2304,531,15045
530,6,37,216400,475,1625,1015,3407,841,1745
531,6,37,216700,272,903,508,1961,483,1063
532,6,37,216800,265,838,546,1845,443,916
533,6,37,216900,420,1247,775,2585,644,1000
534,6,37,217000,503,1614,973,3450,849,2647
535,6,37,217100,430,1529,921,3166,802,1139
536,6,37,217200,279,999,621,2025,512,2010
537,6,37,218110,289,905,521,1970,463,1130
538,6,37,218120,410,1294,713,2655,658,371
539,6,37,218210,379,1243,720,2733,613,538
540,6,37,218220,350,1224,636,2531,573,299
541,6,37,218300,383,1415,870,3071,768,944
542,6,37,218400,471,1585,950,3265,713,946
543,6,37,218500,238,818,491,1835,371,407
544,6,37,218600,254,992,545,2056,464,341
545,6,37,218700,320,1038,614,2351,628,908
546,6,37,218800,238,764,427,1583,402,334
547,6,37,218900,421,1369,791,2959,741,335
548,6,37,219010,185,699,426,1485,365,228
549,6,37,219020,323,1162,581,2426,579,439
550,6,37,219300,240,918,521,2010,472,999
551,6,37,219500,116,354,199,842,210,384
552,6,37,219700,226,794,455,1766,420,1709
553,6,37,219800,387,1350,790,2813,647,775
554,6,37,219900,488,1593,955,3501,836,1264
555,6,37,220000,388,1328,724,2613,637,1230
556,6,37,220100,169,600,295,1244,247,1098
557,6,37,221110,325,1106,672,2335,603,357
558,6,37,221120,264,980,562,2027,513,617
559,6,37,221210,269,890,528,1901,418,504
560,6,37,221220,297,1065,560,2216,561,1893
561,6,37,221301,484,1684,1044,3660,952,749
562,6,37,221302,389,1210,786,2671,685,950
563,6,37,221400,303,1047,617,2308,531,1708
564,6,37,221500,395,1435,778,2892,720,894
565,6,37,221600,439,1443,844,3002,694,1335
566,6,37,221710,382,1345,741,2762,658,1447
567,6,37,221810,213,873,461,1796,399,581
568,6,37,221820,236,884,511,1894,454,537
569,6,37,221900,434,1446,817,3093,806,957
570,6,37,222000,557,2018,1112,4094,895,669
571,6,37,222100,290,1003,555,2124,550,236
572,6,37,222200,319,1016,633,2230,573,251
573,6,37,222500,307,1238,677,2517,583,619
574,6,37,222600,433,1426,868,3024,782,648
575,6,37,222700,0,0,0,0,0,9362
576,6,37,224010,216,718,426,1609,490,9097
577,6,37,224020,194,758,450,1553,381,6540
578,6,37,224200,253,929,492,1840,432,2367
579,6,37,224310,196,598,402,1340,340,368
580,6,37,224320,302,974,595,2032,528,1259
581,6,37,224410,257,997,518,2028,496,1014
582,6,37,224420,209,678,365,1376,354,645
583,6,37,224600,335,1089,612,2356,566,7638
584,6,37,224700,357,1341,787,2920,757,1859
585,6,37,226000,375,1262,739,2725,602,38496
586,6,37,226410,368,1184,674,2529,613,939
587,6,37,226420,418,1543,839,3220,746,492
588,6,37,226700,542,1906,1056,3990,1025,2825
589,6,37,227010,358,1226,745,2628,645,1751
590,6,37,227020,315,1097,588,2217,496,859
591,6,37,228100,417,1418,845,3066,732,3031
592,6,37,228210,341,1019,617,1968,489,647
593,6,37,228220,312,1119,667,2412,585,358
594,6,37,228310,406,1418,731,2942,679,734
595,6,37,228320,249,891,483,1834,482,402
596,6,37,228410,432,1514,920,3324,751,1377
597,6,37,228420,221,836,425,1720,443,264
598,6,37,228500,392,1382,721,2837,716,447
599,6,37,228600,399,1345,817,2911,704,554
600,6,37,228710,334,1228,627,2396,583,339
601,6,37,228720,346,1243,696,2577,620,232
602,6,37,228800,451,1476,850,3325,820,1839
603,6,37,228900,274,847,534,1856,494,527
604,6,37,229100,383,1170,662,2590,658,298
605,6,37,229200,337,1180,694,2518,621,465
606,6,37,229300,444,1479,827,3053,717,330
607,6,37,229410,270,926,523,1938,536,1111
608,6,37,229420,373,1299,735,2730,624,832
609,6,37,231100,116,394,228,801,199,4207
610,6,37,231210,308,976,571,2115,515,59
611,6,37,231220,301,984,585,2112,532,1867
612,6,37,231300,313,1296,723,2658,665,539
613,6,37,231400,294,1080,642,2310,552,275
614,6,37,231500,314,1095,580,2260,503,681
615,6,37,231600,488,1640,945,3606,876,1422
616,6,37,231710,354,1271,660,2678,641,526
617,6,37,231720,311,1117,657,2444,650,275
618,6,37,231800,505,1601,942,3499,848,1092
619,6,37,231900,531,1719,967,3720,938,654
620,6,37,232110,227,828,490,1821,437,337
621,6,37,232120,273,961,501,1956,539,211
622,6,37,232200,238,793,473,1668,415,230
623,6,37,232300,266,952,540,2030,533,180
624,6,37,232400,444,1625,869,3412,779,528
625,6,37,232500,312,1055,635,2307,579,641
626,6,37,232600,411,1426,870,3058,790,329
627,6,37,232700,363,1247,678,2607,665,662
628,6,37,232800,324,1239,711,2521,629,470
629,6,37,234000,352,1177,675,2480,594,611
630,6,37,234200,132,480,312,1077,265,874
631,6,37,234300,255,971,556,2005,457,1045
632,6,37,234500,348,1332,656,2729,636,1263
633,6,37,234600,331,1157,661,2438,617,960
634,6,37,234700,311,1021,553,2001,476,607
635,6,37,234800,234,824,456,1721,384,97
636,6,37,234900,544,1868,1070,3972,986,806
637,6,37,235100,309,1032,607,2242,577,210
638,6,37,235201,197,619,385,1334,348,118
639,6,37,235202,335,1156,736,2515,637,725
640,6,37,236000,260,973,501,1852,513,1206
641,6,37,236100,363,1214,660,2438,558,2479
642,6,37,236201,481,1535,972,3412,796,344
643,6,37,236202,464,1597,977,3413,870,491
644,6,37,236400,281,896,527,1970,467,207
645,6,37,237100,540,1807,1042,3893,954,1630
646,6,37,237200,472,1640,921,3452,824,2282
647,6,37,237300,384,1247,744,2705,732,681
648,6,37,237400,645,2061,1213,4250,1088,324
649,6,37,237500,278,1018,578,2113,532,456
650,6,37,237600,473,1688,887,3389,772,461
651,6,37,237710,313,1081,670,2372,608,630
652,6,37,237720,272,1008,536,2088,508,388
653,6,37,237800,334,1008,625,2115,508,299
654,6,37,237900,229,802,466,1680,427,263
655,6,37,238000,434,1308,791,2842,686,446
656,6,37,238100,309,1077,588,2230,592,342
657,6,37,238200,373,1166,682,2562,597,1081
658,6,37,238310,450,1501,879,3298,773,207
659,6,37,238320,325,1147,668,2359,589,441
660,6,37,238400,293,915,523,1976,461,828
661,6,37,239200,561,1870,1090,3964,938,4941
662,6,37,239310,200,694,413,1514,389,393
663,6,37,239320,251,839,466,1718,416,203
664,6,37,239330,233,691,400,1553,396,5310
665,6,37,239500,451,1661,875,3364,827,1215
666,6,37,239600,417,1459,850,3070,781,1051
667,6,37,239700,484,1689,971,3448,895,477
668,6,37,239800,549,2025,1148,4297,1073,457
669,6,37,240010,288,917,554,1985,522,1164
670,6,37,240020,332,1086,655,2441,560,164
671,6,37,240200,434,1548,876,3224,741,611
672,6,37,240300,528,1706,932,3580,858,602
673,6,37,240400,471,1510,880,3302,863,318
674,6,37,240500,424,1510,877,3346,846,550
675,6,37,240600,362,1115,632,2365,583,886
676,6,37,240700,424,1301,748,2723,719,430
677,6,37,240800,289,990,588,2086,533,424
678,6,37,240900,358,1207,758,2812,680,1113
679,6,37,241000,372,1430,854,3016,835,814
680,6,37,241110,227,749,484,1446,289,403
681,6,37,241120,508,1498,876,3283,766,760
682,6,37,241200,356,1220,709,2605,686,534
683,6,37,241300,217,761,444,1613,362,130
684,6,37,241400,330,1115,684,2364,567,355
685,6,37,242000,250,816,462,1861,441,594
686,6,37,242100,218,648,422,1430,387,280
687,6,37,242200,436,1488,894,3296,795,480
688,6,37,242300,295,1011,545,2097,523,636
689,6,37,242600,362,1301,735,2686,658,240
690,6,37,242700,398,1340,705,2699,658,876
691,6,37,243000,457,1603,859,3243,797,260
692,6,37,243100,365,1286,718,2668,707,375
693,6,37,261101,258,861,516,1904,456,863
694,6,37,261102,269,906,568,2058,508,1309
695,6,37,261200,295,991,561,2144,490,836
696,6,37,262100,237,762,445,1696,399,1911
697,6,37,262200,329,993,549,2123,468,2484
698,6,37,262301,195,599,382,1242,327,1202
699,6,37,262302,185,583,384,1339,356,2591
700,6,37,262303,208,679,364,1480,367,987
701,6,37,262400,194,679,379,1600,403,857
702,6,37,262500,224,845,414,1758,403,1289
703,6,37,262601,214,771,424,1566,408,437
704,6,37,262602,427,1453,839,3113,746,2161
705,6,37,262701,184,774,431,1682,405,995
706,6,37,262702,251,816,412,1699,431,2248
707,6,37,262800,239,822,474,1752,427,1492
708,6,37,264000,219,680,430,1482,354,1934
709,6,37,264101,366,1223,729,2571,611,2297
710,6,37,264301,328,1089,671,2341,530,5447
711,6,37,264302,358,1208,681,2653,666,3847
712,6,37,265100,134,536,315,1123,289,1822
713,6,37,265200,497,1559,953,3368,807,1614
714,6,37,265301,549,1732,1063,3823,967,31147
715,6,37,265303,329,1101,583,2229,490,115
716,6,37,265304,289,1007,573,2093,521,237
717,6,37,265305,197,756,461,1638,380,1415
718,6,37,265410,87,322,192,673,158,253
719,6,37,265420,121,372,239,844,198,628
720,6,37,265510,312,984,575,2039,473,14249
721,6,37,265520,265,1056,509,2172,502,2990
722,6,37,265600,379,1362,731,2649,731,1809
723,6,37,265700,274,1005,609,2116,543,1957
724,6,37,267100,378,1327,765,2720,658,37090
725,6,37,267200,379,1350,690,2787,658,2469
726,6,37,267300,434,1307,791,2804,731,5823
727,6,37,267401,390,1325,745,2900,779,2341
728,6,37,267402,347,1151,641,2540,596,3858
729,6,37,267501,375,1463,836,2996,799,1155
730,6,37,267502,291,803,488,1738,445,889
731,6,37,267600,210,668,439,1447,350,8847
732,6,37,267700,114,412,253,883,213,9668
733,6,37,267800,186,628,348,1374,304,4612
734,6,37,267900,303,1116,610,2446,600,8559
735,6,37,269000,312,1090,628,2272,590,1389
736,6,37,269100,330,1068,626,2281,551,2412
737,6,37,269300,262,973,517,2035,499,1510
738,6,37,269500,284,944,517,1894,450,383
739,6,37,269600,566,1843,1128,3866,975,718
740,6,37,269700,339,1118,673,2349,590,1430
741,6,37,269800,273,843,524,1802,464,258
742,6,37,269901,605,2081,1170,4406,1101,2160
743,6,37,269902,561,1958,1075,4060,988,1528
744,6,37,270100,341,1142,680,2495,638,1516
745,6,37,270200,213,799,426,1669,413,1206
746,6,37,270300,258,873,503,1818,459,3035
747,6,37,271100,245,931,495,1941,497,1282
748,6,37,271200,261,959,561,2088,560,1027
749,6,37,271300,215,749,439,1521,387,767
750,6,37,271400,239,819,444,1603,413,451
751,6,37,271500,192,680,393,1378,316,417
752,6,37,271600,181,575,338,1248,287,402
753,6,37,271701,327,1267,766,2697,661,641
754,6,37,271702,391,1331,769,2890,712,1260
755,6,37,271801,366,1247,767,2779,691,433
756,6,37,271802,456,1519,884,3291,849,752
757,6,37,271900,438,1506,866,3202,819,728
758,6,37,272100,307,1038,634,2264,564,862
759,6,37,272200,503,1537,963,3345,821,424
760,6,37,272301,217,805,430,1722,405,307
761,6,37,272302,345,1215,714,2573,641,763
762,6,37,273100,243,901,471,1792,408,920
763,6,37,273200,333,1183,624,2436,613,1298
764,6,37,273300,292,1010,645,2276,553,1824
765,6,37,273400,241,773,476,1554,444,1510
766,6,37,273500,223,757,382,1517,366,1679
767,6,37,273600,188,619,344,1222,311,971
768,6,37,273700,221,663,404,1441,365,536
769,6,37,273800,212,722,465,1571,377,1153
770,6,37,273900,262,951,522,1985,538,1122
771,6,37,274100,156,606,290,1192,320,1626
772,6,37,274200,266,937,541,1954,514,1249
773,6,37,275100,417,1568,966,3336,833,704
774,6,37,275200,329,1112,659,2421,559,188
775,6,37,275302,242,823,491,1824,450,4857
776,6,37,275311,316,1294,676,2597,657,565
777,6,37,275400,146,512,282,1101,269,2808
778,6,37,275510,198,722,396,1563,421,684
779,6,37,275520,190,686,419,1488,395,27
780,6,37,275601,498,1557,1022,3301,851,5402
781,6,37,276000,333,1173,655,2480,651,2972
782,6,37,276100,267,1028,619,2302,553,1229
783,6,37,276400,265,872,506,1878,488,411
784,6,37,276500,270,810,504,1848,446,2748
785,6,37,276601,234,759,481,1660,404,835
786,6,37,276602,529,1803,1021,3958,967,2069
787,6,37,277000,390,1216,688,2555,588,1743
788,6,37,277100,232,688,442,1496,378,1303
789,6,37,277200,244,954,558,2017,527,9877
790,6,37,277400,349,1103,680,2406,562,606
791,6,37,278000,174,539,354,1166,345,53182
792,6,37,278100,198,654,358,1338,340,614
793,6,37,291110,253,746,490,1761,436,81
794,6,37,291120,174,568,300,1227,307,1817
795,6,37,291130,269,908,556,1943,468,2679
796,6,37,291210,404,1376,774,2782,670,1634
797,6,37,291220,255,946,570,2002,495,506
798,6,37,291300,187,653,379,1346,351,2721
799,6,37,292000,534,1830,1027,3957,951,10447
800,6,37,293201,574,1756,992,3812,871,563
801,6,37,293202,624,2017,1097,4093,949,1955
802,6,37,293301,229,736,430,1515,383,788
803,6,37,293302,329,1095,665,2423,585,1403
804,6,37,293304,316,1180,603,2481,622,371
805,6,37,293305,318,1212,684,2573,652,919
806,6,37,294110,303,1080,595,2301,535,646
807,6,37,294120,248,719,419,1496,361,2775
808,6,37,294200,346,1234,725,2572,666,833
809,6,37,294300,590,1959,1099,4091,962,524
810,6,37,294410,317,1077,565,2210,549,553
811,6,37,294420,273,1004,545,2083,453,2907
812,6,37,294510,406,1222,704,2575,599,429
813,6,37,294520,301,1075,586,2225,513,658
814,6,37,294610,315,1071,681,2328,548,658
815,6,37,294620,321,1111,671,2190,533,972
816,6,37,294700,312,878,554,2053,484,5474
817,6,37,294810,353,1238,635,2616,654,107
818,6,37,294820,304,1122,619,2330,590,1015
819,6,37,294830,270,991,518,1933,440,1382
820,6,37,294900,263,862,495,1828,465,1445
821,6,37,295101,361,1216,700,2457,652,2626
822,6,37,296100,103,340,208,752,208,3873
823,6,37,296210,216,853,413,1639,437,574
824,6,37,296220,279,988,532,2121,500,2336
825,6,37,296300,290,1089,608,2251,561,784
826,6,37,296400,444,1483,794,3043,778,1378
827,6,37,296500,308,993,527,2165,509,557
828,6,37,296600,406,1403,759,2934,721,2281
829,6,37,296900,617,2061,1236,4548,1128,1622
830,6,37,297000,364,1245,732,2636,696,474
831,6,37,297110,337,1273,718,2652,666,874
832,6,37,297120,260,902,463,1835,458,951
833,6,37,297200,555,1967,1131,4218,955,402
834,6,37,297300,221,649,373,1503,379,636
835,6,37,297400,209,758,429,1583,367,375
836,6,37,297500,227,772,397,1607,357,290
837,6,37,297600,411,1588,890,3251,849,772
838,6,37,300100,364,1304,647,2751,641,543
839,6,37,300200,347,1232,702,2572,635,1316
840,6,37,300300,441,1543,862,3210,805,1079
841,6,37,300400,450,1308,772,2921,675,1168
842,6,37,300501,277,920,538,1989,458,1624
843,6,37,300502,391,1314,720,2660,707,872
844,6,37,300600,531,1820,1030,3863,1029,3788
845,6,37,300701,392,1407,764,3010,755,487
846,6,37,300702,349,1296,734,2706,605,397
847,6,37,300800,466,1633,904,3485,881,3700
848,6,37,300901,467,1536,844,3195,882,477
849,6,37,300902,146,447,244,944,258,279
850,6,37,301000,365,1218,674,2565,639,3788
851,6,37,301100,444,1507,835,3181,861,935
852,6,37,301202,580,1937,1110,4137,1094,1392
853,6,37,301203,287,957,591,2151,498,383
854,6,37,301204,351,1153,665,2400,594,1377
855,6,37,301300,139,459,256,958,231,166
856,6,37,301400,233,879,492,1790,524,425
857,6,37,301501,131,427,288,885,222,128
858,6,37,301502,560,1949,1085,4279,963,905
859,6,37,301601,575,1904,1077,4060,950,11657
860,6,37,301602,335,1059,652,2268,603,1781
861,6,37,301701,195,700,363,1456,370,1787
862,6,37,301702,472,1553,901,3304,825,1423
863,6,37,301800,684,2157,1241,4432,1114,13391
864,6,37,301900,512,1815,1086,3831,966,7204
865,6,37,302001,630,2157,1195,4532,1131,1621
866,6,37,302002,283,851,517,1810,444,6764
867,6,37,302102,521,1805,1042,3815,948,711
868,6,37,302103,496,1704,1007,3702,913,814
869,6,37,302104,321,1138,671,2352,595,1002
870,6,37,302201,280,904,561,1932,503,3948
871,6,37,302202,465,1602,910,3391,839,1356
872,6,37,302301,280,919,547,1999,518,3994
873,6,37,302302,507,1786,997,3601,862,1677
874,6,37,302400,469,1546,902,3152,762,8206
875,6,37,302501,785,2717,1554,5786,1426,1377
876,6,37,302502,617,2207,1163,4610,1216,2182
877,6,37,310100,343,1237,729,2668,625,652
878,6,37,310200,721,2446,1441,5152,1218,726
879,6,37,310300,187,685,373,1432,332,304
880,6,37,310400,212,833,459,1724,439,2737
881,6,37,310500,282,941,526,2031,513,13050
882,6,37,310600,687,2297,1307,4814,1200,2488
883,6,37,310701,185,539,260,1095,248,2294
884,6,37,310702,491,1620,909,3289,866,7050
885,6,37,310703,393,1399,734,2677,693,2967
886,6,37,310800,332,1182,708,2475,632,6216
887,6,37,310900,492,1669,951,3463,858,3090
888,6,37,311000,241,914,492,1934,501,2625
889,6,37,311100,281,982,567,2044,495,2311
890,6,37,311200,217,695,452,1584,410,1577
891,6,37,311300,230,854,498,1904,404,1739
892,6,37,311400,146,539,325,1054,276,1323
893,6,37,311500,396,1321,723,2756,612,1425
894,6,37,311600,482,1650,915,3532,848,21983
895,6,37,311700,423,1412,792,3038,754,10212
896,6,37,311800,678,2136,1226,4444,1105,5246
897,6,37,320100,513,1687,1020,3665,901,5340
898,6,37,320200,724,2543,1435,5390,1339,7253
899,6,37,320300,592,1839,1102,4111,1053,5139
900,6,37,400203,334,1153,614,2436,596,76
901,6,37,400204,483,1552,962,3414,899,488
902,6,37,400205,196,575,396,1334,364,203
903,6,37,400206,370,1302,768,2867,739,244
904,6,37,400302,225,713,355,1436,338,616
905,6,37,400303,263,976,497,1987,460,823
906,6,37,400304,518,1751,927,3585,941,2079
907,6,37,400401,310,1055,579,2220,547,778
908,6,37,400402,266,856,527,1782,441,1537
909,6,37,400500,137,518,298,1087,271,499
910,6,37,400602,334,1248,634,2603,667,2730
911,6,37,400603,303,1097,590,2163,554,2707
912,6,37,400604,211,671,419,1428,393,410
913,6,37,400800,240,785,481,1612,396,1961
914,6,37,400900,267,894,499,1905,485,2973
915,6,37,401001,237,731,387,1463,376,359
916,6,37,401002,253,926,479,1862,456,1875
917,6,37,401101,395,1282,713,2754,645,1673
918,6,37,401102,245,698,447,1601,398,3109
919,6,37,401201,225,766,446,1706,405,1078
920,6,37,401202,366,1080,664,2235,511,3332
921,6,37,401203,379,1353,768,2775,693,564
922,6,37,401302,615,2053,1157,4420,1031,1247
923,6,37,401311,508,1695,891,3462,921,5905
924,6,37,401312,375,1279,754,2749,646,2284
925,6,37,401500,420,1372,782,3024,696,3705
926,6,37,401601,363,1079,628,2331,529,1405
927,6,37,401602,377,1485,784,3038,669,1552
928,6,37,401603,190,628,371,1367,331,950
929,6,37,401701,281,958,507,1876,493,658
930,6,37,401703,244,964,527,1975,460,1022
931,6,37,401704,364,1284,701,2702,687,1348
932,6,37,401800,534,1607,1012,3680,920,2375
933,6,37,401901,321,1098,601,2301,514,3973
934,6,37,401902,415,1370,810,2808,668,3109
935,6,37,402000,547,1837,1071,3958,999,2071
936,6,37,402101,349,1180,746,2627,650,402
937,6,37,402102,330,1149,637,2517,658,2715
938,6,37,402200,529,1716,950,3652,880,2315
939,6,37,402301,424,1449,809,3034,776,260
940,6,37,402302,662,2233,1262,4674,1197,872
941,6,37,402401,615,2138,1217,4512,1074,706
942,6,37,402402,517,1802,1081,3925,942,6892
943,6,37,402403,453,1692,947,3265,812,3309
944,6,37,402404,0,0,0,0,0,1215
945,6,37,402501,477,1508,895,3179,767,714
946,6,37,402502,560,1990,1035,4097,979,237
947,6,37,402600,553,1934,1069,4015,1022,1479
948,6,37,402702,552,1927,1088,3983,943,1901
949,6,37,402703,359,1150,658,2516,596,346
950,6,37,402704,525,2012,1077,3943,911,590
951,6,37,402801,423,1440,809,3125,820,2300
952,6,37,402802,629,2162,1271,4699,1219,1230
953,6,37,402901,620,2121,1160,4335,1125,4402
954,6,37,402902,549,1709,1006,3706,918,540
955,6,37,403000,537,1917,1026,3984,947,1465
956,6,37,403200,45,171,107,357,84,2282
957,6,37,403303,170,652,374,1412,279,6282
958,6,37,403304,409,1417,761,2879,755,953
959,6,37,403305,167,578,314,1237,323,174
960,6,37,403312,345,1216,688,2574,645,520
961,6,37,403316,467,1641,938,3482,808,1380
962,6,37,403317,320,1188,621,2444,522,407
963,6,37,403318,438,1497,821,3181,778,383
964,6,37,403319,336,1169,696,2512,599,1294
965,6,37,403320,415,1505,866,3073,707,541
966,6,37,403321,483,1573,876,3294,803,453
967,6,37,403322,269,999,561,2045,520,694
968,6,37,403323,344,1236,708,2614,701,3000
969,6,37,403324,526,1913,1023,3916,902,816
970,6,37,403325,360,1164,675,2425,593,953
971,6,37,403401,411,1324,717,2760,730,2141
972,6,37,403402,262,912,470,1826,472,2036
973,6,37,403403,407,1403,746,2943,717,184
974,6,37,403404,179,609,387,1373,385,263
975,6,37,403405,112,449,210,925,212,1871
976,6,37,403406,215,739,424,1507,414,188
977,6,37,403407,158,496,331,1187,288,411
978,6,37,403408,525,1711,957,3720,930,980
979,6,37,403500,103,332,162,755,184,257
980,6,37,403600,442,1443,885,3113,758,2955
981,6,37,403702,242,856,487,1847,495,556
982,6,37,403703,303,1088,689,2334,602,252
983,6,37,403721,348,1148,659,2463,618,2783
984,6,37,403722,465,1551,804,3176,742,2128
985,6,37,403801,423,1434,818,3036,724,1376
986,6,37,403802,394,1302,729,2803,664,449
987,6,37,403901,242,779,403,1628,427,723
988,6,37,403902,377,1226,705,2527,697,1555
989,6,37,404000,300,1137,610,2430,659,762
990,6,37,404100,555,1692,987,3668,868,269
991,6,37,404200,579,2131,1143,4366,1063,1301
992,6,37,404301,433,1458,876,3165,792,1495
993,6,37,404302,203,604,358,1333,362,303
994,6,37,404401,310,978,548,2148,495,2119
995,6,37,404402,368,1211,686,2541,619,3168
996,6,37,404501,263,825,475,1791,430,1268
997,6,37,404502,639,2264,1292,4707,1160,254
998,6,37,404600,112,388,221,831,210,13440
999,6,37,404701,447,1512,918,3267,877,402
1000,6,37,404702,484,1665,966,3455,856,832
1001,6,37,404703,276,954,530,1855,485,4862
1002,6,37,404801,553,1825,1017,3874,944,837
1003,6,37,404802,343,1164,688,2540,603,525
1004,6,37,404803,156,475,296,1074,265,533
1005,6,37,404901,434,1427,880,3160,799,1885
1006,6,37,404902,288,955,551,2064,427,60
1007,6,37,404903,244,747,469,1563,382,54
1008,6,37,405001,440,1583,888,3389,887,2299
1009,6,37,405002,260,864,474,1733,440,1335
1010,6,37,405101,399,1469,786,3034,736,507
1011,6,37,405102,390,1307,767,2705,682,851
1012,6,37,405201,386,1332,731,2813,703,1959
1013,6,37,405202,359,1306,767,2729,639,1341
1014,6,37,405203,273,879,468,1798,448,339
1015,6,37,405300,651,2317,1246,4745,1174,2223
1016,6,37,405400,350,1100,663,2389,620,188
1017,6,37,405500,476,1712,951,3465,833,803
1018,6,37,405600,373,1245,748,2690,625,1771
1019,6,37,405700,656,2237,1275,4542,1169,2939
1020,6,37,405800,419,1468,804,3150,756,1337
1021,6,37,405900,299,966,578,1998,522,624
1022,6,37,406000,373,1271,600,2525,573,1282
1023,6,37,406101,193,729,375,1477,387,3492
1024,6,37,406102,427,1412,789,3003,741,2340
1025,6,37,406200,410,1398,803,2960,678,2908
1026,6,37,406300,371,1212,757,2549,609,1042
1027,6,37,406402,155,496,301,1041,259,170
1028,6,37,406411,158,545,283,1171,258,621
1029,6,37,406412,154,543,292,1174,300,171
1030,6,37,406500,508,1675,935,3560,822,1084
1031,6,37,406601,369,1213,749,2575,647,480
1032,6,37,406602,362,1300,694,2628,628,671
1033,6,37,406700,648,2160,1300,4993,1115,10179
1034,6,37,406800,340,1200,663,2518,647,591
1035,6,37,406900,646,2182,1294,4610,1126,1318
1036,6,37,407001,443,1713,890,3393,867,268
1037,6,37,407002,300,1054,628,2343,597,5342
1038,6,37,407101,373,1248,738,2731,722,767
1039,6,37,407102,467,1470,848,3110,755,210
1040,6,37,407200,570,1930,1072,4036,990,1039
1041,6,37,407301,395,1368,782,2866,630,242
1042,6,37,407302,303,943,596,1938,480,329
1043,6,37,407400,159,542,311,1055,305,274
1044,6,37,407500,665,2228,1267,4701,1165,1590
1045,6,37,407600,618,2168,1286,4582,1182,2209
1046,6,37,407701,466,1610,872,3367,764,356
1047,6,37,407702,483,1693,955,3597,867,1576
1048,6,37,407800,723,2360,1331,5083,1278,1169
1049,6,37,407900,455,1583,894,3383,836,324
1050,6,37,408001,594,2067,1132,4284,1039,1167
1051,6,37,408002,566,1914,1198,4130,1087,516
1052,6,37,408101,595,2251,1248,4498,1081,479
1053,6,37,408102,724,2530,1528,5375,1270,957
1054,6,37,408132,889,2843,1701,6238,1603,677
1055,6,37,408133,426,1540,802,3096,828,299
1056,6,37,408134,202,721,426,1611,414,54
1057,6,37,408135,341,1073,668,2402,622,80
1058,6,37,408202,233,738,427,1560,388,21631
1059,6,37,408211,458,1670,926,3514,817,12154
1060,6,37,408212,328,1163,690,2435,581,2885
1061,6,37,408301,486,1545,930,3369,903,1403
1062,6,37,408302,261,933,574,2029,466,1352
1063,6,37,408303,315,1010,640,2123,517,244
1064,6,37,408401,347,1108,633,2351,583,449
1065,6,37,408402,404,1403,746,2878,686,3634
1066,6,37,408501,282,890,531,1942,459,968
1067,6,37,408502,657,2031,1214,4377,1119,1632
1068,6,37,408503,465,1516,892,3371,824,898
1069,6,37,408601,607,2005,1129,4209,1084,1030
1070,6,37,408623,262,832,417,1695,443,212
1071,6,37,408624,278,878,551,1835,492,320
1072,6,37,408625,328,1094,580,2325,544,935
1073,6,37,408626,400,1482,828,3009,740,996
1074,6,37,408627,257,841,485,1765,422,50
1075,6,37,408628,418,1419,796,2898,782,686
1076,6,37,408629,203,698,416,1570,402,234
1077,6,37,408703,550,1884,1044,3823,1047,363
1078,6,37,408704,233,791,484,1733,401,700
1079,6,37,408705,426,1355,877,3134,748,2010
1080,6,37,408706,103,453,190,860,253,55
1081,6,37,408721,723,2457,1375,5021,1218,1103
1082,6,37,408722,326,1201,645,2517,584,345
1083,6,37,408800,291,976,611,2090,473,5580
1084,6,37,430001,310,1158,674,2359,534,338
1085,6,37,430002,549,1851,1069,3874,913,2252
1086,6,37,430101,341,1187,620,2426,553,4159
1087,6,37,430102,395,1337,786,2891,690,304
1088,6,37,430200,61,267,134,577,136,177
1089,6,37,430301,279,897,557,2013,472,354
1090,6,37,430302,441,1426,843,2925,759,870
1091,6,37,430400,281,991,577,2147,552,2051
1092,6,37,430501,296,865,606,1961,513,1043
1093,6,37,430502,470,1582,914,3154,773,2103
1094,6,37,430600,277,1060,571,2201,480,575
1095,6,37,430701,372,1315,684,2678,673,830
1096,6,37,430721,222,792,451,1687,391,7198
1097,6,37,430723,295,915,535,2084,499,577
1098,6,37,430724,300,1059,614,2270,588,678
1099,6,37,430801,485,1695,942,3512,834,5899
1100,6,37,430802,269,1035,578,2229,536,733
1101,6,37,430803,410,1301,773,2796,682,938
1102,6,37,430900,688,2319,1348,4883,1259,3312
1103,6,37,431001,513,1863,1058,3855,979,3233
1104,6,37,431002,209,623,418,1358,364,1106
1105,6,37,431100,544,1898,1034,3818,851,7988
1106,6,37,431200,524,1613,1016,3452,866,1038
1107,6,37,431300,195,593,358,1290,319,349
1108,6,37,431400,299,995,617,2078,503,330
1109,6,37,431500,616,2049,1269,4391,1103,2414
1110,6,37,431600,310,928,598,2021,498,990
1111,6,37,431700,545,1652,984,3506,816,1660
1112,6,37,431800,407,1296,743,2720,641,1529
1113,6,37,431900,252,850,518,1812,449,1253
1114,6,37,432000,550,1853,983,3914,937,1652
1115,6,37,432101,301,1010,543,2151,515,322
1116,6,37,432102,431,1318,779,2704,706,592
1117,6,37,432201,302,1049,622,2146,569,894
1118,6,37,432202,321,1065,644,2119,542,1534
1119,6,37,432300,285,962,558,2100,497,5963
1120,6,37,432401,285,1011,551,2025,446,943
1121,6,37,432402,499,1596,987,3521,850,1068
1122,6,37,432500,482,1840,1105,3943,970,2076
1123,6,37,432601,515,1737,1047,3538,872,743
1124,6,37,432602,344,1185,714,2477,620,398
1125,6,37,432700,408,1490,819,2917,701,4179
1126,6,37,432801,188,620,332,1269,317,1371
1127,6,37,432802,566,1722,1107,3805,988,514
1128,6,37,432901,332,1100,649,2420,595,1884
1129,6,37,432902,244,836,451,1700,512,1577
1130,6,37,433100,585,2073,1171,4307,1036,7696
1131,6,37,433200,494,1704,976,3577,854,4018
1132,6,37,433301,813,2794,1601,5833,1513,2151
1133,6,37,433302,118,375,228,841,156,1383
1134,6,37,433303,585,2074,1121,4294,1068,773
1135,6,37,433401,297,997,542,2146,492,384
1136,6,37,433402,412,1366,807,2883,703,1009
1137,6,37,433403,440,1530,816,2993,712,871
1138,6,37,433501,173,588,340,1237,332,4750
1139,6,37,433502,722,2247,1384,4924,1195,5345
1140,6,37,433601,349,1206,690,2697,676,845
1141,6,37,433602,219,751,429,1612,375,4403
1142,6,37,433700,257,889,452,1801,490,4542
1143,6,37,433801,514,1683,1109,3633,859,4354
1144,6,37,433802,207,647,388,1460,394,1777
1145,6,37,433901,466,1663,921,3504,891,1063
1146,6,37,433902,321,983,634,2154,592,615
1147,6,37,434001,387,1197,696,2565,663,1158
1148,6,37,434002,668,2030,1248,4409,1080,661
1149,6,37,460000,319,1016,644,2279,561,3398
1150,6,37,460100,368,1261,719,2724,652,768
1151,6,37,460200,402,1302,731,2683,602,808
1152,6,37,460301,313,1105,622,2316,554,229
1153,6,37,460302,295,1068,596,2237,588,466
1154,6,37,460400,62,211,134,425,107,142
1155,6,37,460501,417,1314,803,2817,689,2796
1156,6,37,460502,341,1112,565,2236,520,1842
1157,6,37,460600,305,1020,533,2151,527,879
1158,6,37,460700,371,1247,690,2580,598,2679
1159,6,37,460800,205,703,413,1465,366,1102
1160,6,37,460900,531,1869,1089,3882,998,1331
1161,6,37,461000,462,1553,817,3218,756,1367
1162,6,37,461100,362,1259,718,2470,615,1163
1163,6,37,461200,284,979,533,2045,506,672
1164,6,37,461300,461,1462,816,3120,823,849
1165,6,37,461400,208,724,420,1668,441,1017
1166,6,37,461500,860,3006,1551,6075,1578,2478
1167,6,37,461600,453,1558,854,3372,876,1543
1168,6,37,461700,107,292,217,696,167,1361
1169,6,37,461900,551,1977,1132,4141,1008,18724
1170,6,37,462000,742,2597,1519,5547,1409,951
1171,6,37,462100,482,1607,919,3324,834,1380
1172,6,37,462200,394,1470,807,2973,721,7264
1173,6,37,462300,640,2041,1204,4472,1025,4962
1174,6,37,462400,330,1110,650,2386,599,614
1175,6,37,462500,433,1458,881,3166,782,2063
1176,6,37,462600,141,590,315,1267,311,757
1177,6,37,462700,417,1429,882,3027,798,2103
1178,6,37,462800,194,789,445,1626,385,1616
1179,6,37,462900,287,873,516,1878,498,5117
1180,6,37,463000,100,415,221,887,246,3833
1181,6,37,463101,194,640,338,1363,321,854
1182,6,37,463102,273,967,559,2019,419,1115
1183,6,37,463200,228,878,509,1773,427,1366
1184,6,37,463300,166,533,315,1134,321,478
1185,6,37,463400,418,1480,847,3174,791,2871
1186,6,37,463500,466,1390,837,3005,803,10989
1187,6,37,463600,665,2242,1259,4704,1102,18866
1188,6,37,463700,114,412,192,818,188,5043
1189,6,37,463800,258,874,475,1897,429,957
1190,6,37,463900,228,725,385,1548,429,4774
1191,6,37,464000,400,1314,762,2856,721,3456
1192,6,37,464100,481,1661,984,3508,845,3117
1193,6,37,464200,409,1407,866,3098,739,1907
1194,6,37,480002,205,798,457,1724,429,468
1195,6,37,480011,423,1328,788,2889,696,872
1196,6,37,480012,373,1331,693,2702,673,265
1197,6,37,480101,275,921,525,2045,556,732
1198,6,37,480102,304,1017,636,2249,531,574
1199,6,37,480201,257,880,500,1916,456,1062
1200,6,37,480202,205,597,355,1339,304,891
1201,6,37,480301,604,2141,1203,4434,1118,1405
1202,6,37,480302,294,1018,602,2309,528,1517
1203,6,37,480400,392,1342,726,2866,693,1455
1204,6,37,480500,372,1251,758,2770,699,2659
1205,6,37,480600,499,1753,1060,3662,890,2528
1206,6,37,480702,345,1089,649,2220,488,895
1207,6,37,480703,203,735,444,1621,400,1200
1208,6,37,480704,312,1075,624,2350,563,1366
1209,6,37,480802,268,807,515,1726,427,8790
1210,6,37,480803,262,882,526,1817,448,1793
1211,6,37,480804,372,1322,785,2795,665,968
1212,6,37,480901,394,1318,780,2746,662,2266
1213,6,37,480902,342,1091,620,2340,587,689
1214,6,37,480903,240,819,429,1723,425,565
1215,6,37,481001,326,1011,566,2031,469,2817
1216,6,37,481002,455,1432,869,3018,668,2452
1217,6,37,481101,308,1027,604,2275,516,3091
1218,6,37,481102,290,975,582,2102,541,1948
1219,6,37,481103,390,1289,707,2923,715,1502
1220,6,37,481201,242,785,514,1730,490,1569
1221,6,37,481202,567,1792,1017,3829,951,1638
1222,6,37,481300,229,788,421,1654,375,685
1223,6,37,481401,448,1613,930,3370,864,1905
1224,6,37,481402,508,1786,985,3982,950,2885
1225,6,37,481500,273,1095,564,2220,514,1665
1226,6,37,481602,654,2178,1210,4605,1091,1438
1227,6,37,481603,290,1064,588,2130,512,677
1228,6,37,481604,308,1026,586,2254,489,877
1229,6,37,481711,365,1185,661,2505,628,1447
1230,6,37,481712,395,1411,791,2998,811,597
1231,6,37,481713,199,723,395,1480,325,1459
1232,6,37,481714,192,658,373,1388,329,1711
1233,6,37,481800,191,675,326,1355,317,134
1234,6,37,481901,445,1627,891,3250,850,824
1235,6,37,481902,226,873,459,1744,430,410
1236,6,37,482001,218,688,399,1421,360,11126
1237,6,37,482002,480,1745,1040,3716,879,2409
1238,6,37,482101,335,1226,633,2561,603,1743
1239,6,37,482102,227,726,394,1530,356,996
1240,6,37,482201,280,999,600,2149,543,1777
1241,6,37,482202,384,1374,769,2941,718,499
1242,6,37,482301,389,1438,841,2861,693,367
1243,6,37,482303,434,1527,894,3295,798,488
1244,6,37,482304,317,1072,637,2177,549,752
1245,6,37,482401,319,1040,551,2179,528,620
1246,6,37,482402,548,1810,1028,3837,936,1787
1247,6,37,482502,276,923,531,1942,480,550
1248,6,37,482503,335,1110,712,2452,649,1158
1249,6,37,482521,436,1477,899,3237,783,622
1250,6,37,482522,340,1115,685,2348,562,802
1251,6,37,482600,518,1621,1004,3574,881,448
1252,6,37,482701,298,998,623,2135,575,1709
1253,6,37,482702,165,553,345,1271,338,167
1254,6,37,482800,311,1036,606,2267,493,3924
1255,6,37,500100,243,765,447,1589,388,313
1256,6,37,500201,424,1336,758,2818,680,1413
1257,6,37,500202,264,913,574,2009,531,3033
1258,6,37,500300,188,779,391,1557,352,5614
1259,6,37,500401,626,2316,1341,4762,1096,1404
1260,6,37,500402,388,1383,813,2891,688,1818
1261,6,37,500500,198,702,385,1491,344,212
1262,6,37,500600,428,1562,893,3284,819,604
1263,6,37,500700,454,1623,933,3373,826,2935
1264,6,37,500800,396,1330,801,2940,680,1527
1265,6,37,500900,429,1438,818,2907,720,1196
1266,6,37,501000,621,2128,1173,4537,1020,828
1267,6,37,501200,357,1151,669,2521,625,648
1268,6,37,501300,505,1650,930,3542,858,1094
1269,6,37,501400,294,1183,612,2416,588,2574
1270,6,37,501501,128,461,274,1069,249,339
1271,6,37,501503,365,1251,720,2522,612,213
1272,6,37,501504,274,861,530,1851,445,3072
1273,6,37,501600,482,1650,853,3411,760,1265
1274,6,37,501700,201,790,427,1571,391,856
1275,6,37,501801,566,1978,1138,4205,1088,3081
1276,6,37,501802,248,785,464,1641,370,643
1277,6,37,501900,271,972,552,2038,501,1858
1278,6,37,502001,262,1028,586,2104,478,537
1279,6,37,502002,563,1871,1064,4112,1069,2406
1280,6,37,502100,428,1493,882,3245,754,4550
1281,6,37,502200,577,1757,1009,3717,889,751
1282,6,37,502301,426,1435,858,3119,799,532
1283,6,37,502302,253,841,471,1770,427,697
1284,6,37,502401,332,1050,646,2355,654,335
1285,6,37,502402,266,1009,556,2200,534,483
1286,6,37,502500,283,1045,609,2223,587,5289
1287,6,37,502601,485,1707,995,3633,912,1006
1288,6,37,502602,331,1095,638,2373,569,1242
1289,6,37,502700,526,1716,977,3603,923,16944
1290,6,37,502800,585,2004,1165,4352,1004,13107
1291,6,37,502901,394,1387,801,2931,745,422
1292,6,37,502902,311,1099,558,2241,507,5945
1293,6,37,503000,517,1737,1034,3714,937,528
1294,6,37,503101,594,1998,1123,4136,980,692
1295,6,37,503102,652,2041,1220,4344,1027,457
1296,6,37,503201,320,934,600,1998,448,728
1297,6,37,503202,296,1065,611,2231,545,505
1298,6,37,503301,208,767,392,1646,403,564
1299,6,37,503302,466,1618,899,3485,817,576
1300,6,37,503401,382,1338,748,2848,766,1283
1301,6,37,503402,233,910,459,1928,445,1693
1302,6,37,503501,498,1610,951,3443,850,643
1303,6,37,503502,296,916,516,1978,482,310
1304,6,37,503601,307,1027,566,2151,526,1075
1305,6,37,503602,259,853,509,1841,434,919
1306,6,37,503701,301,1127,654,2360,601,272
1307,6,37,503702,383,1100,684,2544,602,382
1308,6,37,503703,490,1784,952,3824,982,535
1309,6,37,503801,306,968,618,2141,547,824
1310,6,37,503802,371,1212,700,2576,685,1299
1311,6,37,503901,177,660,356,1319,323,214
1312,6,37,503902,312,1121,606,2341,499,9141
1313,6,37,504001,336,1148,612,2379,562,2089
1314,6,37,504002,377,1248,717,2574,657,512
1315,6,37,504101,441,1371,790,3063,724,1252
1316,6,37,504102,0,0,0,0,0,13390
1317,6,37,530003,201,648,385,1377,310,1164
1318,6,37,530004,248,895,474,1862,477,795
1319,6,37,530005,317,955,598,2129,507,1647
1320,6,37,530006,296,946,558,2149,499,1267
1321,6,37,530101,402,1325,775,2916,727,2362
1322,6,37,530102,338,1252,671,2521,597,1712
1323,6,37,530202,284,1025,563,2165,473,1705
1324,6,37,530203,255,877,507,1815,485,1133
1325,6,37,530204,281,961,502,1937,435,662
1326,6,37,530301,190,634,305,1265,319,1292
1327,6,37,530302,485,1701,985,3634,891,694
1328,6,37,530400,295,1045,552,2208,552,2227
1329,6,37,530500,396,1235,717,2707,680,1451
1330,6,37,530601,277,909,564,2033,457,571
1331,6,37,530602,105,415,249,915,210,1489
1332,6,37,530700,166,580,346,1208,306,2429
1333,6,37,530801,516,1768,1038,3721,911,358
1334,6,37,530802,295,972,534,2100,533,346
1335,6,37,530901,312,1083,653,2415,622,137
1336,6,37,530902,355,1086,669,2284,588,361
1337,6,37,531000,442,1564,934,3330,796,1047
1338,6,37,531101,440,1477,834,3287,746,1610
1339,6,37,531102,243,822,473,1724,431,1004
1340,6,37,531201,477,1549,947,3395,811,658
1341,6,37,531202,419,1412,799,3052,719,691
1342,6,37,531301,493,1595,879,3335,825,986
1343,6,37,531302,570,1828,1127,4040,970,1813
1344,6,37,531501,639,2025,1215,4500,1218,654
1345,6,37,531502,286,967,541,2051,465,685
1346,6,37,531602,402,1258,738,2637,560,785
1347,6,37,531603,292,1002,503,2081,527,262
1348,6,37,531604,319,1088,617,2206,465,591
1349,6,37,531701,473,1508,944,3299,761,1358
1350,6,37,531702,387,1347,771,2830,650,1136
1351,6,37,531800,417,1401,889,3123,764,647
1352,6,37,531901,519,1720,1014,3645,971,562
1353,6,37,531902,336,1085,612,2270,524,507
1354,6,37,532001,260,811,449,1740,417,3245
1355,6,37,532002,225,795,478,1732,426,1264
1356,6,37,532101,499,1764,948,3711,962,2935
1357,6,37,532102,243,885,492,1887,481,348
1358,6,37,532200,520,1831,1037,3865,988,8397
1359,6,37,532302,345,1197,647,2483,621,7449
1360,6,37,532303,337,1129,620,2363,575,28645
1361,6,37,532304,300,1033,601,2237,559,18569
1362,6,37,532400,0,0,0,0,0,38309
1363,6,37,532500,326,1184,701,2432,568,4031
1364,6,37,532603,276,941,519,2007,525,1412
1365,6,37,532604,240,864,464,1834,444,423
1366,6,37,532605,297,1013,556,2123,524,2439
1367,6,37,532606,345,1182,661,2393,599,348
1368,6,37,532700,244,889,452,1756,432,1715
1369,6,37,532800,347,1344,770,3007,708,699
1370,6,37,532900,534,1892,1033,4165,1025,1008
1371,6,37,533000,608,2172,1190,4506,1083,1771
1372,6,37,533103,331,1158,650,2387,573,1319
1373,6,37,533104,308,1166,627,2487,632,2167
1374,6,37,533105,216,846,417,1689,425,80
1375,6,37,533106,140,492,291,1023,247,1000
1376,6,37,533107,317,1048,569,2104,514,468
1377,6,37,533201,210,760,487,1665,415,687
1378,6,37,533202,222,699,419,1617,402,244
1379,6,37,533203,189,606,368,1364,326,265
1380,6,37,533300,311,1077,603,2309,519,525
1381,6,37,533401,360,1409,721,2830,657,209
1382,6,37,533402,334,1140,612,2368,573,702
1383,6,37,533403,286,840,540,1871,488,1071
1384,6,37,533501,273,903,536,1946,476,684
1385,6,37,533502,178,622,379,1364,333,90
1386,6,37,533503,183,609,350,1188,293,81
1387,6,37,533601,392,1189,741,2567,672,1431
1388,6,37,533602,483,1666,960,3612,884,1226
1389,6,37,533603,516,1767,1009,3753,871,1486
1390,6,37,533701,301,1024,600,2178,475,785
1391,6,37,533702,307,993,610,2194,503,212
1392,6,37,533703,320,1114,654,2420,635,530
1393,6,37,533801,594,2084,1333,4401,1083,738
1394,6,37,533803,522,1742,959,3611,899,1131
1395,6,37,533804,368,1194,662,2663,621,355
1396,6,37,533901,504,1791,984,3744,906,697
1397,6,37,533902,316,1130,646,2259,545,1024
1398,6,37,534001,483,1458,869,3096,781,1124
1399,6,37,534002,286,1034,617,2216,604,1488
1400,6,37,534101,184,651,343,1327,334,1782
1401,6,37,534102,576,1863,1034,3943,895,848
1402,6,37,534201,338,1243,693,2617,636,631
1403,6,37,534202,515,1708,964,3688,906,391
1404,6,37,534203,261,911,551,1830,466,808
1405,6,37,534301,378,1255,736,2648,665,2172
1406,6,37,534302,314,1120,569,2391,554,305
1407,6,37,534403,236,715,449,1603,423,264
1408,6,37,534404,288,1041,535,2128,482,586
1409,6,37,534405,380,1163,767,2541,642,647
1410,6,37,534406,368,1247,707,2471,599,32
1411,6,37,534501,402,1313,829,2867,727,898
1412,6,37,534502,296,1057,639,2308,607,340
1413,6,37,534700,328,1188,673,2446,621,70
1414,6,37,534802,253,793,480,1729,455,442
1415,6,37,534803,413,1444,834,3108,783,845
1416,6,37,534804,353,1175,680,2566,592,130
1417,6,37,534900,579,1835,1129,4065,998,802
1418,6,37,535000,710,2379,1295,4868,1190,1207
1419,6,37,535101,552,1883,1080,4093,1037,1271
1420,6,37,535102,321,1097,586,2327,571,437
1421,6,37,535200,513,1456,941,3355,794,111
1422,6,37,535300,540,1707,974,3777,917,899
1423,6,37,535400,260,849,548,1900,537,570
1424,6,37,535501,331,1045,607,2307,547,919
1425,6,37,535502,362,1323,717,2913,732,345
1426,6,37,535503,185,695,366,1475,348,399
1427,6,37,535603,319,1096,643,2363,517,1004
1428,6,37,535604,365,1161,660,2595,592,406
1429,6,37,535605,346,1221,699,2530,609,471
1430,6,37,535606,187,551,333,1168,289,44
1431,6,37,535607,395,1256,729,2718,642,1323
1432,6,37,535701,484,1621,872,3364,843,329
1433,6,37,535702,409,1463,858,3182,736,1464
1434,6,37,535802,532,1717,1038,3802,935,443
1435,6,37,535803,322,1249,730,2608,619,531
1436,6,37,535804,433,1550,864,3273,746,383
1437,6,37,535901,424,1449,923,3040,782,1106
1438,6,37,535902,445,1570,944,3273,856,706
1439,6,37,536000,336,972,614,2097,561,2819
1440,6,37,536101,755,2611,1554,5435,1370,4350
1441,6,37,536102,203,705,380,1486,384,3257
1442,6,37,536200,607,1855,1012,3818,978,3062
1443,6,37,540000,531,1852,1079,3850,977,1238
1444,6,37,540101,471,1556,957,3367,908,947
1445,6,37,540102,488,1671,977,3578,978,709
1446,6,37,540201,159,680,364,1312,351,510
1447,6,37,540202,598,1921,1108,3970,933,1363
1448,6,37,540203,405,1455,825,3124,755,3121
1449,6,37,540300,464,1444,822,3171,776,2784
1450,6,37,540400,214,696,371,1390,372,414
1451,6,37,540501,466,1483,900,3313,855,2548
1452,6,37,540502,545,1874,1015,3944,996,283
1453,6,37,540600,284,948,561,2071,525,659
1454,6,37,540700,244,846,510,1854,466,3915
1455,6,37,540800,431,1321,737,2795,688,861
1456,6,37,540901,377,1270,762,2623,637,297
1457,6,37,540902,314,1049,581,2313,570,3377
1458,6,37,541001,77,311,169,605,152,7804
1459,6,37,541002,237,821,448,1691,415,8497
1460,6,37,541100,274,828,501,1682,447,1828
1461,6,37,541200,365,1216,689,2657,604,2361
1462,6,37,541300,402,1410,825,3001,758,707
1463,6,37,541400,532,1888,1141,4097,898,354
1464,6,37,541500,421,1493,863,3184,755,511
1465,6,37,541603,207,779,472,1575,362,3214
1466,6,37,541604,530,1659,987,3600,836,864
1467,6,37,541605,417,1374,818,2952,765,919
1468,6,37,541606,215,690,374,1467,385,440
1469,6,37,541700,477,1622,942,3408,868,619
1470,6,37,541801,375,1242,738,2610,608,269
1471,6,37,541802,370,1306,832,2878,750,144
1472,6,37,542000,416,1459,802,3132,708,944
1473,6,37,542101,560,2084,1154,4272,1046,319
1474,6,37,542102,627,2158,1284,4503,1127,375
1475,6,37,542200,567,1773,1044,3851,937,715
1476,6,37,542401,376,1263,705,2605,633,1547
1477,6,37,542402,199,758,436,1692,420,2645
1478,6,37,542501,286,970,602,2207,571,107
1479,6,37,542502,347,1084,676,2387,557,3754
1480,6,37,542601,234,865,466,1631,428,604
1481,6,37,542602,399,1324,736,2813,734,917
1482,6,37,542700,377,1418,785,2953,685,804
1483,6,37,542800,194,714,427,1490,331,295
1484,6,37,542900,234,789,493,1717,467,138
1485,6,37,543000,276,1036,600,2107,605,360
1486,6,37,543100,422,1612,911,3382,808,4784
1487,6,37,543201,260,808,493,1754,414,319
1488,6,37,543202,357,1363,670,2709,671,8916
1489,6,37,543303,514,1774,1038,3697,978,12031
1490,6,37,543304,404,1387,830,2964,763,441
1491,6,37,543305,165,569,348,1237,305,26463
1492,6,37,543321,350,1200,684,2480,621,3621
1493,6,37,543322,464,1474,925,3258,847,588
1494,6,37,543400,340,1142,623,2432,579,4342
1495,6,37,543501,513,1754,926,3597,858,3693
1496,6,37,543502,357,1108,668,2348,538,729
1497,6,37,543503,440,1416,808,3013,735,4615
1498,6,37,543601,326,989,606,2284,502,171
1499,6,37,543602,524,1795,1039,3832,988,1528
1500,6,37,543603,275,896,556,1913,537,729
1501,6,37,543604,437,1367,796,2882,674,1026
1502,6,37,543701,252,748,511,1716,445,459
1503,6,37,543702,493,1682,898,3623,875,797
1504,6,37,543703,244,972,554,1981,495,587
1505,6,37,543801,408,1329,797,2813,700,630
1506,6,37,543802,575,1721,1076,3820,870,1219
1507,6,37,543903,278,945,515,2153,512,2715
1508,6,37,543904,374,1253,715,2627,592,7973
1509,6,37,544000,622,1880,1215,4241,1073,7683
1510,6,37,550000,39,118,75,272,58,463
1511,6,37,550100,519,1794,1034,3928,964,1375
1512,6,37,550200,582,2051,1211,4420,1034,943
1513,6,37,550300,558,1848,1090,3948,958,1885
1514,6,37,550400,101,361,188,750,172,245
1515,6,37,550500,475,1847,965,3782,930,1286
1516,6,37,550600,625,2158,1246,4696,1137,2221
1517,6,37,550700,439,1565,902,3340,783,702
1518,6,37,550800,485,1667,927,3497,843,2467
1519,6,37,550900,643,2315,1297,4810,1123,5726
1520,6,37,551000,513,1573,910,3330,834,2996
1521,6,37,551100,755,2524,1524,5513,1393,7223
1522,6,37,551201,257,839,463,1780,375,520
1523,6,37,551202,580,1840,1032,3920,985,924
1524,6,37,551300,422,1308,785,2841,719,5692
1525,6,37,551400,603,2104,1209,4516,1108,1713
1526,6,37,551500,655,2188,1301,4742,1146,2032
1527,6,37,551600,0,0,0,0,0,3051
1528,6,37,551700,466,1698,949,3451,855,533
1529,6,37,551800,506,1758,1016,3788,917,3956
1530,6,37,551900,357,1268,736,2717,610,566
1531,6,37,552000,568,1995,1116,4292,1186,1741
1532,6,37,552100,378,1347,751,2839,676,2003
1533,6,37,552200,501,1900,1035,3978,1000,4300
1534,6,37,552300,586,2024,1176,4569,1159,5151
1535,6,37,552400,198,662,392,1499,395,1684
1536,6,37,552601,458,1577,896,3265,825,311
1537,6,37,552602,323,1189,613,2423,536,1421
1538,6,37,552700,556,1664,1012,3655,911,633
1539,6,37,552800,515,1660,935,3407,833,594
1540,6,37,552900,533,1736,936,3727,908,571
1541,6,37,553000,336,1113,681,2468,599,634
1542,6,37,553100,426,1461,811,3114,761,1458
1543,6,37,553200,470,1620,929,3474,823,729
1544,6,37,553300,257,768,392,1556,359,1165
1545,6,37,553400,271,1034,567,2156,546,154
1546,6,37,553501,637,2142,1329,4535,1130,778
1547,6,37,553502,318,1120,636,2454,627,2080
1548,6,37,553601,375,1268,729,2688,669,4469
1549,6,37,553602,347,1201,657,2443,558,326
1550,6,37,553701,305,1124,659,2332,510,1260
1551,6,37,553702,385,1322,794,2961,775,364
1552,6,37,553801,318,1056,611,2350,618,4406
1553,6,37,553802,471,1578,863,3220,829,3684
1554,6,37,553901,515,1807,1060,3776,995,1883
1555,6,37,553902,413,1548,896,3231,796,1355
1556,6,37,554001,286,983,578,1963,486,2339
1557,6,37,554002,402,1287,751,2700,669,963
1558,6,37,554101,315,1041,615,2334,559,443
1559,6,37,554102,667,2245,1271,4595,1119,629
1560,6,37,554201,276,936,516,1994,487,1324
1561,6,37,554202,554,1902,1124,4148,1062,2182
1562,6,37,554300,571,1912,1107,3930,902,984
1563,6,37,554401,553,1652,1052,3772,992,2358
1564,6,37,554403,389,1313,829,2850,752,921
1565,6,37,554404,316,814,501,1903,411,1082
1566,6,37,554511,312,1091,638,2334,573,6993
1567,6,37,554512,462,1554,858,3230,851,10679
1568,6,37,554513,183,698,339,1422,355,155
1569,6,37,554514,311,1145,665,2516,620,2482
1570,6,37,554515,273,923,568,1939,480,946
1571,6,37,554516,370,1084,685,2396,585,493
1572,6,37,554517,374,1352,736,2751,654,919
1573,6,37,554518,393,1371,777,2830,676,1070
1574,6,37,554519,271,822,562,1838,539,603
1575,6,37,554521,414,1463,849,3083,793,8424
1576,6,37,554522,428,1298,713,2870,686,986
1577,6,37,554600,270,1004,523,1985,496,360
1578,6,37,554700,396,1279,771,2762,695,638
1579,6,37,554801,318,1026,555,2137,595,1597
1580,6,37,554802,448,1504,874,3180,871,2128
1581,6,37,554900,503,1707,998,3717,851,2249
1582,6,37,555001,452,1514,843,3204,802,432
1583,6,37,555002,244,851,448,1915,478,312
1584,6,37,555102,486,1760,1043,3710,949,1343
1585,6,37,555103,356,1272,780,2676,643,555
1586,6,37,555104,348,1057,578,2276,556,592
1587,6,37,555202,218,694,458,1572,443,253
1588,6,37,555211,519,1766,1053,3633,942,758
1589,6,37,555212,335,1173,739,2471,567,318
1590,6,37,570001,329,1008,611,2159,545,1154
1591,6,37,570002,176,593,323,1301,333,249
1592,6,37,570003,288,984,581,2103,524,375
1593,6,37,570100,196,617,414,1323,334,2889
1594,6,37,570202,489,1647,981,3481,811,637
1595,6,37,570203,320,1066,655,2259,581,2226
1596,6,37,570204,306,982,623,2119,588,346
1597,6,37,570301,530,1817,1039,3819,1011,335
1598,6,37,570303,279,1071,512,2163,554,91
1599,6,37,570304,389,1276,752,2656,680,270
1600,6,37,570401,654,2350,1376,5069,1239,497
1601,6,37,570402,250,806,457,1763,416,1082
1602,6,37,570501,553,1900,1043,3973,998,863
1603,6,37,570502,501,1624,848,3504,833,2069
1604,6,37,570601,386,1293,765,2789,689,583
1605,6,37,570602,497,1678,1010,3481,821,693
1606,6,37,570603,398,1254,720,2535,592,1002
1607,6,37,570701,493,1662,952,3487,829,2535
1608,6,37,570702,143,508,340,1133,281,263
1609,6,37,570800,381,1287,716,2709,619,4730
1610,6,37,570901,355,1268,785,2741,676,991
1611,6,37,570902,242,749,502,1712,431,603
1612,6,37,571000,369,1341,751,2691,687,446
1613,6,37,571101,279,939,607,2088,613,618
1614,6,37,571102,239,842,512,1819,446,941
1615,6,37,571200,505,1841,1035,3782,997,3124
1616,6,37,571300,318,979,571,2037,498,387
1617,6,37,571400,325,1073,624,2361,566,3203
1618,6,37,571501,584,1888,1083,4025,977,696
1619,6,37,571502,332,1139,659,2299,570,1683
1620,6,37,571600,139,504,303,1024,246,79
1621,6,37,571701,475,1659,916,3271,810,750
1622,6,37,571702,589,2055,1121,4216,991,730
1623,6,37,571800,210,668,385,1471,357,1770
1624,6,37,571900,345,1162,721,2583,647,2064
1625,6,37,572001,354,1218,730,2562,585,1192
1626,6,37,572002,292,927,580,2078,545,2277
1627,6,37,572100,82,244,158,530,138,204
1628,6,37,572201,448,1527,841,3374,813,870
1629,6,37,572202,249,901,533,1926,488,6780
1630,6,37,572301,267,933,583,1964,498,275
1631,6,37,572302,261,903,525,1857,441,442
1632,6,37,572400,69,204,147,570,112,208
1633,6,37,572500,270,885,496,1840,467,128
1634,6,37,572600,385,1296,747,2788,709,515
1635,6,37,572700,403,1366,869,3086,741,926
1636,6,37,572800,0,0,0,0,0,843
1637,6,37,572900,425,1435,833,2990,660,572
1638,6,37,573001,563,1947,1138,4197,979,563
1639,6,37,573002,329,1208,625,2470,624,553
1640,6,37,573100,549,1928,1050,3926,953,762
1641,6,37,573201,384,1368,734,2952,707,803
1642,6,37,573202,471,1497,901,3228,795,535
1643,6,37,573300,370,1139,711,2471,600,1131
1644,6,37,573401,126,372,221,818,171,1450
1645,6,37,573402,468,1844,955,3726,945,6835
1646,6,37,573403,126,441,259,976,272,3085
1647,6,37,573500,0,0,0,0,0,22702
1648,6,37,573600,382,1391,741,2829,778,573
1649,6,37,573700,283,1035,565,2252,510,594
1650,6,37,573800,276,975,591,2067,495,637
1651,6,37,573902,138,489,291,1022,279,89
1652,6,37,574000,345,1142,653,2431,561,1017
1653,6,37,574100,319,1101,597,2382,542,1252
1654,6,37,574201,200,660,417,1433,380,633
1655,6,37,574202,138,515,258,1047,250,2409
1656,6,37,574300,382,1222,699,2637,644,1574
1657,6,37,574400,344,1119,646,2393,610,1488
1658,6,37,574500,441,1441,762,3071,769,898
1659,6,37,574601,141,405,242,889,195,3627
1660,6,37,574602,84,239,139,473,121,388
1661,6,37,574700,0,0,0,0,0,2052
1662,6,37,574800,167,618,340,1357,334,970
1663,6,37,574901,249,794,473,1681,433,1775
1664,6,37,574902,349,1138,695,2422,644,1005
1665,6,37,575001,231,745,466,1547,408,242
1666,6,37,575002,332,1040,599,2318,566,2882
1667,6,37,575101,399,1390,861,2978,721,529
1668,6,37,575102,408,1324,785,2739,682,430
1669,6,37,575103,447,1400,882,2904,746,832
1670,6,37,575201,420,1275,803,2889,723,725
1671,6,37,575202,491,1525,867,3225,786,936
1672,6,37,575300,401,1383,789,2875,729,1014
1673,6,37,575401,472,1603,933,3450,842,2835
1674,6,37,575402,311,1056,618,2320,565,554
1675,6,37,575500,0,0,0,0,0,3849
1676,6,37,575600,0,0,0,0,0,5464
1677,6,37,575801,207,723,416,1602,397,200
1678,6,37,575802,456,1652,922,3444,838,215
1679,6,37,575803,209,741,430,1524,412,401
1680,6,37,575901,289,1013,547,2078,492,254
1681,6,37,575902,343,1223,747,2735,698,1227
1682,6,37,576000,0,0,0,0,0,17599
1683,6,37,576100,185,544,314,1228,327,7097
1684,6,37,576200,469,1495,891,3098,810,5705
1685,6,37,576300,699,2431,1494,5288,1296,3472
1686,6,37,576401,438,1365,808,3139,695,441
1687,6,37,576402,446,1628,940,3318,850,408
1688,6,37,576403,490,1658,952,3579,874,364
1689,6,37,576501,271,906,552,1939,489,559
1690,6,37,576502,391,1280,753,2682,685,533
1691,6,37,576503,345,1182,730,2632,618,452
1692,6,37,576601,307,1034,595,2157,500,508
1693,6,37,576602,250,870,519,1848,478,447
1694,6,37,576700,255,879,480,1771,467,638
1695,6,37,576801,365,1119,705,2357,597,582
1696,6,37,576802,306,957,608,2008,576,549
1697,6,37,576901,542,1756,1000,3748,899,738
1698,6,37,576902,582,2151,1154,4394,1035,1033
1699,6,37,577000,517,1781,1002,3695,910,1593
1700,6,37,577100,462,1539,873,3284,846,1521
1701,6,37,577200,389,1288,720,2696,625,1372
1702,6,37,577300,367,1308,730,2772,641,1591
1703,6,37,577400,225,689,418,1510,368,1170
1704,6,37,577501,211,705,433,1519,371,1069
1705,6,37,577502,102,343,178,647,177,220
1706,6,37,577601,79,255,159,543,153,2876
1707,6,37,577602,217,710,412,1469,334,744
1708,6,37,577603,570,1827,1072,3649,932,1168
1709,6,37,599000,241,765,465,1718,435,2553
1710,6,37,599100,46,160,89,362,78,163
1711,6,37,600100,490,1692,945,3511,826,165
1712,6,37,600201,318,1085,660,2408,643,510
1713,6,37,600202,492,1674,980,3547,826,400
1714,6,37,600301,597,1990,1208,4124,945,336
1715,6,37,600302,222,768,437,1698,437,604
1716,6,37,600400,267,909,523,1953,499,287
1717,6,37,600501,163,596,323,1158,245,228
1718,6,37,600502,155,508,329,1151,256,772
1719,6,37,600601,154,569,290,1129,313,235
1720,6,37,600602,276,875,522,1884,506,633
1721,6,37,600702,197,668,379,1378,356,2231
1722,6,37,600703,133,339,176,746,202,132
1723,6,37,600704,188,667,340,1311,298,254
1724,6,37,600801,179,645,407,1417,348,364
1725,6,37,600802,176,575,367,1306,332,536
1726,6,37,600902,509,1642,1068,3626,891,1255
1727,6,37,600911,248,928,503,1910,493,378
1728,6,37,600912,452,1489,896,3137,772,590
1729,6,37,601001,145,492,262,1003,246,4272
1730,6,37,601002,408,1414,787,2913,781,862
1731,6,37,601100,515,1759,986,3788,955,2046
1732,6,37,601202,342,1164,638,2401,604,513
1733,6,37,601211,232,734,422,1538,409,2725
1734,6,37,601212,526,1724,987,3704,865,441
1735,6,37,601301,138,461,276,909,217,618
1736,6,37,601302,493,1678,1029,3534,887,2586
1737,6,37,601303,347,1289,734,2623,669,602
1738,6,37,601401,377,1289,751,2748,651,6459
1739,6,37,601402,423,1463,812,3093,678,2500
1740,6,37,601501,355,1265,764,2652,670,815
1741,6,37,601502,341,1195,701,2385,615,438
1742,6,37,601600,398,1334,791,2982,734,885
1743,6,37,601700,481,1626,922,3647,937,628
1744,6,37,601801,306,1108,585,2306,549,371
1745,6,37,601802,405,1423,761,3014,756,787
1746,6,37,601900,547,1837,1027,3904,937,782
1747,6,37,602002,230,802,488,1659,425,65
1748,6,37,602003,406,1449,777,2956,701,221
1749,6,37,602004,289,1090,558,2184,547,431
1750,6,37,602103,534,1818,1165,3998,960,1429
1751,6,37,602104,414,1505,796,3196,764,426
1752,6,37,602105,341,1079,616,2283,683,514
1753,6,37,602106,419,1434,768,2913,750,1274
1754,6,37,602200,534,1659,943,3492,917,1539
1755,6,37,602301,497,1630,983,3382,811,2374
1756,6,37,602302,186,650,386,1392,354,1799
1757,6,37,602402,488,1610,955,3382,871,1226
1758,6,37,602403,378,1311,653,2686,677,1015
1759,6,37,602404,431,1454,891,3197,773,1178
1760,6,37,602501,838,2767,1668,6059,1558,6566
1761,6,37,602502,692,2481,1334,5083,1181,624
1762,6,37,602503,640,2178,1227,4587,1102,706
1763,6,37,602600,544,1776,1062,3767,911,3407
1764,6,37,602700,214,722,427,1535,349,1583
1765,6,37,602800,645,2176,1210,4591,1060,1677
1766,6,37,602900,340,1132,609,2492,632,13564
1767,6,37,603001,516,1713,950,3761,981,2215
1768,6,37,603003,659,2090,1265,4496,1092,2358
1769,6,37,603004,128,390,236,916,213,1084
1770,6,37,603101,360,1142,688,2259,570,1926
1771,6,37,603102,308,913,558,2126,568,624
1772,6,37,603200,187,552,379,1222,282,2275
1773,6,37,603301,302,1032,605,2209,519,1688
1774,6,37,603302,286,1022,503,1974,489,1875
1775,6,37,603400,334,1098,637,2355,584,1343
1776,6,37,603500,216,755,399,1592,393,677
1777,6,37,603600,262,926,549,1933,489,796
1778,6,37,603702,381,1312,754,2539,647,1862
1779,6,37,603703,183,665,323,1275,291,142
1780,6,37,603704,487,1686,964,3481,868,546
1781,6,37,603800,658,2084,1286,4628,1109,1543
1782,6,37,603900,530,1754,1089,3742,896,2844
1783,6,37,604000,661,2395,1345,5129,1234,669
1784,6,37,604100,512,1662,1013,3664,849,657
1785,6,37,609900,144,442,242,913,238,1932
1786,6,37,620001,271,884,500,1838,524,2880
1787,6,37,620002,275,828,448,1701,414,3859
1788,6,37,620003,0,0,0,0,0,43211
1789,6,37,620101,375,1326,758,2708,594,1254
1790,6,37,620102,255,880,521,1827,457,2916
1791,6,37,620201,106,402,221,803,176,336
1792,6,37,620301,305,1039,638,2289,565,851
1793,6,37,620302,419,1409,913,3078,778,1644
1794,6,37,620303,291,1043,604,2311,522,1201
1795,6,37,620400,341,1146,679,2599,579,6403
1796,6,37,620501,394,1261,703,2728,683,12112
1797,6,37,620521,297,1012,584,2155,537,485
1798,6,37,620522,322,1030,620,2245,529,416
1799,6,37,620601,380,1318,694,2629,642,4014
1800,6,37,620602,363,1199,718,2608,686,1287
1801,6,37,620701,526,1542,933,3332,837,1247
1802,6,37,620702,451,1598,958,3394,878,547
1803,6,37,620800,519,1698,1068,3628,895,3406
1804,6,37,620901,173,620,330,1265,314,2100
1805,6,37,620902,193,664,425,1499,367,1488
1806,6,37,621001,282,931,558,1958,500,2001
1807,6,37,621002,403,1361,753,2779,674,1349
1808,6,37,621101,443,1416,834,3042,773,2154
1809,6,37,621102,200,668,407,1410,338,760
1810,6,37,621201,442,1455,892,3171,753,1442
1811,6,37,621202,252,760,490,1657,375,3158
1812,6,37,621301,416,1495,869,3228,789,1382
1813,6,37,621321,233,867,447,1803,434,1337
1814,6,37,621322,225,705,430,1536,354,1938
1815,6,37,621400,276,989,510,2085,556,1201
1816,6,37,650001,414,1529,768,3085,793,1144
1817,6,37,650002,597,1937,1054,3989,983,581
1818,6,37,650101,426,1366,781,2801,707,1745
1819,6,37,650102,145,545,320,1203,306,465
1820,6,37,650200,396,1440,830,3023,779,4941
1821,6,37,650300,474,1644,970,3421,891,1705
1822,6,37,650400,249,969,554,2061,455,13734
1823,6,37,650501,228,798,437,1565,403,530
1824,6,37,650502,247,1000,519,2100,507,296
1825,6,37,650601,576,2108,1212,4363,1109,1811
1826,6,37,650602,525,1764,1085,3901,967,5885
1827,6,37,650603,290,965,566,2026,502,529
1828,6,37,650701,144,482,267,1053,307,9805
1829,6,37,650702,297,1134,593,2294,514,648
1830,6,37,650800,467,1555,906,3387,844,1988
1831,6,37,650901,409,1358,774,3022,750,21371
1832,6,37,650902,488,1619,824,3359,795,4355
1833,6,37,651001,342,1216,720,2631,656,545
1834,6,37,651002,306,1080,648,2375,628,1241
1835,6,37,651101,378,1205,734,2506,673,24937
1836,6,37,651102,229,788,455,1630,415,1575
1837,6,37,651201,341,1152,749,2526,588,483
1838,6,37,651221,206,742,427,1543,400,1238
1839,6,37,651222,443,1535,806,3183,704,1751
1840,6,37,651301,331,1126,669,2517,574,1208
1841,6,37,651302,399,1434,738,2946,739,960
1842,6,37,651400,630,2100,1181,4428,1080,2128
1843,6,37,670001,246,708,498,1572,400,1078
1844,6,37,670002,262,961,531,1946,471,891
1845,6,37,670003,423,1438,828,3113,782,1321
1846,6,37,670100,476,1559,963,3358,789,1404
1847,6,37,670201,279,861,555,1998,480,931
1848,6,37,670202,184,598,356,1376,361,279
1849,6,37,670301,359,1184,670,2517,615,2182
1850,6,37,670321,259,849,533,1880,461,387
1851,6,37,670322,308,1160,629,2417,567,773
1852,6,37,670403,153,568,320,1254,294,2089
1853,6,37,670405,186,586,319,1208,288,567
1854,6,37,670406,133,417,217,857,159,133
1855,6,37,670407,414,1454,858,3158,759,330
1856,6,37,670411,325,1024,596,2233,573,864
1857,6,37,670413,342,1221,650,2542,637,343
1858,6,37,670414,296,958,558,2111,508,478
1859,6,37,670500,120,417,262,948,243,557
1860,6,37,670600,496,1744,964,3634,944,1515
1861,6,37,670701,469,1525,879,3362,794,1409
1862,6,37,670702,334,1259,694,2556,606,668
1863,6,37,700100,762,2572,1480,5396,1332,3035
1864,6,37,700200,481,1514,905,3388,809,1576
1865,6,37,700300,427,1316,786,2919,699,2562
1866,6,37,700400,379,1394,734,2690,674,11942
1867,6,37,700500,572,1993,1112,4158,995,8667
1868,6,37,700600,405,1338,800,2813,732,2183
1869,6,37,700700,259,836,501,1742,460,3597
1870,6,37,700800,662,2177,1307,4734,1141,27040
1871,6,37,700901,294,1006,573,2114,522,5490
1872,6,37,700902,477,1705,930,3523,838,5044
1873,6,37,701000,404,1314,756,2769,638,8711
1874,6,37,701100,53,162,93,310,67,6404
1875,6,37,701201,304,1006,575,2224,518,1363
1876,6,37,701202,237,750,421,1660,331,636
1877,6,37,701301,415,1400,826,3027,765,2450
1878,6,37,701302,330,1115,651,2302,562,847
1879,6,37,701400,428,1506,941,3140,821,3600
1880,6,37,701501,360,1143,636,2465,574,1404
1881,6,37,701502,279,890,514,1916,489,4004
1882,6,37,701601,276,950,530,2043,532,1852
1883,6,37,701602,266,871,439,1791,474,5681
1884,6,37,701701,228,825,451,1791,418,6347
1885,6,37,701702,219,710,432,1603,417,4602
1886,6,37,701801,495,1571,929,3424,792,12460
1887,6,37,701802,339,1206,711,2666,666,3849
1888,6,37,701900,201,610,381,1347,331,22750
1889,6,37,702000,367,1215,769,2784,625,2304
1890,6,37,702100,444,1462,826,3123,785,2227
1891,6,37,702201,307,1029,620,2200,523,3090
1892,6,37,702202,280,887,538,2048,474,951
1893,6,37,702300,453,1513,892,3265,832,10001
1894,6,37,702400,344,1241,681,2514,645,11078
1895,6,37,702501,316,1077,645,2310,545,5932
1896,6,37,702502,308,879,586,1900,518,3292
1897,6,37,702600,418,1441,693,2999,744,3305
1898,6,37,702700,239,757,475,1637,381,1962
1899,6,37,702801,376,1242,763,2820,692,2994
1900,6,37,702802,138,580,326,1216,325,908
1901,6,37,702803,240,821,451,1683,441,2344
1902,6,37,702901,531,1748,1028,3755,970,7039
1903,6,37,703001,419,1339,785,2917,682,10672
1904,6,37,703002,450,1442,844,3018,688,1718
1905,6,37,703100,321,1143,647,2455,633,839
1906,6,37,703200,323,1135,699,2450,581,618
1907,6,37,800101,395,1352,776,2881,736,1741
1908,6,37,800102,354,1210,764,2630,632,2070
1909,6,37,800201,662,2392,1402,4863,1219,7546
1910,6,37,800202,385,1168,734,2558,677,1034
1911,6,37,800302,638,1972,1122,4197,1078,2240
1912,6,37,800303,578,1887,1057,4001,993,4069
1913,6,37,800323,581,2031,1122,4186,975,2837
1914,6,37,800324,532,1832,1002,3764,928,893
1915,6,37,800325,236,844,483,1693,420,632
1916,6,37,800326,343,1125,665,2514,675,2822
1917,6,37,800401,213,763,454,1580,386,3690
1918,6,37,800403,462,1647,920,3516,925,1761
1919,6,37,800404,212,677,345,1453,309,589
1920,6,37,800501,218,737,412,1475,336,1197
1921,6,37,800502,183,617,337,1315,326,2663
1922,6,37,900101,779,2817,1572,5839,1468,366
1923,6,37,900102,55,220,127,509,92,100
1924,6,37,900200,108,334,203,713,183,319
1925,6,37,900300,135,479,288,966,244,637
1926,6,37,900501,489,1660,962,3399,888,2415
1927,6,37,900502,616,1957,1150,4142,1152,878
1928,6,37,900503,597,2115,1265,4293,1134,348
1929,6,37,900504,325,1078,623,2282,519,4293
1930,6,37,900602,335,1052,658,2274,572,1369
1931,6,37,900604,613,2192,1156,4494,1179,303
1932,6,37,900605,422,1303,777,2767,689,256
1933,6,37,900606,259,1009,571,2071,541,1576
1934,6,37,900607,279,993,489,2092,520,1189
1935,6,37,900701,376,1208,727,2725,645,4855
1936,6,37,900703,350,1153,651,2533,643,4272
1937,6,37,900704,280,861,468,1753,448,2108
1938,6,37,900705,318,991,610,2098,527,3052
1939,6,37,900803,468,1662,877,3469,840,1275
1940,6,37,900804,261,906,461,1910,492,201
1941,6,37,900805,332,1137,650,2439,567,4216
1942,6,37,900806,274,904,556,2017,526,5508
1943,6,37,900900,159,609,335,1335,325,2314
1944,6,37,901003,425,1408,842,3017,722,3260
1945,6,37,901004,457,1573,912,3305,822,735
1946,6,37,901005,605,1991,1183,4175,1069,3092
1947,6,37,901006,811,2673,1510,5490,1270,1116
1948,6,37,901007,127,392,249,865,230,270
1949,6,37,901101,307,957,622,2024,529,500
1950,6,37,901102,308,999,560,2142,547,455
1951,6,37,901203,103,353,198,691,165,519
1952,6,37,901204,169,562,275,1121,285,602
1953,6,37,901205,449,1454,885,3050,833,616
1954,6,37,901206,77,245,128,496,132,66
1955,6,37,901207,174,629,363,1339,324,305
1956,6,37,910000,764,2570,1476,5370,1408,1329
1957,6,37,910100,138,473,260,912,266,9311
1958,6,37,910201,201,754,489,1700,450,5373
1959,6,37,910202,198,757,427,1653,425,1044
1960,6,37,910203,706,2393,1460,5149,1289,2266
1961,6,37,910204,712,2504,1358,5308,1259,902
1962,6,37,910205,77,230,120,439,109,461
1963,6,37,910206,99,347,184,728,163,0
1964,6,37,910301,257,893,483,1826,450,848
1965,6,37,910302,349,1212,678,2561,558,426
1966,6,37,910401,385,1242,684,2585,585,1004
1967,6,37,910402,343,1161,693,2391,609,989
1968,6,37,910403,231,802,389,1554,388,1072
1969,6,37,910404,282,1035,591,2131,513,423
1970,6,37,910501,517,1776,1061,3794,872,3154
1971,6,37,910502,291,949,573,2091,511,1260
1972,6,37,910503,625,2101,1214,4495,1111,841
1973,6,37,910601,436,1515,804,3183,781,2165
1974,6,37,910602,218,664,428,1531,394,1854
1975,6,37,910603,503,1768,993,3684,922,754
1976,6,37,910604,531,1849,1085,4176,1058,255
1977,6,37,910703,676,2312,1273,4921,1172,862
1978,6,37,910704,718,2324,1394,4901,1293,767
1979,6,37,910705,416,1258,803,2865,708,147
1980,6,37,910706,270,1010,561,2107,459,137
1981,6,37,910707,346,1163,682,2572,593,339
1982,6,37,910708,0,0,0,0,0,49
1983,6,37,910709,116,339,219,733,154,109
1984,6,37,910710,790,2859,1536,5917,1424,392
1985,6,37,910803,216,694,428,1508,357,1281
1986,6,37,910804,205,669,415,1325,344,596
1987,6,37,910805,285,1093,589,2189,598,733
1988,6,37,910806,0,0,0,0,0,0
1989,6,37,910807,360,1241,653,2632,661,616
1990,6,37,910808,268,852,482,1870,465,211
1991,6,37,910809,135,435,230,973,262,366
1992,6,37,910810,124,445,237,932,221,88
1993,6,37,910901,92,325,176,639,160,291
1994,6,37,910902,103,327,163,662,182,575
1995,6,37,911000,77,283,184,604,146,106
1996,6,37,920013,251,979,434,1867,408,1663
1997,6,37,920014,0,0,0,0,0,114
1998,6,37,920015,328,1082,631,2216,554,383
1999,6,37,920016,318,1032,556,2269,560,205
2000,6,37,920017,308,1069,558,2154,537,554
2001,6,37,920018,158,526,301,1189,305,162
2002,6,37,920019,552,1740,1026,3844,962,648
2003,6,37,920020,485,1473,859,3285,794,274
2004,6,37,920023,163,550,329,1179,306,1460
2005,6,37,920026,0,0,0,0,0,60
2006,6,37,920027,0,0,0,0,0,98
2007,6,37,920028,167,668,376,1376,302,229
2008,6,37,920029,248,747,415,1611,365,535
2009,6,37,920030,419,1469,830,3039,749,1072
2010,6,37,920031,251,935,515,2081,495,473
2011,6,37,920032,150,454,295,969,253,435
2012,6,37,920033,0,0,0,0,0,47
2013,6,37,920034,215,721,414,1523,382,600
2014,6,37,920035,550,1824,1054,3797,882,1533
2015,6,37,920036,269,845,503,1867,413,974
2016,6,37,920037,427,1317,821,2883,745,367
2017,6,37,920038,359,1057,695,2341,524,647
2018,6,37,920039,150,443,274,910,227,125
2019,6,37,920040,177,538,328,1164,308,281
2020,6,37,920041,79,379,177,736,178,487
2021,6,37,920042,366,1167,707,2596,660,689
2022,6,37,920043,175,634,345,1375,352,198
2023,6,37,920103,211,757,427,1594,391,2835
2024,6,37,920104,114,452,260,964,197,189
2025,6,37,920105,695,2389,1379,5011,1217,2373
2026,6,37,920106,197,641,336,1383,336,3729
2027,6,37,920109,226,787,418,1640,401,306
2028,6,37,920110,361,1225,748,2653,621,130
2029,6,37,920111,254,798,444,1674,420,145
2030,6,37,920112,300,964,575,2064,489,936
2031,6,37,920113,679,2359,1444,4995,1271,3288
2032,6,37,920303,50,225,107,418,112,140
2033,6,37,920312,342,1082,637,2268,543,2527
2034,6,37,920313,404,1283,823,2797,710,1791
2035,6,37,920314,188,651,317,1323,320,2184
2036,6,37,920322,201,649,376,1397,283,716
2037,6,37,920326,264,962,547,1962,423,2892
2038,6,37,920327,734,2234,1303,4751,1173,3454
2039,6,37,920328,107,247,165,564,122,1179
2040,6,37,920329,445,1311,775,2836,691,4496
2041,6,37,920330,332,1056,646,2300,632,1387
2042,6,37,920331,288,989,534,1990,450,689
2043,6,37,920332,148,533,290,1144,294,916
2044,6,37,920334,413,1318,734,2803,716,1797
2045,6,37,920335,1118,3986,2142,8497,2077,3493
2046,6,37,930000,41,97,74,240,77,44
2047,6,37,930100,0,0,0,0,0,0
2048,6,37,930200,68,159,107,313,78,1116
