0.062
0.108782
0.04
0.127
0.133866
0.024975
0.0939061
0.164
0.123
0.145
0.0295
0.117265
0.125811
0.114443
0.087
0.1225
0.109
0.145854
0.0189905
0.0934533
0.146927
0.154
0.115768
0.013986
0.177323
0.0763854
0.134366
0.143428
0.116942
0.0345
0.1605
0.127
0.0854573
0.130739
0.0903645
0.0763854
0.120819
0.1475
0.179
0.1235
0.179
0.017
0.1265
0.119
0.0295
0.0955
0.0224888
0.153846
0.144928
0.110945
0.032
0.1635
0.006
0.141
0.14036
0.0669665
0.160759
0.117383
0.0124938
0.012
0.128936
0.0294705
0.053
0.032
0.00949525
0.0409386
0.009995
0.109
0.0865
0.0779221
0.123938
0.0774613
0.118881
0.1125
0.07996
0.00949051
0.177234
0.12
0.1425
0.124251
0.13523
0.0285
0.085957
0.134299
0.125312
0.031
0.151424
0.0505
0.118762
0.0974513
0.0035
0.0214893
0.017
0.0109945
0.0374813
0.128
0.156344
0.0524738
0.137226
0.0885
0.117
0.1575
0.147206
0.143
0.1365
0.137363
0.152924
0.1095
0.0114885
0.071964
0.178911
0.084
0.109336
0.108891
0.1765
0.005997
0.0914543
0.1265
0.0185
0.137931
0.0144928
0.0964518
0.175412
0.0584708
0.126937
0.0124938
0.0169745
0.0774613
0.0689655
0.0479281
0.0774226
0.0874563
0.017991
0.0874563
0.088
0.0069965
0.097354
0.0565
0.0875
0.127436
0.155
0.146427
0.104448
0.0429356
0.021
0.104448
0.163418
0.118441
0.1365
0.063968
0.156
0.0923615
0.138
0.0224663
0.129
0.0115
0.117265
0.009995
0.114443
0.0474763
0.101847
0.0204795
0.017991
0.01
0.145
0.012
0.123938
0.0968547
0.1055
0.135932
0.0605
0.102846
0.119
0.0914543
0.142
0.0144928
0.104
0.0185
0.1225
0.0525
0.0865
0.116942
0.131434
0.147
0.133599
0.175412
0.0339321
0.0204693
0.132302
0.135297
0.0409386
0.0774613
0.1755
0.027
0.0204898
0.123438
0.126374
0.088
0.1835
0.0829585
0.045977
0.117
0.0684316
0.0194611
0.0605
0.10045
0.100349
0.115
0.1315
0.0605
0.058
0.147426
0.0224888
0.179
0.0269596
0.00949525
0.1075
0.0914543
0.0194805
0.0394408
0.158921
0.1355
0.1
0.041
0.0214893
0.016
0.0699301
0.141787
0.138931
0.1295
0.029
0.041
0.13993
0.144928
0.145854
0.0823764
0.0805
0.0264603
0.120879
0.123438
0.00699301
0.172242
0.0345
0.0105
0.0109945
0.06
0.0914086
0.0105
0.0654346
0.082
0.0444778
0.127436
0.018
0.1335
0.0865
0.0789211
0.15
0.0069965
0.137
0.0144783
0.0215
0.113
0.016983
0.132
0.122439
0.0584416
0.122439
0.0929535
0.0665
0.134366
0.165
0.0334498
0.152924
0.132
0.127936
0.0718922
0.0515
0.137431
0.153923
0.00898652
0.0185
0.0394408
0.0154768
0.101399
0.02
0.0144928
0.0104895
0.150925
0.139
0.1265
0.0209895
0.0115
0.115442
0.015
0.14093
0.0974513
0.143357
0.179231
0.025
0.0424788
0.0718922
0.009
0.117941
0.0814186
0.111888
0.1365
0.154346
0.0134798
0.0214893
0.154
0.0768847
0.0944056
0.134433
0.133866
0.067966
0.13943
0.0885
0.121439
0.170744
0.02
0.117
0.0895
0.117149
0.00749251
0.0105
0.15984
0.125437
0.071964
0.084
0.093953
0.10045
0.1025
0.0895
0.123938
0.16042
0.1165
0.0474763
0.1835
0.0853719
0.0225
0.098
0.0269865
0.0104895
0.0405
0.0634366
0.0989011
0.0944528
0.108446
0.169915
0.131934
0.123814
0.0124938
0.0564718
0.063968
0.0169915
0.125312
0.195902
0.025987
0.0115
0.133367
0.01999
0.1455
0.0804598
0.0684316
0.01
0.0823764
0.0949051
0.0974513
0.1065
0.0568579
0.0884558
0.0914086
0.1335
0.126374
0.0184815
0.011994
0.101399
0.0175
0.0125
0.0124813
0.119
0.0254618
0.14036
0.106
0.134798
0.0204795
0.170915
0.165
0.111
0.118382
0.138
0.125437
0.114943
0.111
0.0494012
0.118
0.1155
0.126
0.0314843
0.0424788
0.0069965
0.1105
0.0114943
0.121878
0.034
0.102949
0.0145
0.181409
0.1185
0.004995
0.13986
0.0069965
0.153
0.128936
0.05
0.0204693
0.1795
0.106786
0.156843
0.107838
0.170744
0.1335
0.1125
0.155
0.151848
0.123938
0.0519221
0.113
0.101399
0.0345
0.14093
0.1125
0.021
0.088
0.143428
0.0284431
0.0988024
0.0374813
0.0824588
0.0155
0.05997
0.0845
0.00599401
0.0964518
0.0389805
0.124
0.157421
0.0204795
0.063968
0.146
0.134
0.010989
0.132302
0.126
0.128678
0.0269596
0.0195
0.135932
0.0345
0.0854573
0.1225
0.0144928
0.1245
0.0524738
0.156344
0.105841
0.104948
0.11
0.0334498
0.16
0.125811
0.0125
0.00699301
0.047
0.0124813
0.00449775
0.1015
0.1125
0.1165
0.109
0.0305
0.108
0.110279
0.0304543
0.009
0.108782
0.022
0.094
0.101
0.0569715
0.0768847
0.146208
0.114943
0.0794603
0.0134933
0.13986
0.063
0.0229656
0.017
0.097
0.0194805
0.10045
0.0134933
0.1125
0.1165
0.053
0.0849151
0.0869131
0.034
0.105947
0.0284858
0.00849151
0.0774613
0.096
0.0874563
0.020979
0.143357
0.0774226
0.012
0.1055
0.0705
0.1495
0.109391
0.150849
0.0748877
0.138
0.138
0.137931
0.0244878
0.1175
0.13
0.127309
0.0769615
0.0115
0.124376
0.045977
0.101847
0.0429356
0.0824588
0.150774
0.1065
0.033
0.176324
0.1055
0.1405
0.049
0.0165
0.132368
0.1
0.158342
0.0923615
0.0154845
0.0584708
0.0215
0.00849151
0.00848727
0.0589705
0.194403
0.0294705
0.00998004
0.133866
0.117
0.0938592
0.094
0.0774613
0.0873689
0.0949051
0.0204795
0.0255
0.113443
0.1755
0.0629685
0.123
0.108782
0.104448
0.1535
0.164
0.124
0.0988024
0.135297
0.0809191
0.0095
0.013
0.0793809
0.102449
0.115
0.0774613
0.150425
0.1015
0.126937
0.128871
0.0894553
0.1335
0.1215
0.108337
0.0075
0.117882
0.146927
0.0385
0.036963
0.114
0.137363
0.129
0.0609391
0.108946
0.0495
0.110945
0.143856
0.113772
0.13993
0.065967
0.012987
0.0144928
0.0104948
0.0224663
0.115442
0.054
0.0585
0.119321
0.0914086
0.132
0.0534733
0.122939
0.126873
0.011988
0.062
0.0189905
0.125437
0.0199601
0.138362
0.159
0.12044
0.111944
0.00849151
0.0385
0.15212
0.1475
0.0969515
0.147852
0.0484758
0.0789211
0.114329
0.0215
0.0354291
0.0955
0.00649675
0.178
0.0109945
0.0375
0.1095
0.007
0.0224775
0.0754623
0.1335
0.0354291
0.124251
0.117383
0.109391
0.0719281
0.0725
0.0899101
0.1225
0.093
0.0794603
0.153
0.135162
0.047
0.130305
0.147206
0.147279
0.0289855
0.146
0.0214893
0.07996
0.0849151
0.0539461
0.162338
0.05997
0.018
0.0873689
0.018
0.1095
0.170915
0.0255
0.0154768
0.1305
0.1295
0.12038
0.109945
0.1575
0.012987
0.0114885
0.0914086
0.0783433
0.01
0.1295
0.011982
0.0249875
0.133866
0.155
0.0115
0.112944
0.0809595
0.0215
0.117882
0.012987
0.0165
0.0144928
0.139
0.134798
0.148426
0.106
0.0204693
0.1765
0.101
0.0109945
0.031
0.0665
0.02997
0.1155
0.114
0.1045
0.0489755
0.151273
0.110334
0.0284858
0.143
0.1095
0.0629685
0.178732
0.13993
0.16042
0.0815
0.024
0.1005
0.132
0.0829171
0.021
0.113772
0.0234531
0.091
0.1135
0.1065
0.0605
0.119
0.0654346
0.13943
0.0405
0.130804
0.020979
0.1065
0.124438
0.0884558
0.101847
0.023988
0.031
0.0194611
0.00748877
0.0109945
0.116942
0.0834583
0.141429
0.1225
0.135932
0.0944056
0.105
0.133
0.038
0.0825
0.1645
0.102949
0.111444
0.143928
0.017
0.111
0.162419
0.0424788
0.0154923
0.0525
0.1045
0.1335
0.0424788
0.0224888
0.144711
0.115942
0.133234
0.119
0.123
0.00848303
0.113943
0.009
0.1215
0.0963555
0.141359
0.1
0.055
0.145
0.142287
0.1015
0.132
0.0205
0.1755
0.065967
0.113443
0.117823
0.0855
0.1455
0.141929
0.111
0.137363
0.105
0.134366
0.131434
0.0145
0.0115
0.084
0.0944056
0.157921
0.15
0.126437
0.1545
0.0264471
0.097354
0.1095
0.0269865
0.082
0.027
0.176324
0.0754623
0.115
0.143428
0.078
0.0845
0.072
0.018
0.0035
0.0344655
0.134299
0.108
0.137
0.1125
0.1435
0.111
0.0558325
0.1565
0.1715
0.0954046
0.154423
0.0114943
0.0164918
0.079
0.1195
0.11
0.00949525
0.0774226
0.112
0.106947
0.123
0.061
0.038
0.1315
0.1265
0.143
0.00848727
0.0174913
0.159
0.108
0.0689655
0.021
0.12987
0.126
0.0234648
0.01999
0.037981
0.118
0.1165
0.12038
0.107446
0.0654673
0.0988517
0.0763854
0.105
0.0229885
0.085
0.135432
0.011994
0.10095
0.134933
0.112275
0.0588822
0.015
0.102
0.1265
0.0629685
0.1085
0.037
0.178911
0.015992
0.0305
0.116883
0.019
0.134366
0.0718922
0.141429
0.1255
0.0704648
0.125937
0.115
0.1175
0.051974
0.17
0.0524214
0.117941
0.1235
0.1335
0.0229885
0.145563
0.1445
0.0264603
0.0165
0.189905
0.142
0.071
0.142929
0.144928
0.065
0.031
0.151
0.130739
0.135297
0.0435
0.17
0.048951
0.142
0.0354645
0.063968
0.016983
0.117
0.114443
0.017982
0.138362
0.147778
0.1005
0.13
0.0334833
0.0154768
0.00849575
0.1185
0.009
0.0749251
0.0494753
0.0954046
0.066
0.097
0.111444
0.0584416
0.0155
0.10634
0.1425
0.146208
0.0354291
0.0204795
0.018
0.115442
0.0875
0.1195
0.0204898
0.011994
0.0409386
0.0264471
0.0584708
0.166334
0.0069965
0.0269865
0.011988
0.0829585
0.143856
0.116442
0.101949
0.0185
0.114443
0.125937
0.0903645
0.098
0.016
0.0169915
0.021
0.028
0.1765
0.104448
0.057328
0.0344655
0.111444
0.123
0.15
0.152924
0.0405
0.0349476
0.025
0.0505
0.0895
0.104343
0.0794603
0.0944056
0.00899101
0.1997
0.0114943
0.03
0.011994
0.178911
0.015
0.0275
0.157421
0.0903645
0.0604396
0.1025
0.0055
0.1305
0.094
0.10095
0.1385
0.0269865
0.0204898
0.117
0.0124938
0.14093
0.065
0.1275
0.088
0.0284431
0.0569715
0.081
0.0234765
0.106947
0.10095
0.09995
0.0989505
0.0985
0.1325
0.106947
0.150849
0.0315
0.158342
0.128
0.149425
0.0045
0.141
0.107946
0.0849151
0.0903645
0.00848727
0.111167
0.0124813
0.114271
0.0174738
0.141288
0.1375
0.0255
0.113943
0.00849575
0.084
0.0954523
0.0688967
0.157921
0.0903645
0.101949
0.151
0.0124938
0.011994
0.124875
0.0334833
0.0154845
0.122939
0.144428
0.0294853
0.132302
0.0709291
0.11333
0.1335
0.1195
0.0975
0.1175
0.0184908
0.0825
0.109945
0.097
0.0225
0.1525
0.111944
0.1195
0.15
0.133433
0.0524738
0.018
0.161919
0.156843
0.0224888
0.097
0.114885
0.1205
0.014
0.089
0.146
0.106733
0.141787
0.0069965
0.1365
0.0124813
0.0184723
0.0875
0.157421
0.0254873
0.0434565
0.122816
0.143713
0.102949
0.107446
0.138431
0.0129935
0.0929071
0.0589411
0.1155
0.0845
0.0995
0.1185
0.112944
0.178732
0.10045
0.0794603
0.097354
0.0065
0.006
0.017982
0.038
0.131934
0.0134933
0.079
0.00949525
0.0515
0.087
0.134
0.130305
0.1202
0.1215
0.0534733
0.131934
0.0594406
0.0863704
0.125312
0.1095
0.00799201
0.098
0.00799201
0.0505
0.100899
0.118
0.117941
0.134366
0.0314843
0.0944056
0.0264603
0.143856
0.0154845
0.1315
0.134299
0.12
0.00898652
0.0354291
0.0349825
0.1065
0.0189905
0.1065
0.013993
0.15992
0.09995
0.031
0.195902
0.098
0.133234
0.0654673
0.1305
0.022
0.0709291
0.154845
0.008
0.1565
0.104
0.108
0.091
0.141
0.0255
0.0104843
0.008
0.057971
0.1125
0.101348
0.0409795
0.0144855
0.0764618
0.109945
0.113943
0.0658683
0.0104895
0.164
0.111
0.1265
0.1175
0.0155
0.1355
0.05
0.00648703
0.155844
0.0895
0.0194708
0.113387
0.0899101
0.106947
0.0763854
0.0145
0.0914543
0.128436
0.022
0.071964
0.0964518
0.0675
0.02
0.1125
0.0344655
0.0585
0.0305
0.129741
0.104
0.108891
0.017982
0.028
0.145427
0.0109945
0.0124938
0.0949051
0.025987
0.0594406
0.1005
0.1185
0.0235
0.170915
0.132867
0.104
0.0564718
0.118441
0.0894553
0.091
0.104396
0.1215
0.098
0.132
0.102846
0.0409182
0.156843
0.0693959
0.159
0.0788817
0.125437
0.0889111
0.0434783
0.0723914
0.134366
0.0144711
0.146281
0.132
0.132801
0.135432
0.0974513
0.0794603
0.13993
0.01999
0.14
0.132801
0.121878
0.142429
0.0144928
0.009
0.0994006
0.11944
0.124438
0.152847
0.009
0.0609391
0.161919
0.0189905
0.06
0.00699301
0.0894553
0.0958562
0.0195
0.122
0.0174913
0.016
0.018
0.0274588
0.0114943
0.0114943
0.004
0.156
0.0805
0.0625
0.0914543
0.012
0.126374
0.142216
0.0815
0.0155
0.0534733
0.0179641
0.0209476
0.127
0.0154845
0.1075
0.154923
0.127936
0.0184908
0.018
0.1525
0.0349825
0.13993
0.148851
0.0974513
0.1185
0.0949051
0.0588822
0.151273
0.02
0.018
0.0155
0.1285
0.109
0.0444333
0.155844
0.136
0.053
0.015
0.153923
0.0425
0.022
0.0654673
0.133367
0.0574139
0.111
0.1055
0.114885
0.015976
0.0449102
0.0109945
0.1125
0.135297
0.1095
0.130435
0.116
0.112444
0.131802
0.150425
0.123876
0.139
0.0985
0.114271
0.0889555
0.114271
0.0803393
0.0264471
0.0134933
0.088
0.0829171
0.157921
0.15212
0.118
0.021
0.132
0.156422
0.101399
0.032
0.053
0.132867
0.115442
0.12
0.1575
0.0774226
0.0165
0.066
0.0569431
0.114271
0.0604396
0.0809595
0.114885
0.0494012
0.143
0.0429356
0.089
0.0904548
0.037
0.110889
0.1095
0.1205
0.123
0.0845
0.133234
0.145282
0.142857
0.0175
0.0104895
0.147206
0.132668
0.0214893
0.153
0.033
0.09
0.0875
0.113443
0.153846
0.01
0.1175
0.132867
0.0229656
0.199301
0.034965
0.018981
0.130305
0.1355
0.009995
0.1455
0.157921
0.112444
0.0754623
0.1375
0.108
0.0344655
0.01
0.154923
0.0614386
0.0129805
0.0264603
0.0974513
0.0114885
0.144284
0.142429
0.1575
0.146427
0.1795
0.057
0.076
0.113943
0.128372
0.125
0.0305
0.0584708
0.054
0.147852
0.0684316
0.0369815
0.149
0.0578842
0.0104843
0.151697
0.1695
0.179
0.131
0.138431
0.0515
0.103948
0.103948
0.113943
0.19
0.00649675
0.178911
0.134798
0.0849575
0.132
0.0915
0.10989
0.0805
0.0214893
0.1085
0.156765
0.157
0.0855
0.12987
0.053
0.147
0.135932
0.0605
0.0774613
0.0134798
0.0129935
0.0844156
0.0289855
0.114443
0.145282
0.14036
0.117149
0.0494012
0.0214893
0.144428
