0.00549725
0.269
0.234883
0.272727
0.235
0.24088
0.267866
0.244755
0.232767
0.25937
0.21989
0.27
0.245
0.2685
0.2105
0.3105
0.21989
0.315842
0.275362
0.2855
0.287856
0.278222
0.2465
0.245509
0.29356
0.263473
0.2875
0.262869
0.246507
0.210895
0.258
0.275724
0.227
0.241379
0.013
0.296
0.222389
0.243878
0.233883
0.264868
0.2315
0.285714
0.29
0.238262
0.241379
0.2666
0.2845
0.24663
0.28022
0.254873
0.241379
0.310845
0.252374
0.246753
0.252
0.209186
0.2105
0.232
0.221945
0.2505
0.266867
0.299
0.2755
0.298351
0.231
0.278222
0.270095
0.23988
0.257371
0.258242
0.23027
0.2595
0.26037
0.277722
0.2105
0.325
0.274863
0.228
0.278443
0.275225
0.247253
0.252
0.3075
0.227
0.2605
0.256
0.274725
0.275362
0.248
0.247876
0.287069
0.281359
0.2895
0.2895
0.256372
0.2695
0.249375
0.237
0.282218
0.245
0.248376
0.24026
0.278
0.206793
0.317
0.265867
0.238
0.281219
0.263237
0.283858
0.276585
0.26
0.287856
0.261869
0.245377
0.287
0.2595
0.277722
0.294059
0.253873
0.251374
0.262
0.289355
0.253373
0.226
0.254373
0.236763
0.307846
0.2375
0.273227
0.251874
0.291563
0.252374
0.2685
0.258
0.201
0.275225
0.007
0.279
0.275362
0.2725
0.287213
0.275362
0.2645
0.255744
0.261976
0.297702
0.268
0.286713
0.317
0.253373
0.274089
0.28
0.280719
0.2325
0.228386
0.244
0.254745
0.226887
0.263868
0.263105
0.223888
0.2585
0.0215
0.280719
0.275862
0.279
0.265367
0.2585
0.287781
0.2805
0.296352
0.274863
0.2845
0.28022
0.287356
0.269096
0.248
0.281
0.220779
0.270823
0.2625
0.245
0.309536
0.270365
0.287856
0.271229
0.286357
0.237381
0.224388
0.00449775
0.299
0.266733
0.252
0.252
0.26024
0.247129
0.22039
0.306194
0.258371
0.305
0.278
0.304044
0.275862
0.235382
0.254745
0.210395
0.273227
0.291354
0.230385
0.252374
0.29985
0.2515
0.267
0.0145
0.270095
0.1525
0.291
0.259
0.2615
0.0065
0.239261
0.013986
0.284858
0.25974
0.223776
0.25987
0.298053
0.207896
0.258871
0.249875
0.290709
0.246131
0.2195
0.241138
0.248128
0.2565
0.252874
0.230385
0.2165
0.24038
0.288068
0.268098
0.00648703
0.287856
0.264104
0.235882
0.28
0.264
0.265734
0.2955
0.258
0.2325
0.198
0.252874
0.208
0.243878
0.248
0.2735
0.00998502
0.293
0.258371
0.258242
0.283
0.234883
0.294705
0.2815
0.28
0.23027
0.259241
0.353969
0.272727
0.253493
0.292415
0.248
0.281359
0.2375
0.263
0.2735
0.243257
0.290355
0.291
0.293
0.286
0.28
0.287712
0.2495
0.266367
0.268463
0.229156
0.243257
0.254373
0.312844
0.305
0.246
0.278803
0.287069
0.26037
0.1945
0.2505
0.24026
0.27
0.301849
0.2275
0.293
0.008
0.266966
0.262369
0.2765
0.2665
0.1995
0.2355
0.21989
0.294705
0.229885
0.28
0.261
0.264
0.239261
0.307
0.279581
0.252874
0.194
0.287856
0.263368
0.278
0.252374
0.2735
0.268731
0.245
0.2666
0.252
0.241138
0.259611
0.25937
0.282218
0.246877
0.233383
0.282359
0.199
0.26087
0.247876
0.216
0.276862
0.264868
0.278
0.214393
0.3
0.226274
0.231
0.239
0.2215
0.2595
0.278
0.27936
0.268
0.255988
0.284858
0.246
0.26037
0.268
0.288711
0.274863
0.279221
0.242879
0.2825
0.3105
0.278222
0.2975
0.263368
0.287856
0.257243
0.2555
0.2515
0.2765
0.2875
0.262869
0.282359
0.275362
0.2295
0.264368
0.285714
0.234531
0.291708
0.2215
0.015992
0.2215
0.252
0.328336
0.248751
0.2535
0.1525
0.288068
0.287
0.2955
0.218391
0.2665
0.2185
0.226387
0.270958
0.26037
0.2405
0.293
0.00649026
0.233883
0.259
0.2725
0.182909
0.2875
0.258242
0.285
0.249875
0.207792
0.217782
0.00549725
0.24026
0.308846
0.239
0.262712
0.2535
0.302094
0.256872
0.256116
0.25499
0.235382
0.2755
0.2955
0.302094
0.304348
0.28086
0.2565
0.304348
0.231
0.26037
0.306347
0.315027
0.261
0.232
0.242879
0.287356
0.261608
0.268366
0.248376
0.2585
0.2875
0.276862
0.266
0.296204
0.29985
0.2595
0.2375
0.271364
0.271364
0.263105
0.296204
0.3155
0.233766
0.22017
0.284
0.2715
0.269
0.267099
0.252747
0.281
0.2715
0.24
0.0265
0.2795
0.270095
0.2415
0.2545
0.2945
0.303
0.307079
0.298351
0.1985
0.3335
0.2645
0.2895
0.2445
0.283716
0.281359
0.2405
0.2755
0.208
0.2375
0.269
0.272864
0.256615
0.236382
0.28493
0.242879
0.249375
0.246
0.278443
0.27
0.253
0.2
0.270865
0.258371
0.262238
0.243635
0.245509
0.2525
0.2815
0.27972
0.274089
0.235882
0.252
0.2666
0.240759
0.257485
0.266867
0.259241
0.3125
0.293
0.254373
0.2545
0.24088
0.287356
0.288212
0.274
0.2305
0.285215
0.231
0.237
0.2395
0.242515
0.255
0.221389
0.2745
0.329335
0.220779
0.29
0.251249
0.2615
0.248376
0.250375
0.278
0.2715
0.274588
0.2997
0.299
0.251
0.329335
0.269365
0.2185
0.255372
0.255988
0.2455
0.2535
0.2405
0.269
0.270365
0.2725
0.259611
0.253873
0.28
0.237644
0.296204
0.00399202
0.304848
0.268366
0.296352
0.2705
0.275862
0.294705
0.293853
0.2945
0.290709
0.22039
0.0104948
0.28008
0.258871
0.23
0.263237
0.299
0.281578
0.268
0.288711
0.271229
0.308691
0.267
0.199301
0.246131
0.2785
0.2755
0.0095
0.2825
0.007
0.294059
0.289355
0.294353
0.259
0.181409
0.291
0.224888
0.238381
0.275587
0.268731
0.256372
0.231884
0.262869
0.269
0.239261
0.268366
0.262238
0.2385
0.231884
0.248
0.271864
0.220779
0.271
0.256872
0.2325
0.2997
0.272864
0.2595
0.2415
0.242379
0.239
0.213
0.28036
0.238881
0.262107
0.283716
0.291
0.267
0.300748
0.234383
0.279221
0.2855
0.276362
0.252874
0.239
0.224663
0.293853
0.0089955
0.266867
0.284858
0.28008
0.2495
0.277361
0.2585
0.263
0.308846
0.264
0.235382
0.251874
0.2175
0.328336
0.2515
0.285928
0.245377
0.248376
0.210395
0.253873
0.26037
0.261369
0.270729
0.287213
0.257371
0.290355
0.315027
0.311189
0.252747
0.303
0.226887
0.013986
0.2505
0.283858
0.252374
0.27
0.270823
0.3325
0.253
0.2565
0.224
0.259241
0.226
0.273227
0.283716
0.261369
0.244378
0.245377
0.244755
0.2945
0.287069
0.228771
0.286357
0.294853
0.263368
0.253873
0.271364
0.252747
0.269
0.242515
0.175
0.297351
0.28971
0.306847
0.271364
0.256116
0.226
0.293353
0.255489
0.2835
0.287856
0.249251
0.284358
0.230539
0.28
0.2525
0.273
0.242
0.2875
0.269
0.290355
0.245
0.2245
0.252
0.271229
0.2435
0.229885
0.275362
0.292
0.249251
0.254
0.22089
0.2545
0.274
0.26037
0.304044
0.249
0.287712
0.258
0.274725
0.257
0.261369
0.2915
0.235265
0.288356
0.283858
0.253493
0.245377
0.3
0.2235
0.008
0.255
0.2345
0.281437
0.253
0.243257
0.270729
0.239
0.268866
0.255
0.231153
0.164336
0.2635
0.282359
0.298202
0.249251
0.244
0.249
0.25
0.248
0.250875
0.278443
0.2325
0.209186
0.274725
0.268
0.245
0.269865
0.289355
0.255
0.253
0.2805
0.2875
0.267366
0.238381
0.294
0.282359
0.256
0.2515
0.276723
0.2755
0.007
0.2495
0.3085
0.231884
0.244
0.222666
0.261369
0.256
0.2585
0.231884
0.278222
0.228158
0.266
0.257
0.268232
0.235882
0.289355
0.296703
0.268366
0.277361
0.274588
0.294353
0.25025
0.210395
0.255988
0.218391
0.273
0.262606
0.2615
0.275862
0.266867
0.2295
0.282359
0.27
0.253746
0.29985
0.228
0.275948
0.2735
0.264
0.229156
0.261369
0.24663
0.3315
0.310845
0.266334
0.262869
0.2185
0.266367
0.275
0.243
0.262369
0.28657
0.275225
0.01999
0.249375
0.248376
0.2295
0.235882
0.308691
0.254373
0.2405
0.235265
0.289355
0.2545
0.233883
0.256116
0.241
0.2895
0.254873
0.2585
0.276862
0.008
0.270365
0.209186
0.267
0.23
0.189
0.249875
0.273227
0.296703
0.253992
0.241379
0.329335
0.21939
0.245754
0.278361
0.278443
0.2725
0.26996
0.2425
0.228158
0.299
0.265734
0.274863
0.2305
0.264104
0.181727
0.235382
0.296852
0.2666
0.283217
0.2505
0.303696
0.279221
0.28
0.241379
0.245754
0.2475
0.226387
0.2515
0.308691
0.203694
0.289355
0.277445
0.245877
0.285572
0.252747
0.226274
0.278083
0.281718
0.27581
0.282218
0.265
0.279081
0.272727
0.281359
0.287213
0.288068
0.268731
0.0104895
0.247876
0.290709
0.2585
0.282859
0.233383
0.236645
0.2635
0.246377
0.235382
0.287356
0.280719
0.234883
0.245255
0.287356
0.263105
0.00998502
0.262737
0.23988
0.278083
0.233267
0.225275
0.301048
0.268098
0.275
0.262475
0.2395
0.244755
0.2565
0.248128
0.207896
0.207396
0.269365
0.263
0.302094
0.237
0.252874
0.258371
0.25499
0.281078
0.246
0.217782
0.237381
0.263736
0.276585
0.241
0.287856
0.268232
0.253873
0.223888
0.28086
0.222167
0.2755
0.225275
0.229
0.273363
0.2835
0.234883
0.306347
0.270865
0.250875
0.266
0.25
0.238881
0.28
0.194
0.282
0.255744
0.296352
0.239
0.252
0.268366
0.269365
0.249875
0.31019
0.260609
0.261
0.271229
0.281718
0.276585
0.281
0.242757
0.258371
0.2415
0.268366
0.2335
0.245877
0.274
0.256872
0.262369
0.312844
0.244755
0.28
0.22017
0.297702
0.2865
0.276862
0.26037
0.00449775
0.1995
0.237644
0.0095
0.238
0.257
0.2565
0.2865
0.248
0.266867
0.232
0.2635
0.268
0.261369
0.3
0.2845
0.256615
0.252874
0.262712
0.246
0.258
0.236882
0.279441
0.28493
0.253873
0.308846
0.2525
0.28
0.28008
0.2545
0.2425
0.284
0.255
0.0129805
0.2385
0.3125
0.248376
0.227886
0.2105
0.208
0.2425
0.261869
0.307
0.299551
0.312344
0.251374
0.224888
0.253992
0.262869
0.2805
0.244
0.283716
0.2405
0.235265
0.265
0.277361
0.009995
0.255872
0.220779
0.3015
0.2825
0.25
0.257
0.286713
0.2666
0.286857
0.272864
0.2545
0.278
0.242379
0.248376
0.281078
0.222167
0.245255
0.252747
0.251
0.2395
0.272864
0.249
0.261369
0.287
0.281859
0.248128
0.291417
0.270865
0.243135
0.247
0.267
0.29021
0.2415
0.2185
0.2725
0.2645
0.255
0.2345
0.229
0.284858
0.251
0.279581
0.257
0.294853
0.269
0.2575
0.2666
0.257
0.2675
0.198
0.215784
0.279
0.257871
0.250375
0.262107
0.253373
0.265734
0.274863
0.249375
0.266101
0.238262
0.247129
0.228158
0.262869
0.271
0.0155
0.233
0.231269
0.2735
0.258242
0.2435
0.236146
0.25974
0.276862
0.2735
0.248
0.281
0.28971
0.29985
0.262869
0.3225
0.256
0.2585
0.2105
0.283
0.222777
0.310845
0.279081
0.305
0.242879
0.2715
0.282359
0.216
0.2345
0.26087
0.275362
0.251
0.259
0.292208
0.2375
0.248751
0.245377
0.248
0.268
0.2715
0.263736
0.275362
0.255
0.262737
0.2445
0.287712
0.296
0.291
0.268
0.274588
0.261369
0.262369
0.258
0.244378
0.2725
0.273227
0.2935
0.2895
0.272364
0.275724
0.2185
0.2815
0.257243
0.275
0.268463
0.2515
0.300898
0.2265
0.292354
0.283
0.24663
0.209186
0.2405
0.276
0.250624
0.299
0.275362
0.242515
0.213
0.267099
0.246254
0.247629
0.278942
0.267366
0.281078
0.2285
0.246877
0.245377
0.265
0.2495
0.2525
0.262238
0.252
0.253
0.233383
0.309536
0.262475
0.2525
0.256615
0.308
0.2755
0.2805
0.248376
0.281
0.2605
0.2395
0.239
0.255
0.226887
0.265867
0.274
0.26037
0.297054
0.2525
0.282859
0.247
0.243635
0.268366
0.228
0.261369
0.299
0.252374
0.235
0.2585
0.3015
0.2515
0.248
0.287
0.2665
0.2575
0.294353
0.006
0.27581
0.291063
0.01999
0.269
0.271229
0.2855
0.2385
0.284358
0.222167
0.296056
0.303
0.226
0.268866
0.250375
0.26497
0.266334
0.263736
0.261369
0.242515
0.271229
0.305347
0.321339
0.246
0.236382
0.274089
0.275724
0.287
0.209186
0.253373
0.2875
0.246131
0.2865
0.293853
0.268597
0.2365
0.249252
0.268366
0.255
0.231884
0.2755
0.2745
0.268731
0.2685
0.208396
0.253
0.236763
0.300898
0.28971
0.282717
0.268
0.224663
0.302
0.252747
0.238262
0.275862
0.2365
0.243257
0.245509
0.256116
0.271364
0.27581
0.286857
0.261608
0.224663
0.264104
0.264
0.2725
0.232268
0.25
0.276362
0.302849
0.234883
0.245509
0.201
0.2765
0.291354
0.226387
0.2715
0.2635
0.241379
0.268
0.26
0.28086
0.2825
0.265867
0.2805
0.259
0.270865
0.2935
0.248876
0.278942
0.262737
0.2895
0.222889
0.2695
0.262869
0.259481
0.289211
0.296555
0.256872
0.228
0.274588
0.27309
0.266867
0.281
0.2265
0.254373
0.275862
0.252
0.258483
0.248376
0.286
0.2525
0.2305
0.2515
0.2015
0.2675
0.2925
0.264
0.268
0.235382
0.268366
0.2765
0.276723
0.235382
0.225
0.261869
0.275225
0.285714
0.256116
0.2355
0.237644
0.253
0.231384
0.224
0.2665
0.21939
0.26087
0.301698
0.310845
0.3
0.298851
0.297554
0.301349
0.264603
0.257371
0.0105
0.238262
0.237881
0.28008
0.304044
0.24501
0.245877
0.296703
0.246254
0.28971
0.2505
0.2295
0.244
0.2345
0.28
0.275362
0.229
0.243257
0.268
0.288068
0.27986
0.246
0.296703
0.305347
0.248751
0.258
0.307
0.262
0.2735
0.295409
0.2685
0.271
0.252621
0.274314
0.208292
0.2545
0.287856
0.303
0.280938
0.303
0.2565
0.253873
0.2755
0.2805
0.253373
0.247876
0.2235
0.27986
0.24975
0.306194
0.321018
0.00749251
0.249626
0.2195
0.313843
0.2905
0.28493
0.2545
0.2655
0.2735
0.271364
0.223165
0.275724
0.2775
0.271364
0.305542
0.223776
0.199301
0.254
0.276086
0.254873
0.270095
0.306847
0.267866
0.259241
0.3045
0.287213
0.258871
0.225275
0.243
0.2605
0.23976
0.246507
0.257114
0.25
0.268366
0.221168
0.284358
0.259611
0.269
0.24663
0.2285
0.2945
0.272364
0.2535
0.277361
0.237881
0.253873
0.2775
0.238
0.236
0.278
0.247376
0.3075
0.2445
0.2255
0.27986
0.262869
0.224388
0.233034
0.2725
0.25987
0.231884
0.2675
0.273227
0.291708
0.2725
0.0169915
0.306041
0.314
0.2565
0.2855
0.226887
0.266367
0.2265
0.247
0.2935
0.2165
0.257742
0.256872
0.257614
0.24038
0.262869
0.2515
0.256
0.272954
0.272727
0.2445
0.0065
0.270095
0.266733
0.271229
0.26
0.269865
0.288711
0.275862
0.315
0.24026
0.297702
0.2645
0.277445
0.248252
0.307846
0.271364
0.251
0.0095
0.2415
0.2715
0.234531
0.234648
0.276224
0.220779
0.293766
0.268098
0.2835
0.262475
0.292354
0.2265
0.254246
0.238024
0.253493
0.228771
0.297554
0.262475
0.2375
0.248128
0.268366
0.3
0.268098
0.225
0.227886
0.275
0.246753
0.271364
0.265734
0.198901
0.242
0.283932
0.27359
0.23976
0.291417
0.262869
0.252747
0.2605
0.279221
0.262
0.2666
0.284858
0.2565
0.298851
0.308691
0.287356
0.292415
0.269096
0.2515
0.2666
0.252
0.288068
0.2535
0.243
0.263736
0.2575
0.2635
0.287569
0.281
0.301698
0.2565
0.229
0.2685
0.257
0.2755
0.277361
0.273
0.2755
0.279221
0.270594
0.0145
0.241138
0.261608
0.231884
0.251374
0.3295
0.274
0.295
0.236882
0.235382
0.2725
0.265
0.253373
0.249875
0.234
0.244378
0.275
0.213
0.3185
0.317864
0.272954
0.248128
0.261369
0.264
0.21989
0.2535
0.28
0.217
0.231884
0.26037
0.274863
0.274588
0.248252
0.263368
0.281578
0.2705
0.228
0.257
0.3045
0.251374
0.299
0.268866
0.257614
0.2345
0.2245
0.285714
0.250375
0.257114
0.00649026
0.2715
0.298053
0.198302
0.248
0.243
0.270594
0.3075
0.292561
0.263
0.246
0.2295
0.301698
0.2535
0.234
0.292561
0.0095
0.261369
0.217782
0.267732
0.2875
0.2325
0.283716
0.251
0.282359
0.233883
0.291354
0.2385
0.27581
0.245877
0.0154845
0.2455
0.2685
0.291063
0.296906
0.282359
0.199
0.266
0.287356
0.270823
0.291209
0.278
0.253493
0.27023
0.286713
0.204296
0.2515
0.226387
0.262369
0.248
0.2385
0.207792
0.293
0.175
0.28022
0.26011
0.273453
0.266966
0.299
0.262369
0.303045
0.268
0.28
0.259
0.288856
0.261608
0.252248
0.258741
0.258371
0.006
0.2825
0.248376
0.290918
0.264603
0.228
0.28036
0.222889
0.25987
0.256
0.284858
0.254745
0.256
0.247376
0.281578
0.263368
0.253373
0.245877
0.256
0.281859
0.266
0.3105
0.1525
0.236382
0.256615
0.283932
0.2305
0.280719
0.305694
0.262107
0.254736
0.1845
0.252874
0.257614
0.242
0.252874
0.277361
0.223165
0.204296
0.268
0.238381
0.257371
0.00649026
0.259611
0.281859
0.2735
0.2725
0.268731
0.230885
0.198302
0.254
0.264104
0.281219
0.279581
0.2695
0.295057
0.183816
0.271364
0.315
0.2405
0.26011
0.269
0.282
0.235382
0.23027
0.270095
0.263868
0.1995
0.2565
0.3095
0.231
0.267866
0.258371
0.293766
0.279081
0.289355
0.210895
0.293
0.279081
0.2585
0.317864
0.2666
0.285
0.258483
0.283858
0.269365
0.252122
0.261369
0.2315
0.294558
0.261369
0.275225
0.2735
0.256116
0.207792
0.249375
0.259611
0.28
0.00849151
0.254246
0.286357
0.272364
0.289355
0.25
0.235265
0.30005
0.22039
0.268232
0.316026
0.233267
0.286857
0.2525
0.252122
0.2335
0.2665
0.0145
0.290855
0.2855
0.264104
0.281
0.016983
0.253
0.00649026
0.3125
0.230385
0.2375
0.219
0.3155
0.247006
0.2385
0.274
0.2375
0.219
0.277944
0.2575
0.296352
0.276224
0.25
0.260609
0.2375
0.209895
0.007
0.213893
0.249875
0.292415
0.274725
0.296
0.303696
0.2455
0.28
0.0095
0.2525
0.258242
0.2375
0.2385
0.26996
0.0065
0.261976
0.271364
0.2445
0.237
0.2715
0.28
0.266367
0.27
0.2575
0.2265
0.281
0.306041
0.275362
0.27023
0.262737
0.292561
0.233
0.289355
0.2775
0.282717
0.287856
0.255
0.205
0.258371
0.0095
0.2945
0.303
0.009995
0.287356
0.261
0.236882
0.2925
0.3095
0.286857
0.269
0.273863
0.287356
0.216
0.257742
0.272727
0.2795
0.2245
0.257243
0.275362
0.261108
0.249875
0.223776
0.25
0.232268
0.2695
0.255872
0.27359
0.0065
0.229
0.296056
0.233034
0.2385
0.247253
0.299
0.2305
0.23988
0.276362
0.249875
0.221168
0.29306
0.2605
0.243878
0.274089
0.268098
0.279081
0.2765
0.248376
0.242379
0.265235
0.271364
0.274863
0.228
0.2435
0.2565
0.222666
0.294353
0.2515
0.276224
0.2815
