0.02
0.111
0.148
0.138792
0.1705
0.137363
0.175412
0.0539191
0.1115
0.135
0.138431
0.133799
0.053973
0.068
0.106394
0.144
0.150275
0.09
0.127936
0.1345
0.0853719
0.144428
0.124314
0.01998
0.1515
0.0149925
0.0735
0.1155
0.145927
0.1155
0.0695
0.134366
0.1295
0.133
0.012
0.027986
0.172328
0.0729635
0.134
0.178732
0.134798
0.102
0.116942
0.1115
0.1645
0.0164506
0.103
0.02
0.126311
0.0824588
0.115942
0.141288
0.163418
0.0475
0.011
0.127
0.147926
0.148926
0.0914543
0.140859
0.171
0.103948
0.129935
0.068
0.187718
0.1525
0.11994
0.126873
0.130435
0.147353
0.144928
0.1415
0.0994006
0.136296
0.171329
0.122
0.203
0.1865
0.193
0.165417
0.156422
0.126
0.159341
0.144212
0.091363
0.0814593
0.115884
0.149425
0.0115
0.130804
0.147
0.0894106
0.0149925
0.144356
0.0865
0.1765
0.00749625
0.09995
0.108891
0.126437
0.0749625
0.0085
0.034965
0.0139651
0.128436
0.143928
0.104448
0.168747
0.121
0.12038
0.134663
0.1345
0.116384
0.145
0.1595
0.004
0.13
0.124251
0.143285
0.122877
0.104895
0.137
0.111944
0.0165
0.1415
0.05
0.147353
0.13
0.0145
0.133
0.144356
0.145427
0.10045
0.05
0.150425
0.133
0.14985
0.1225
0.141288
0.141
0.150925
0.145427
0.1245
0.0842893
0.014
0.1715
0.187718
0.107393
0.152348
0.141929
0.135432
0.00748877
0.009
0.069
0.181
0.151848
0.007996
0.00898204
0.00599101
0.181
0.157421
0.181
0.0908637
0.146427
0.143
0.139361
0.0713929
0.148703
0.134366
0.152771
0.161
0.12094
0.0254873
0.1135
0.137
0.0969031
0.127808
0.118441
0.186407
0.124376
0.173413
0.1335
0.142358
0.121
0.154768
0.0834166
0.096
0.00849575
0.102846
0.1645
0.161339
0.1825
0.0933134
0.181
0.150774
0.163337
0.092
0.153769
0.123
0.130804
0.1045
0.1695
0.009995
0.141929
0.142216
0.0629685
0.128308
0.126437
0.104895
0.1825
0.0129935
0.165
0.135
0.164918
0.11994
0.1585
0.0969031
0.0115
0.0115
0.0815
0.01999
0.169
0.076
0.027
0.136
0.137431
0.118881
0.137
0.0384615
0.116
0.131434
0.00799201
0.1215
0.115826
0.055
0.163918
0.114
0.145927
0.0069965
0.1675
0.145427
0.1395
0.0114943
0.17033
0.107946
0.125375
0.148628
0.114943
0.1645
0.1425
0.12094
0.0384615
0.138861
0.1425
0.131303
0.0304848
0.103
0.122693
0.109391
0.135729
0.122939
0.121379
0.138723
0.103293
0.147852
0.156422
0.123
0.087956
0.0898652
0.039
0.102794
0.0229885
0.028971
0.1275
0.1275
0.113943
0.0145
0.148
0.15992
0.0968547
0.1195
0.121318
0.13616
0.096
0.106
0.0674663
0.138931
0.0129935
0.17033
0.132934
0.111888
0.167832
0.1685
0.102
0.0894106
0.0933134
0.114885
0.0164835
0.0609391
0.11039
0.147705
0.173913
0.1215
0.119
0.148426
0.141429
0.1555
0.137
0.021978
0.03
0.092
0.121939
0.028971
0.016
0.13943
0.134
0.02
0.146927
0.0394803
0.1655
0.109945
0.1465
0.0364635
0.124813
0.1445
0.120879
0.103448
0.053973
0.153769
0.134366
0.122
0.028971
0.187718
0.184316
0.0859141
0.152424
0.1525
0.110945
0.141
0.108
0.17
0.131369
0.193806
0.1405
0.133
0.074
0.128372
0.171158
0.144356
0.112444
0.0254491
0.114
0.150425
0.14
0.10479
0.188906
0.071964
0.145781
0.163
0.0824588
0.015976
0.10095
0.142429
0.1555
0.154923
0.005997
0.0115
0.123
0.166251
0.0135
0.124438
0.09995
0.127373
0.0174738
0.0885
0.018
0.1115
0.115
0.141929
0.1295
0.1245
0.173413
0.141359
0.137
0.0344655
0.168747
0.151772
0.0994006
0.134865
0.155689
0.1075
0.121379
0.12525
0.153
0.0969515
0.1415
0.181909
0.0085
0.0894553
0.112887
0.171329
0.135297
0.1515
0.112
0.137931
0.0149925
0.1455
0.171158
0.134865
0.103
0.142429
0.166251
0.137294
0.0189905
0.00698952
0.1215
0.162
0.135
0.159341
0.168747
0.120879
0.129741
0.178821
0.157421
0.115
0.1555
0.0114885
0.1435
0.0124875
0.016
0.16042
0.127936
0.078
0.132934
0.159261
0.1475
0.122317
0.1525
0.0945
0.0135
0.166917
0.164835
0.140789
0.137431
0.129741
0.0124875
0.117823
0.103
0.125937
0.148352
0.0135
0.161677
0.136364
0.1405
0.117882
0.02
0.186907
0.105
0.14093
0.123377
0.1545
0.150275
0.185407
0.083
0.1415
0.1405
0.161677
0.116384
0.113772
0.136932
0.145427
0.0184908
0.0114885
0.0095
0.00799201
0.158603
0.116442
0.132801
0.0825
0.143928
0.109445
0.0254745
0.0189905
0.1575
0.135432
0.0204898
0.11039
0.128871
0.1525
0.027972
0.1315
0.0964518
0.13993
0.144428
0.175
0.1595
0.093953
0.055
0.178
0.165917
0.12032
0.021989
0.115826
0.0923615
0.043978
0.13
0.1505
0.109
0.124314
0.121379
0.1435
0.190905
0.044
0.116384
0.1275
0.0135
0.008
0.135932
0.0194903
0.1205
0.1275
0.05
0.1245
0.113
0.130739
0.163836
0.134433
0.118941
0.0254873
0.10989
0.166417
0.0065
0.046
0.1295
0.165834
0.00399401
0.17991
0.0304848
0.119
0.14678
0.009995
0.100798
0.125375
0.140789
0.131868
0.144284
0.0834583
0.00949525
0.13
0.1655
0.0275
0.140789
0.0969515
0.135864
0.18
0.113772
0.119321
0.021967
0.1465
0.116
0.172914
0.1335
0.115
0.0069965
0.137363
0.127872
0.11994
0.1735
0.165
0.102
0.014
0.1865
0.157421
0.175412
0.165335
0.0864568
0.138
0.152424
0.186407
0.0145
0.115768
0.0144928
0.0055
0.180729
0.132934
0.107446
0.18005
0.015992
0.0124688
0.125
0.134433
0.135729
0.177
0.003998
0.178821
0.023976
0.136795
0.1265
0.098
0.0885
0.129
0.066
0.0968547
0.148352
0.1255
0.106
0.0965
0.11994
0.1595
0.127436
0.0175
0.167832
0.175412
0.11039
0.0274863
0.128
0.134933
0.124251
0.0994006
0.1335
0.103
0.106447
0.110445
0.118881
0.14036
0.142
0.152924
0.0965
0.132934
0.0708937
0.125811
0.108891
0.0135
0.134366
0.119
0.1045
0.1335
0.0215
0.157685
0.119
0.0215
0.12
0.0855
0.1415
0.0254873
0.1375
0.121878
0.125
0.144
0.101399
0.0095
0.011994
0.155422
0.0105
0.0264868
0.161919
0.167
0.1755
0.1435
0.133367
0.164918
0.152272
0.1235
0.175412
0.132934
0.161
0.0165
0.174
0.144212
0.129935
0.181727
0.1175
0.114443
0.151424
0.0255
0.0775
0.131303
0.141359
0.17
0.159261
0.14036
0.016
0.203398
0.161757
0.150925
0.16
0.1345
0.143
0.115942
0.164
0.029
0.157
0.186221
0.026
0.062
0.155922
0.0934533
0.048
0.1525
0.126
0.1185
0.119321
0.134865
0.161
0.008
0.104843
0.09995
0.105447
0.107393
0.0154845
0.128244
0.086
0.167
0.1765
0.075
0.12681
0.0834583
0.0235
0.028
0.0879121
0.145355
0.158
0.01998
0.016
0.0185
0.011
0.10479
0.163
0.172156
0.126
0.086
0.0529206
0.083
0.139
0.171
0.165834
0.125437
0.12044
0.016
0.10634
0.14
0.118941
0.039
0.048
0.142
0.0889555
0.091
0.124438
0.0785
0.169915
0.168916
0.152348
0.150275
0.037981
0.0365
0.150774
0.103293
0.149925
0.1495
0.1155
0.0825
0.0075
0.147
0.118881
0.0085
0.1455
0.162257
0.0075
0.09995
0.0244878
0.0055
0.109
0.0629685
0.134
0.17033
0.0795
0.094
0.1295
0.0124688
0.171329
0.155844
0.109945
0.0085
0.0045
0.11039
0.135432
0.0135
0.131434
0.077
0.106447
0.129435
0.0124938
0.046
0.127373
0.0734633
0.00849151
0.1395
0.098
0.114443
0.0124938
0.0778832
0.125811
0.147852
0.174
0.0658683
0.147
0.134366
0.1155
0.127246
0.130869
0.171158
0.0744628
0.157685
0.133799
0.1205
0.165917
0.00949525
0.144212
0.044
0.0783433
0.0204898
0.1385
0.0365
0.1495
0.0454545
0.121878
0.115
0.138
0.00848727
0.143928
0.1245
0.1495
0.122939
0.171329
0.141359
0.147852
0.1375
0.0144928
0.0264868
0.1675
0.1335
0.151772
0.0105
0.135
0.124
0.1555
0.0234648
0.0574139
0.027986
0.025987
0.0539191
0.1495
0.0629685
0.0209895
0.071964
0.143
0.1315
0.123438
0.1165
0.1265
0.13616
0.122
0.0275
0.122
0.147926
0.0069965
0.143784
0.143
0.136932
0.1785
0.168416
0.0154845
0.007996
0.115442
0.021
0.194
0.146853
0.00549451
0.156422
0.0145
0.166917
0.129935
0.192308
0.167916
0.1004
0.011
0.1345
0.151424
0.115942
0.165917
0.1165
0.15992
0.1595
0.138
0.0204898
0.0114885
0.1405
0.128
0.003996
0.102
0.184
0.069
0.111444
0.125749
0.1725
0.0449775
0.1365
0.124314
0.157
0.1485
0.1415
0.1435
0.132434
0.137294
0.0885
0.0264868
0.00698952
0.142715
0.154923
0.011994
0.1505
0.123814
0.136432
0.129
0.146
0.167
0.128308
0.126
0.0898652
0.0595
0.158524
0.162
0.147926
0.0505
0.084
0.131369
0.0105
0.138861
0.132934
0.138931
0.112332
0.1165
0.0114885
0.0075
0.077
0.146
0.014985
0.13
0.144428
0.178732
0.125749
0.0085
0.106447
0.0449775
0.145927
0.0114943
0.0154845
0.100798
0.17
0.102
0.0234765
0.112332
0.1725
0.152
0.159261
0.1175
0.00999001
0.031
0.156422
0.1415
0.1155
0.15
0.134
0.0334665
0.156843
0.0209895
0.178821
0.0065
0.138861
0.116384
0.104
0.0994006
0.124314
0.125937
0.0974513
0.115942
0.13943
0.055
0.122754
0.086
0.031
0.0169915
0.115
0.134865
0.158421
0.0365
0.1245
0.055
0.128244
0.13979
0.093953
0.124688
0.021967
0.0879121
0.124688
0.1185
0.0095
0.12987
0.145427
0.0705
0.137363
0.154536
0.0174825
0.14036
0.127936
0.0384615
0.0935
0.118941
0.148
0.108837
0.162257
0.0495
0.112332
0.141288
0.13943
0.165417
0.012
0.155922
0.0415
0.023976
0.179
0.0969515
0.203
0.1565
0.135
0.135932
0.129435
0.106287
0.151848
0.1655
0.121878
0.119321
0.043978
0.138792
0.17033
0.107446
0.027972
0.129306
0.0834583
0.1235
0.124314
0.047976
0.0065
0.083
0.094
0.143285
0.122939
0.1295
0.0834583
0.0115
0.1075
0.1245
0.101
0.0204795
0.164753
0.127
0.078
0.0234648
0.066
0.0935
0.122317
0.09336
0.00949525
0.127246
0.158
0.118881
0.153769
0.127436
0.1195
0.138431
0.0124688
0.0384808
0.1595
0.115826
0.1345
0.122317
0.160839
0.1245
0.1215
0.135432
0.0075
0.153923
0.1235
0.152424
0.14093
0.128807
0.012
0.140859
0.0274725
0.151697
0.110889
0.122877
0.1485
0.168332
0.143285
0.0135
0.119321
0.134798
0.117941
0.11039
0.152924
0.115
0.0969515
0.1105
0.0629685
0.12032
0.165335
0.161838
0.0124875
0.115942
0.140859
0.151
0.1325
0.1435
0.1635
0.00999001
0.1235
0.101399
0.0065
0.181818
0.131434
0.0725
0.1335
0.0563872
0.0049975
0.122317
0.103448
0.016
0.130935
0.137363
0.0114885
0.148352
0.0885
0.172242
0.074
0.170744
0.0255
0.165335
0.168332
0.0075
0.133
0.164
0.1755
0.0865
0.128
0.163
0.008
0.112444
0.0815
0.126937
0.0749625
0.002997
0.103448
0.170245
0.0334665
0.026
0.097354
0.103293
0.193806
0.012
0.156843
0.109445
0.151697
0.015976
0.1375
0.1515
0.0865
0.132434
0.0145
0.0674663
0.137793
0.1465
0.150849
0.1255
0.14093
0.108
0.021
0.128871
0.0245
0.0755
0.1415
0.114
0.1515
0.0234883
0.150925
0.161677
0.127872
0.152272
0.0964518
0.0994006
0.0975
0.0204898
0.008
0.122439
0.114828
0.152424
0.105289
0.0149775
0.105395
0.10989
0.0124938
0.126937
0.152771
0.16983
0.017973
0.077
0.141858
0.0459311
0.0069965
0.011994
0.115826
0.126
0.0175
0.127309
0.044
0.122378
0.131434
0.1165
0.1765
0.0149626
0.145854
0.15992
0.141858
0.0574139
0.12525
0.0055
0.131868
0.011
0.1345
0.125811
0.0905
0.122439
0.127246
0.14093
0.129
0.141
0.134299
0.135
0.1135
0.0105
0.177411
0.0595
0.185
0.124376
0.0169492
0.108891
0.0055
0.148352
0.130869
0.0149925
0.164918
0.150774
0.186221
0.137
0.134865
0.106
0.0744628
0.0344655
0.0515
0.1005
0.011988
0.01
0.01
0.116326
0.17
0.106
0.111
0.0124875
0.0898652
0.011994
0.126937
0.122693
0.147
0.141359
0.150425
0.124875
0.169
0.081
0.103397
0.166251
0.132934
0.144356
0.008
0.192308
0.131434
0.1835
0.121939
0.1245
0.145427
0.174
0.15992
0.098
0.1445
0.14985
0.147426
0.131434
0.161677
0.128372
0.148
0.171
0.163418
0.1765
0.125811
0.167416
0.1525
0.147852
0.076
0.1535
0.0134731
0.0115
0.091363
0.1115
0.115826
0.148352
0.1225
0.0424575
0.157421
0.1215
0.115442
0.1425
0.183225
0.1535
0.163918
0.151
0.126937
0.145282
0.0114828
0.141359
0.0144928
0.008
0.0175
0.129435
0.135
0.118
0.0755
0.115
0.0145
0.0065
0.0215
0.161
0.008
0.073963
0.1045
0.203398
0.096
0.1335
0.139361
0.153
0.147206
0.1215
0.1475
0.008
0.151772
0.091363
0.0845
0.1155
0.0835
0.10989
0.171
0.105395
0.132434
0.112332
0.00798802
0.135432
0.0869565
0.075
0.106
0.0194903
0.111944
0.149925
0.0864568
0.1785
0.0135
0.0189905
0.127936
0.128436
0.142
0.0124875
0.0065
0.0025
0.125811
0.0195
0.005
0.1165
0.124376
0.168248
0.148426
0.02
0.192711
0.00798802
0.119
0.16
0.014
0.0764618
0.11944
0.108946
0.086
0.0164835
0.117882
0.135432
0.0885
0.0134731
0.0304848
0.124
0.0069965
0.1495
0.141359
0.119321
0.125
0.124376
0.1425
0.192308
0.0888224
0.12681
0.1115
0.083958
0.0194611
0.171
0.131934
0.131434
0.155922
0.144212
0.13943
0.0254873
0.193
0.1335
0.144428
0.1495
0.027972
0.026
0.1375
0.016983
0.153347
0.1455
0.151848
0.164835
0.00949051
0.108946
0.0842893
0.134366
0.114
0.131802
0.1435
0.126937
0.131303
0.0739261
0.142
0.1405
0.0903645
0.1125
0.154923
0.00599101
0.126374
0.153347
0.003996
0.100798
0.128
0.0968547
0.150275
0.178732
0.14
0.114943
0.1645
0.144212
0.143
0.136
0.132801
0.1245
0.1265
0.02
0.121
0.142
0.133933
0.0585
0.1515
0.01
0.0075
0.0055
0.00799201
0.159261
0.143
0.119
0.181818
0.021967
0.158603
0.129306
0.1635
0.125937
0.18005
0.00949525
