0.226387
0.217391
0.22089
0.231
0.1465
0.251123
0.228886
0.228
0.256
0.246377
0.236763
0.2315
0.232384
0.279
0.231384
0.2675
0.279
0.206191
0.2685
0.244256
0.2009
0.2075
0.239261
0.231269
0.2915
0.221389
0.191213
0.254873
0.1625
0.244
0.230155
0.227886
0.1845
0.2385
0.177911
0.217391
0.224
0.201899
0.278
0.229885
0.249875
0.23
0.177411
0.230385
0.226773
0.2355
0.262869
0.215569
0.1465
0.22017
0.193806
0.23988
0.265367
0.176
0.213287
0.2535
0.229385
0.198901
0.2795
0.206793
0.256
0.227
0.2195
0.1955
0.259
0.2175
0.215392
0.190905
0.2315
0.228886
0.2095
0.235265
0.241638
0.2775
0.005
0.218391
0.2015
0.21989
0.23988
0.1625
0.0065
0.234
0.2305
0.1695
0.194903
0.206793
0.194403
0.1795
0.30035
0.174825
0.214893
0.141288
0.277223
0.217174
0.213
0.2165
0.2105
0.255
0.218282
0.26037
0.215461
0.174
0.164172
0.242636
0.0194903
0.2605
0.2325
0.2055
0.213679
0.2285
0.237881
0.207293
0.235882
0.266
0.246377
0.0134933
0.211
0.23976
0.217
0.2315
0.196902
0.234149
0.249375
0.18
0.0324675
0.195402
0.278
0.235382
0.243
0.213786
0.2535
0.187906
0.246
0.207396
0.237
0.2335
0.216783
0.01
0.227886
0.196402
0.239641
0.228044
0.230885
0.247629
0.209685
0.201299
0.225662
0.2215
0.232384
0.226387
0.259
0.236
0.227
0.2055
0.231384
0.013993
0.246254
0.00998502
0.216392
0.0034965
0.2555
0.231384
0.296
0.201
0.0129935
0.27
0.236763
0.2325
0.232
0.244
0.0069965
0.201
0.2615
0.249875
0.235764
0.2155
0.2155
0.175
0.2605
0.193403
0.185721
0.265
0.2475
0.194306
0.178322
0.182
0.196902
0.188906
0.2155
0.233533
0.1994
0.2325
0.241
0.238262
0.237
0.254119
0.229426
0.18032
0.2115
0.241879
0.214
0.241
0.235764
0.203898
0.2285
0.232384
0.211894
0.177911
0.207688
0.251996
0.235
0.192
0.2175
0.239
0.253873
0.204
0.2395
0.284858
0.254119
0.235
0.233267
0.2
0.262475
0.263368
0.1485
0.252374
0.2175
0.228886
0.222555
0.261369
0.254745
0.222167
0.197901
0.194708
0.0089955
0.2395
0.13993
0.250125
0.239641
0.188717
0.2405
0.27936
0.214893
0.286357
0.215892
0.2225
0.211394
0.23988
0.19
0.230539
0.265337
0.26
0.229
0.218282
0.277084
0.269365
0.1845
0.243635
0.0125
0.2425
0.225549
0.205897
0.251123
0.173
0.2555
0.228
0.211
0.230654
0.235
0.243014
0.2105
0.2375
0.229885
0.01
0.235882
0.211
0.227886
0.0105
0.27936
0.2325
0.011
0.2105
0.257
0.2285
0.214
0.2365
0.223388
0.26024
0.2555
0.236
0.2385
0.2585
0.195706
0.213786
0.1975
0.218781
0.219
0.2425
0.205397
0.217891
0.235
0.178322
0.252747
0.205897
0.276
0.204898
0.275862
0.218
0.244633
0.224663
0.224388
0.212
0.198302
0.215676
0.217283
0.2205
0.23315
0.221667
0.206191
0.2285
0.229426
0.257114
0.2095
0.256
0.267697
0.271864
0.2705
0.191213
0.2175
0.152
0.172914
0.205397
0.197901
0.2425
0.226887
0.209395
0.2235
0.196607
0.251374
0.268366
0.2415
0.2
0.00599101
0.251874
0.224164
0.244012
0.182409
0.225
0.0075
0.228272
0.211289
0.0045
0.2205
0.276224
0.24014
0.251874
0.247629
0.26087
0.225162
0.22089
0.204898
0.2535
0.215
0.243
0.224
0.239641
0.21318
0.234
0.126873
0.205192
0.213287
0.219
0.212894
0.228543
0.226
0.2145
0.265337
0.254373
0.228886
0.228543
0.272228
0.277223
0.227
0.0105
0.204398
0.240759
0.251123
0.1945
0.2555
0.163418
0.239022
0.227772
0.1725
0.230885
0.242258
0.0114943
0.204
0.2225
0.200799
0.22
0.197901
0.2555
0.013986
0.228272
0.2325
0.269231
0.2095
0.1635
0.2495
0.228
0.229885
0.01
0.2325
0.231384
0.202
0.233766
0.195706
0.2175
0.203398
0.277223
0.21978
0.218781
0.196902
0.153
0.161
0.2002
0.2355
0.23938
0.288356
0.175
0.193
0.228886
0.2165
0.27986
0.236146
0.231884
0.197703
0.259
0.251374
0.224388
0.2285
0.1495
0.2685
0.244012
0.2455
0.241397
0.244
0.2415
0.241379
0.2605
0.2635
0.222389
0.01
0.207396
0.2185
0.253
0.232
0.1994
0.222889
0.1955
0.239
0.265337
0.231384
0.2385
0.20669
0.229271
0.235764
0.208896
0.225887
0.205
0.221389
0.228
0.253373
0.182909
0.213679
0.201899
0.16
0.238
0.00748877
0.206397
0.191404
0.221778
0.00897756
0.211
0.1715
0.228272
0.2305
0.232268
0.2335
0.2285
0.205
0.222389
0.2095
0.248627
0.22666
0.196902
0.2095
0.218
0.2415
0.211894
0.257371
0.182
0.202993
0.213786
0.168332
0.00999001
0.230385
0.202
0.186
0.2455
0.224888
0.1735
0.224276
0.213786
0.213393
0.2235
0.204
0.250873
0.216351
0.238262
0.268731
0.224164
0.23365
0.252374
0.224388
0.229
0.241379
0.264
0.0114943
0.2915
0.23365
0.217891
0.198901
0.1955
0.200499
0.00649675
0.204898
0.233
0.257485
0.191
0.208896
0.211183
0.241379
0.244
0.236882
0.2115
0.261369
0.2155
0.217891
0.252747
0.249
0.182409
0.211289
0.2205
0.223776
0.244755
0.219
0.181319
0.221667
0.252
0.2315
0.221389
0.184224
0.257984
0.2415
0.242
0.2235
0.243
0.1975
0.213786
0.267366
0.223165
0.169915
0.244633
0.258612
0.24663
0.177911
0.267366
0.233883
0.252
0.237644
0.238881
0.266733
0.247376
0.212894
0.192308
0.191
0.225549
0.193
0.230385
0.2335
0.197901
0.241879
0.274089
0.2595
0.2325
0.288356
0.228272
0.191213
0.194
0.207792
0.00549451
0.212
0.267697
0.230654
0.231153
0.252621
0.0184908
0.2065
0.232384
0.252874
0.00699301
0.246
0.252
0.2025
0.2075
0.01
0.248503
0.268731
0.22039
0.2325
0.230885
0.224
0.232767
0.265235
0.2675
0.195402
0.264368
0.199301
0.2002
0.2495
0.258612
0.27994
0.190405
0.229885
0.217955
0.191404
0.244755
0.221778
0.228272
0.2425
0.203898
0.217891
0.26973
0.015992
0.232
0.0164753
0.0055
0.1685
0.224
0.1895
0.242
0.2285
0.247376
0.00699301
0.187313
0.26024
0.194306
0.221667
0.213573
0.1765
0.223888
0.1715
0.2345
0.224888
0.216783
0.215892
0.235265
0.2215
0.233383
0.202298
0.223
0.221557
0.2285
0.215177
0.221389
0.218
0.202993
0.230385
0.231
0.223388
0.2245
0.206191
0.2215
0.262107
0.2245
0.258
0.203694
0.187
0.252742
0.228886
0.256
0.190905
0.239141
0.222389
0.00899101
0.011
0.00699301
0.188906
0.226887
0.262369
0.203898
0.2755
0.212787
0.206
0.191
0.232384
0.30035
0.2305
0.213893
0.1695
0.228044
0.247376
0.258242
0.22039
0.190905
0.00749251
0.231884
0.178144
0.234
0.2575
0.196402
0.2115
0.203195
0.211183
0.261869
0.195804
0.18023
0.211788
0.214893
0.252374
0.00748877
0.221778
0.009
0.236264
0.2285
0.250375
0.263368
0.224388
0.222666
0.215
0.00349301
0.240759
0.191404
0.215892
0.2365
0.221389
0.0114943
0.181319
0.203
0.213393
0.022
0.209395
0.2265
0.2025
0.198
0.2465
0.245
0.228272
0.2235
0.239261
0.247376
0.2515
0.2305
0.241879
0.2175
0.011
0.215676
0.152
0.16092
0.264368
0.2325
0.248627
0.257371
0.227
0.253873
0.18
0.2135
0.2515
0.2
0.279
0.219
0.24
0.244
0.230385
0.226887
0.225935
0.239261
0.0055
0.222167
0.213786
0.220779
0.259
0.216392
0.2555
0.234266
0.2255
0.174913
0.222167
0.2245
0.2215
0.198
0.204898
0.199301
0.2415
0.0155
0.214
0.2275
0.188312
0.0104948
0.254246
0.231
0.219
0.236882
0.205192
0.233766
0.257114
0.284858
0.2055
0.236763
0.238
0.2055
0.2505
0.1945
0.2105
0.2425
0.203
0.212
0.201299
0.236763
0.2525
0.19
0.196
0.228
0.252
0.2335
0.2425
0.259
0.236645
0.232
0.269231
0.258
0.2335
0.2345
0.179321
0.213
0.2666
0.221389
0.174913
0.216351
0.282077
0.213573
0.217565
0.197901
0.239641
0.231653
0.26024
0.152
0.147353
0.00949525
0.234
0.2075
0.208
0.2525
0.230885
0.228044
0.203
0.226274
0.241379
0.2355
0.1997
0.0025
0.244
0.234
0.245377
0.247006
0.212
0.177911
0.191404
0.198
0.2275
0.204898
0.2145
0.202993
0.276
0.209685
0.00748877
0.2045
0.212394
0.187313
0.223165
0.208791
0.231884
0.17
0.238143
0.225549
0.288356
0.266101
0.2065
0.2145
0.212787
0.195305
0.178144
0.191
0.152
0.250125
0.206294
0.208084
0.203898
0.282717
0.242757
0.216351
0.177
0.250375
0.200799
0.202993
0.226
0.018
0.24038
0.2155
0.232
0.175912
0.201798
0.228886
0.205192
0.232884
0.2285
0.00649026
0.2001
0.22
0.193806
0.224663
0.264
0.154845
0.235
0.217673
0.228543
0.224388
0.238262
0.186407
0.2075
0.212394
0.182909
0.185721
0.232384
0.2525
0.228886
0.2115
0.243378
0.213
0.187718
0.226274
0.169915
0.184908
0.0105
0.222
0.2075
0.267599
0.206897
0.2095
0.234883
0.011
0.2004
0.241879
0.196902
0.232036
0.2075
0.172914
0.266
0.224164
0.2145
0.244
0.208791
0.236
0.230769
0.004
0.2145
0.192308
0.184316
0.229
0.204
0.240759
0.1845
0.006
0.191213
0.215177
0.2145
0.2355
0.22089
0.234
0.2375
0.264735
0.238
0.2365
0.225887
0.203898
0.176823
0.192
0.173826
0.236
0.2075
0.225549
