0.1185
0.157421
0.0889555
0.177234
0.104
0.147926
0.159261
0.174
0.192212
0.171414
0.125
0.118941
0.044955
0.138293
0.118
0.155267
0.1415
0.183317
0.13943
0.197901
0.157
0.127
0.214
0.156843
0.163
0.1595
0.143
0.141
0.0988517
0.0164835
0.1185
0.135
0.1335
0.0975
0.1695
0.185721
0.201
0.0965
0.164336
0.157
0.015
0.183408
0.1815
0.1385
0.031984
0.154423
0.187812
0.0124938
0.1595
0.123876
0.156922
0.1815
0.164418
0.2175
0.138792
0.1745
0.1485
0.138431
0.118941
0.157842
0.00898652
0.170744
0.175412
0.172242
0.0474525
0.1655
0.2175
0.147705
0.154923
0.170915
0.148352
0.173413
0.154
0.0149925
0.198801
0.015992
0.181909
0.157421
0.177911
0.166251
0.010989
0.172414
0.2004
0.161757
0.207896
0.147353
0.156922
0.207896
0.154691
0.193806
0.1685
0.171414
0.163337
0.105947
0.154269
0.152196
0.2025
0.118941
0.183816
0.1745
0.173739
0.1435
0.1515
0.13943
0.00849151
0.167416
0.017991
0.196
0.147705
0.093
0.0235
0.170915
0.207896
0.167416
0.159261
0.1495
0.144428
0.173913
0.133367
0.2
0.162837
0.1655
0.0125
0.0089955
0.163
0.209291
0.11982
0.171914
0.144
0.1665
0.182
0.135432
0.188906
0.155
0.106947
0.174825
0.130435
0.198302
0.182227
0.131
0.1125
0.164336
0.134232
0.011988
0.185907
0.173413
0.1845
0.147926
0.151
0.177
0.152196
0.128871
0.1165
0.207896
0.1695
0.1795
0.013
0.132867
0.156
0.172741
0.163174
0.1325
0.160759
0.0285
0.181909
0.159261
0.132368
0.2145
0.1195
0.151697
0.168
0.166917
0.146427
0.157186
0.1295
0.174
0.167416
0.133433
0.167
0.195
0.1565
0.188406
0.188811
0.1875
0.1465
0.093
0.176
0.195305
0.1435
0.029
0.127872
0.144
0.202197
0.172328
0.0114943
0.1675
0.157842
0.185
0.193403
0.153347
0.168416
0.183
0.0524214
0.023988
0.151
0.137862
0.155422
0.136795
0.163754
0.201995
0.0888667
0.191808
0.16092
0.171914
0.162837
0.152
0.155422
0.0274863
0.0314685
0.213786
0.110889
0.152924
0.152272
0.1905
0.165417
0.1235
0.00848727
0.130935
0.132302
0.143
0.175912
0.14022
0.153194
0.14678
0.1625
0.154923
0.1615
0.125937
0.173327
0.022977
0.143784
0.198401
0.145854
0.1
0.1485
0.241
0.155844
0.205897
0.031
0.0194805
0.1325
0.148
0.207896
0.177323
0.0125
0.138723
0.143928
0.159102
0.1175
0.136
0.010989
0.157186
0.166417
0.187
0.1835
0.156
0.129805
0.132302
0.1895
0.1275
0.185907
0.137363
0.1395
0.169915
0.209975
0.1705
0.014
0.172156
0.147279
0.123814
0.166417
0.18023
0.121878
0.156922
0.157343
0.171414
0.16
0.1845
0.188811
0.104
0.174
0.165917
0.134232
0.023
0.168332
0.159102
0.189311
0.1825
0.163174
0.127936
0.063
0.1555
0.184815
0.163836
0.1165
0.0664004
0.196108
0.196705
0.162
0.1435
0.1375
0.13943
0.171
0.1775
0.206088
0.005
0.173826
0.165417
0.11976
0.198302
0.1615
0.181818
0.174825
0.21967
0.1515
0.1385
0.173826
0.161838
0.154923
0.1725
0.18
0.17982
0.1825
0.157421
0.177
0.1795
0.172156
0.137431
0.1485
0.16042
0.178821
0.1745
0.206397
0.134933
0.17973
0.021978
0.216
0.1745
0.0129805
0.0214893
0.1685
0.19012
0.0035
0.014
0.157421
0.2065
0.1085
0.189311
0.177733
0.177234
0.170659
0.1795
0.214
0.1325
0.044955
0.169331
0.00849151
0.177
0.171329
0.155922
0.138792
0.128936
0.181409
0.146281
0.1725
0.0104895
0.176912
0.157921
0.163918
0.185222
0.18
0.1435
0.173826
0.198401
0.0914543
0.148851
0.136863
0.1998
0.136863
0.122
0.128871
0.216892
0.115826
0.1315
0.1715
0.103397
0.1915
0.1505
0.1435
0.120879
0.13993
0.1515
0.189311
0.200599
0.17
0.1555
0.101449
0.137363
0.197901
0.157343
0.187
0.15942
0.1315
0.155
0.1205
0.168916
0.170415
0.113443
0.1999
0.127872
0.187
0.163337
0.157343
0.210684
0.154269
0.178911
0.15976
0.1555
0.181409
0.107946
0.1775
0.156
0.194903
0.156
0.152
0.172328
0.149
0.151697
0.0164918
0.0114885
0.110445
0.202197
0.179
0.172242
0.176412
0.122439
0.193903
0.0314685
0.0195
0.1875
0.1635
0.241
0.18
0.118941
0.1185
0.13993
0.1525
0.1745
0.124875
0.011994
0.189621
0.162756
0.175
0.157763
0.1365
0.182227
0.198
0.195305
0.0205
0.1235
0.168332
0.175325
0.126
0.151924
0.0265
0.110445
0.173327
0.15327
0.1995
0.011988
0.1275
0.202696
0.106893
0.0035
0.187
0.145854
0.187219
0.015976
0.1995
0.155422
0.117823
0.150925
0.21967
0.163836
0.063
0.1655
0.011994
0.106394
0.169331
0.173327
0.173
0.031
0.214393
0.139
0.196
0.126
0.0174913
0.1185
0.175325
0.163836
0.157264
0.172156
0.186
0.150925
0.0593812
0.113443
0.1625
0.158421
0.157186
0.168332
0.16
0.1965
0.193806
0.157921
0.0474525
0.136
0.022
0.177323
0.156188
0.133933
0.159261
0.176823
0.0164918
0.017
0.132867
0.144
0.142
0.17973
0.176412
0.1425
0.189
0.0135
0.1615
0.011
0.152272
0.1575
0.155
0.1725
0.173
0.0105
0.150425
0.119
0.114443
0.190405
0.143856
0.1675
0.186
0.203398
0.1435
0.112944
0.18032
0.169
0.181409
0.195207
0.1725
0.106447
0.1535
0.203398
0.179
0.136932
0.161
0.0135
0.157921
0.168
0.156922
0.150425
0.145709
0.173913
0.118941
0.154923
0.162837
0.1795
0.199201
0.177
0.155422
0.190809
0.106394
0.172328
0.116942
0.093
0.186907
0.112944
0.187
0.178
0.151
0.163836
0.145355
0.149
0.158762
0.161
0.153923
0.143784
0.1515
0.154768
0.147353
0.00549451
0.209
0.0124938
0.1645
0.182227
0.120259
0.0865
0.207293
0.077961
0.16042
0.226387
0.191
0.171
0.18
0.155844
0.161
0.114443
0.147926
0.138
0.1585
0.173
0.118941
0.1855
0.201399
0.169331
0.138431
0.012
0.121379
0.169915
0.156922
0.1795
0.123876
0.131
0.138861
0.135932
0.159341
0.1005
0.1635
0.056
0.1765
0.114443
0.186314
0.144928
0.1615
0.185315
0.169415
0.131
0.166
0.157
0.194403
0.14678
0.154845
0.127436
0.141
0.0135
0.173826
0.0545
0.138931
0.184815
0.185
0.1435
0.151
0.131934
0.012
0.185907
0.18032
0.163918
0.176
0.159341
0.145427
0.154
0.1675
0.1825
0.164418
0.1555
0.184
0.187
0.187
0.156266
0.175325
0.11982
0.15035
0.157421
0.1645
0.155
0.192904
0.159261
0.161
0.170829
0.155
0.1835
0.179
0.150925
0.115826
0.18672
0.189
0.136863
0.0085
0.133433
0.147926
0.142287
0.168831
0.1675
0.147279
0.1945
0.1515
0.143
0.083
0.181909
0.135
0.147279
0.151
0.191904
0.0949051
0.0185
0.163
0.149202
0.1
0.0129676
0.044955
0.127
0.1005
0.17973
0.168831
0.1635
0.190905
0.162919
0.185
0.15992
0.125375
0.1835
0.157842
0.192212
0.165
0.1405
0.173
0.143928
0.141787
0.1695
0.192904
0.0055
0.166917
0.170415
0.190405
0.1015
0.099
0.211894
0.157921
0.1235
0.181319
0.188717
0.158762
0.1465
0.133
0.11994
0.1565
0.141429
0.168831
0.136
0.136
0.0124875
0.175325
0.187812
0.1555
0.2195
0.157
0.170829
0.1365
0.185407
0.190405
0.15942
0.141429
0.156922
0.156
0.135
0.1695
0.1215
0.160839
0.202595
0.149
0.149351
0.122939
0.1435
0.124
0.0295
0.171914
0.143
0.137431
0.187812
0.154423
0.18023
0.017
0.1375
0.1495
0.028
0.208
0.1665
0.157606
0.144
0.108337
0.153423
0.159
0.157
0.159261
0.176324
0.163174
0.141429
0.142
0.170915
0.135297
0.163918
0.148851
0.135432
0.178233
0.168916
0.157
0.0124875
0.0474525
0.160759
0.201899
0.163337
0.145355
0.1505
0.173327
0.037
0.113443
0.145854
0.143357
0.13037
0.168916
0.1815
0.198203
0.168916
0.1997
0.1355
0.1875
0.191904
0.18981
0.152924
0.153423
0.204
0.22028
0.102398
0.1815
0.1795
0.145709
0.156843
0.153347
0.163
0.195609
0.218
0.131934
0.204
0.163
0.147426
0.154
0.2325
0.003996
0.217891
0.195609
0.0394803
0.1295
0.2009
0.099
0.152272
0.182726
0.175912
0.0134798
0.163754
0.081959
0.145
0.216892
0.1485
0.1675
0.09995
0.093
0.1745
0.107446
0.136863
0.165417
0.1855
0.207293
0.2195
0.168416
0.1965
0.1655
0.106893
0.19
0.1485
0.216392
0.1365
0.1505
0.158921
0.157421
0.132302
0.172242
0.127
0.1655
0.1965
0.1535
0.191404
0.168916
0.0324838
0.18981
0.228886
0.173653
0.138
0.17973
0.156922
0.175912
0.133
0.0828757
0.159341
0.176148
0.14521
0.138792
0.136795
0.157763
0.153423
0.18032
0.155267
0.156922
0.156843
0.150925
0.153194
0.174564
0.183408
0.017
0.137431
0.216958
0.138293
0.1275
0.178911
0.198
0.106893
0.159261
0.1395
0.1745
0.159
0.14036
0.195402
0.009
0.207896
0.1755
0.105
0.017991
0.0164918
0.152424
0.156
0.15327
0.156922
0.165669
0.193
0.1775
0.168
0.1385
0.2195
0.00849575
0.16983
0.0155
0.003996
0.201899
0.1525
0.1525
0.144428
0.0185
0.182
0.0828757
0.15611
0.175237
0.118941
0.154768
0.069965
0.182
0.143428
0.15976
0.147426
0.193806
0.185907
0.157
0.194
0.147705
0.142
0.216892
0.1325
0.174239
0.005997
0.161919
0.110445
0.168916
0.1365
0.0943585
0.157842
0.1855
0.1999
0.1725
0.1185
0.162837
0.157763
0.181138
0.120758
0.2009
0.093
0.13
0.135932
0.170415
0.162419
0.0135
0.14043
0.141429
0.014
0.156922
0.1415
0.139
0.1845
0.126374
0.163174
0.144428
0.142857
0.158762
0.165
0.1465
0.157921
0.155922
0.171
0.141
0.16675
0.158342
0.139
0.145854
0.158263
0.1475
0.147353
0.139
0.1715
0.0115
0.154923
0.144
0.029
0.00949525
0.144
0.1785
0.138931
0.1795
0.143928
0.135297
0.127936
0.131934
0.152272
0.15976
0.166251
0.15035
0.1325
0.081959
0.152272
0.172242
0.226387
0.00949051
0.152924
0.0314685
0.159
0.136863
0.155422
0.1855
0.13979
0.163
0.163
0.1505
0.1455
0.182909
0.138431
0.1815
0.156
0.109
0.011
0.1865
0.191
0.1395
0.174738
0.168831
0.154192
0.13943
0.1425
0.165669
0.141
0.0124813
0.0069965
0.14678
0.157921
0.081959
0.121379
0.1425
0.181228
0.14
0.153194
0.189715
0.18345
0.1645
0.157842
0.186314
0.01
0.1435
0.139
0.110889
0.137431
0.182726
0.144428
0.00849575
0.044955
0.122
0.0125
0.17941
0.172741
0.190714
0.173327
0.1735
0.141929
0.129935
0.14022
0.131
0.181319
0.1895
0.181319
0.176412
0.1225
0.11994
0.18
0.1405
0.2195
0.1575
0.182045
0.133433
0.189311
0.152272
0.010989
0.1475
0.104
0.00799201
0.167
0.184447
0.11944
0.17941
0.127872
0.167249
0.107
0.1775
0.017
0.165834
0.168916
0.106394
0.185721
0.156188
0.107
0.151848
0.136863
0.157
0.134
0.147852
0.00799201
0.148426
0.0205
0.1815
0.0235
0.014
0.1895
0.209395
0.114885
0.017
0.154845
0.141218
0.0139651
0.181909
0.017
0.175
0.187906
0.1565
0.171914
0.0505
0.169915
0.117
0.17973
0.141
0.181909
0.141
0.0295
0.154613
0.174326
0.1765
0.15035
0.2325
0.192904
0.1785
0.122439
0.1825
0.145709
0.190215
0.0449775
0.1215
0.1385
0.153769
0.1335
0.176148
0.0694653
0.149
0.0124813
0.197
0.1695
0.122
0.1715
0.0124938
0.0189621
0.207688
0.132602
0.149925
0.016
0.147
0.169415
0.18091
0.193806
0.155
0.153
0.118941
0.17941
0.1615
0.211894
0.1695
0.17982
0.214393
0.163
0.181
0.0089955
0.183816
0.1705
0.191712
0.2005
0.123814
0.0664004
0.168416
0.1495
0.2105
0.1475
0.197401
0.214893
0.134933
0.181319
0.157343
0.193903
0.168916
0.181138
0.101399
0.198801
0.165
0.0105
0.17941
0.192404
0.163
0.00748503
0.173739
0.1997
0.178055
0.174239
0.1615
0.127936
0.163836
0.0135
0.1875
0.107946
0.181138
0.162
0.2025
0.056
0.177
0.156843
0.182817
0.124438
0.016
0.1415
0.1895
0.190405
0.144928
0.173
0.172328
0.118
0.18041
0.184908
0.165669
0.106447
0.219
0.173413
0.18023
0.120758
0.192904
0.11944
0.150925
0.149276
0.192404
0.164
0.196902
0.005
0.0384423
0.17
0.1015
0.133367
0.143
0.173913
0.1935
0.199
0.201399
0.182817
0.2305
0.147
0.134933
0.132434
0.148851
0.13993
0.241
0.152196
0.014
0.153
0.162837
0.162756
0.183816
0.0399401
0.1865
0.168916
0.1725
0.162
0.0125
0.169915
0.178821
0.153194
0.122
0.14036
0.126
0.141858
0.17515
0.21
0.023
0.21989
0.183
0.14985
0.167333
0.21
0.203195
0.2009
0.153
0.129
0.195207
0.151
0.131303
0.1385
0.1485
0.185907
0.0394803
0.174413
0.164418
0.151924
0.15035
0.140859
0.00748503
0.176823
0.143784
0.165
0.14
0.149
0.149351
0.2005
0.1555
0.13
0.142929
0.147852
0.170659
0.1455
0.150425
0.1855
0.102398
0.171
0.17
0.215
0.1335
0.135932
0.186907
0.189715
0.0394803
0.1815
0.161919
0.140859
0.1315
0.168831
0.107
0.1685
0.137363
0.175412
0.17991
0.11994
0.146281
0.162837
0.145854
0.00949051
0.188312
0.00749251
0.1225
0.181319
0.13943
0.2235
0.1795
0.154613
0.192
0.159681
0.171414
0.116942
0.21008
0.0175
0.18014
0.1735
0.177323
0.188717
0.145854
0.1635
0.172242
0.173913
0.131934
0.164418
0.178411
0.170659
0.206793
0.198302
0.1655
0.167
0.157921
0.155345
0.202595
0.136932
0.157264
0.153423
0.175325
0.176148
0.1405
0.01
0.1835
0.00849575
0.166417
0.153
0.168
0.172328
0.14414
0.136863
0.168332
0.117
0.13037
0.017991
0.0124875
0.14
0.01999
0.1485
0.147426
0.15992
0.193903
0.144783
0.181319
0.0804598
0.138431
0.127872
0.00698952
0.149925
0.1435
0.106447
0.171914
0.0804598
0.188717
0.159
0.0805
0.207896
0.143784
0.201399
0.0364818
0.108
0.093953
0.1435
0.136
0.181909
0.207688
0.163337
0.1685
0.150925
0.172
0.135432
0.209
0.1545
0.195
0.176412
0.191
0.125375
0.2305
0.003996
0.13943
0.145927
0.0065
0.102398
0.173913
0.1515
0.181909
0.212288
0.133933
0.15984
0.216892
0.150925
0.2004
0.011
0.0124938
0.185315
0.1815
0.0345
0.1815
0.1695
0.154346
0.157
0.206793
0.18
0.171414
0.0994006
0.187812
0.12044
0.14
0.0804598
0.1545
0.134232
0.18041
0.0524214
0.173653
0.201
0.1125
0.170829
0.167416
0.106947
0.174239
0.191404
0.005
0.188811
0.18672
0.2009
0.129
0.00948577
0.18091
0.147426
0.187313
0.044955
0.179
0.0545
0.185
0.184723
0.0089955
0.175912
0.02
0.194
0.15984
0.113443
0.17973
0.1295
0.22028
0.120259
0.169162
0.1995
0.131369
0.162
0.16092
0.1785
0.187313
0.192404
0.194
0.0175
0.141858
0.110334
0.1765
0.1555
0.241
0.10634
0.194403
0.162756
0.1875
0.147
0.1595
0.153423
0.0124875
0.188906
0.168332
0.154691
0.154923
0.189311
0.0935
0.11994
0.191
0.1335
0.0314214
0.00748503
0.182136
0.193
0.0698952
0.015
0.0922693
0.0345
0.1635
0.1675
0.197401
0.174
0.174913
0.172741
0.02
0.146
0.138293
0.15327
0.175237
0.1915
0.143
0.154
0.1355
0.157421
0.149276
0.174239
0.0889555
0.189216
0.161919
0.178411
0.204795
0.2004
0.154
0.0035
0.1385
0.131369
0.188312
0.146354
0.0314214
0.1695
0.151924
0.138
0.164918
0.1855
0.161838
0.144
0.168831
0.141929
0.159341
0.1795
0.127936
0.178411
0.217391
0.139
0.170915
0.00998502
0.117941
0.1505
0.201396
0.169
0.135
0.166
0.187406
0.2175
0.176823
0.1645
0.152424
0.178821
0.188406
0.00698952
0.0394803
0.207896
0.1385
0.171
0.155345
0.172741
0.162
0.105447
0.198801
0.173
0.1635
0.136432
0.147426
0.148926
0.181
0.0189715
0.159681
0.154346
0.117324
0.145709
0.003996
0.183633
0.110334
0.011
0.122439
0.159
0.0205
0.156
0.156
0.0135
0.179231
0.157421
0.201396
0.159182
0.027
0.167249
0.1515
0.155267
0.1935
0.128936
0.0978044
0.182
0.146281
0.182817
0.1795
0.1675
0.209975
0.0374625
0.0864568
0.1715
0.154269
0.175325
0.17982
0.18023
0.0324675
0.154923
0.164918
0.189216
0.1545
0.174413
0.166417
0.197
0.2325
0.163836
0.1825
0.173913
0.0165
0.225887
0.167416
0.011988
0.133433
0.127872
0.183633
0.174825
0.158342
0.1725
0.160839
0.158762
0.1725
0.014
0.157
0.162
0.177
0.095952
0.1545
0.175912
0.190405
0.0349825
0.168
0.196206
0.0889555
0.156188
0.1635
0.1865
0.175062
0.183225
0.149351
0.0975
0.0954046
0.0135
0.194403
0.156922
0.144855
0.145
0.190405
0.1855
0.0065
0.160759
0.182045
0.1005
0.160839
0.0174913
0.143
0.146281
0.1675
0.182227
0.110445
0.174
0.0374625
0.182909
0.178911
0.167
0.119
0.206088
0.14678
0.181909
0.167416
0.1725
0.171914
0.144783
0.2009
0.111389
0.00649026
0.15035
0.187
0.0124813
0.130869
0.1795
0.154
0.213786
0.144212
0.192212
0.187812
0.195207
0.127936
0.1285
0.0045
0.147426
0.031
0.1965
0.133
0.201899
0.102398
0.162837
0.175
0.1685
0.157606
0.146281
0.0324838
0.005
0.118941
0.170415
0.190905
0.1715
0.1335
0.1585
0.033983
0.178911
0.1725
0.0124813
0.131
0.1235
0.149925
0.157606
0.144855
0.186907
0.182045
0.124314
0.207896
0.127936
0.115826
0.0315
0.137363
0.154768
0.014
0.154269
0.188906
0.0789605
0.151424
0.033983
0.124
0.107946
0.128936
0.0124938
0.2
0.015
0.1345
0.0804598
0.192212
0.155345
0.14
0.188312
0.1725
0.077961
0.1815
0.136432
0.165834
0.135432
0.144
0.0175
0.198401
0.137431
0.029
0.1555
0.158921
0.146927
0.107
0.034
0.1515
0.116942
0.181727
0.1315
0.129805
0.201399
0.163
0.101449
0.138431
0.1185
0.16092
0.174
0.123814
0.153423
0.176912
0.1605
0.163
0.175062
0.106447
0.163
0.006
0.011
0.171243
0.147426
0.156922
0.174825
0.203398
0.17973
0.17941
0.173913
0.173
0.1485
0.16983
0.1575
0.015992
0.135864
0.16
0.184908
0.175649
0.160759
0.181727
0.156344
0.176823
0.140859
0.16018
0.147705
0.182
0.175325
0.1615
0.175649
0.1825
0.134933
0.00897756
0.173413
0.171329
0.154613
0.122439
0.120879
0.0978044
0.146427
0.0214893
0.16018
0.171914
0.138792
0.145854
0.178911
0.01
0.143
0.147
0.1495
0.174
0.101449
0.1215
0.015992
0.157
0.157421
0.137363
0.126
0.1515
0.209
0.190905
0.006
0.0129676
0.157
0.1875
0.149351
0.138431
0.156344
0.1685
0.169331
0.18
0.0104895
0.022
0.201798
0.189
0.1855
0.152924
0.1635
0.150425
0.0235
0.105
0.149
0.163
0.166
0.108337
0.1605
0.0114943
0.105947
0.157842
0.188811
0.155267
0.192
0.186907
0.106893
