0.294853
0.2765
0.2575
0.2755
0.2475
0.32084
0.290355
0.322
0.261
0.296
0.00598802
0.262
0.00499002
0.309345
0.2825
0.289066
0.245132
0.241
0.255372
0.270095
0.3155
0.2985
0.306
0.303
0.252747
0.248252
0.231768
0.248876
0.2365
0.277
0.301199
0.256
0.264368
0.242757
0.264603
0.258
0.2555
0.2555
0.282859
0.265867
0.250875
0.2465
0.252
0.2695
0.293207
0.00649675
0.307846
0.290355
0.234383
0.28022
0.236
0.28022
0.245632
0.2425
0.256743
0.152
0.228
0.25937
0.297203
0.2475
0.287356
0.2555
0.209395
0.2205
0.263237
0.248876
0.2115
0.183225
0.290918
0.227772
0.232
0.246877
0.275948
0.2385
0.308038
0.255372
0.2645
0.283
0.2365
0.234149
0.013
0.270865
0.301349
0.294
0.265602
0.295
0.237
0.2445
0.267233
0.239
0.2505
0.236146
0.302047
0.289211
0.235529
0.228386
0.228386
0.245
0.264368
0.27986
0.303197
0.259611
0.214286
0.24
0.25937
0.2825
0.25937
0.228
0.259
0.292561
0.235382
0.243
0.243378
0.283575
0.269461
0.239641
0.305694
0.209395
0.2285
0.256872
0.251374
0.2565
0.311189
0.262869
0.2165
0.2465
0.270865
0.243635
0.277361
0.290355
0.269
0.232767
0.274314
0.248252
0.274588
0.268463
0.245
0.203
0.277361
0.213
0.25312
0.2815
0.1997
0.302697
0.2505
0.269596
0.254373
0.243756
0.254873
0.30085
0.261369
0.256
0.278861
0.2845
0.207189
0.306
0.281359
0.243878
0.22028
0.247876
0.243756
0.248252
0.288856
0.2765
0.223888
0.258371
0.280938
0.311189
0.011477
0.245255
0.2665
0.302849
0.2385
0.260609
0.265867
0.248751
0.236382
0.2835
0.282359
0.2875
0.240778
0.302047
0.24663
0.309
0.3065
0.2775
0.267366
0.244378
0.250875
0.250875
0.271364
0.25
0.2535
0.266
0.2995
0.249
0.248876
0.255988
0.302349
0.243378
0.2965
0.233267
0.267732
0.25
0.290355
0.275362
0.274725
0.252374
0.2755
0.29021
0.2735
0.265
0.242
0.251
0.2845
0.264
0.235382
0.274725
0.285928
0.286
0.275362
0.252747
0.293207
0.243756
0.261369
0.255872
0.285
0.269
0.2455
0.251374
0.252621
0.288212
0.258612
0.286214
0.011
0.2625
0.275724
0.265
0.346154
0.27023
0.306
0.239641
0.230885
0.225387
0.257871
0.296906
0.274725
0.256116
0.257
0.286
0.236382
0.236
0.243257
0.309345
0.275362
0.288356
0.263868
0.254373
0.2865
0.270095
0.185814
0.2195
0.301
0.225887
0.25
0.3025
0.267866
0.3065
0.3035
0.242
0.278
0.268
0.2855
0.0114943
0.1855
0.2465
0.275362
0.253
0.240639
0.296703
0.222
0.217891
0.274725
0.262869
0.287924
0.235
0.301
0.0135
0.316
0.268
0.2845
0.2165
0.262
0.280938
0.257871
0.283716
0.237881
0.311222
0.227
0.265367
0.222666
0.236264
0.287069
0.27023
0.299
0.30085
0.288711
0.253873
0.2675
0.276723
0.195207
0.24
0.192
0.174651
0.266234
0.25987
0.259
0.260609
0.2715
0.242
0.221889
0.253373
0.2695
0.298
0.246377
0.257742
0.242
0.249875
0.2305
0.245
0.2485
0.244878
0.2465
0.2845
0.259611
0.214179
0.242379
0.284358
0.230654
0.2755
0.282359
0.267366
0.301199
0.251123
0.26
0.266733
0.30085
0.248876
0.225887
0.239
0.23
0.251
0.288212
0.2345
0.244012
0.287069
0.251374
0.233267
0.274725
0.2535
0.2765
0.262475
0.298351
0.27
0.2625
0.2445
0.310723
0.255372
0.276585
0.0075
0.273453
0.263868
0.254873
0.285857
0.2295
0.24014
0.2895
0.005
0.2725
0.297054
0.254
0.302849
0.262
0.2235
0.255872
0.232
0.272864
0.264236
0.2515
0.250875
0.218672
0.243
0.294558
0.251
0.264868
0.2685
0.256743
0.268366
0.2695
0.294
0.271728
0.286357
0.221279
0.250125
0.0145
0.2835
0.281219
0.263237
0.231384
0.282
0.228386
0.269365
0.1855
0.256872
0.2875
0.303848
0.216783
0.264
0.248252
0.238881
0.245377
0.256372
0.295
0.251374
0.221
0.193
0.2415
0.314
0.245255
0.245754
0.007996
0.262369
0.251748
0.2855
0.267332
0.214286
0.0145
0.2895
0.28086
0.262238
0.277223
0.2695
0.013
0.2765
0.2385
0.297203
0.2755
0.236
0.277361
0.228
0.302697
0.2375
0.263368
0.25937
0.235
0.214
0.228386
0.267732
0.251623
0.24088
0.2775
0.25974
0.256872
0.250749
0.279
0.2555
0.279441
0.237381
0.250875
0.2745
0.259611
0.0115
0.275862
0.2845
0.213393
0.298053
0.251748
0.223
0.282717
0.284358
0.206397
0.229385
0.235
0.256743
0.248
0.294
0.278
0.289211
0.242258
0.015
0.263237
0.239401
0.2215
0.255
0.268866
0.298351
0.256872
0.254246
0.268098
0.00899101
0.2805
0.272
0.330335
0.2665
0.2765
0.236146
0.253873
0.248876
0.228386
0.272864
0.253873
0.272864
0.0055
0.274
0.223
0.2555
0.288567
0.256487
0.242757
0.249875
0.250624
0.246377
0.272864
0.293853
0.267366
0.248376
0.217891
0.210684
0.0114885
0.192
0.26973
0.277861
0.249875
0.286214
0.282717
0.242273
0.228386
0.276
0.2235
0.258
0.188906
0.263237
0.245
0.239401
0.27986
0.282934
0.306847
0.2865
0.269365
0.262238
0.281078
0.286357
0.233766
0.286357
0.2465
0.1955
0.269
0.254
0.2455
0.22
0.2845
0.2325
0.207396
0.253373
0.275862
0.306
0.251874
0.218391
0.2765
0.2305
0.256743
0.256244
0.217174
0.261
0.254745
0.2585
0.254873
0.23365
0.272364
0.256872
0.243378
0.2795
0.2155
0.243378
0.253746
0.257
0.309345
0.284715
0.0085
0.292354
0.2515
0.2415
0.2565
0.329835
0.284358
0.292
0.2435
0.269461
0.2465
0.285072
0.285
0.264
0.237881
0.248876
0.23365
0.232152
0.2485
0.236882
0.238761
0.243635
0.229271
0.281578
0.2755
0.286214
0.264
0.2455
0.186407
0.263237
0.255
0.228
0.272864
0.257871
0.2785
0.297054
0.292
0.303848
0.2575
0.3035
0.297351
0.277805
0.266867
0.2855
0.259241
0.251374
0.278
0.288356
0.265367
0.25987
0.2755
0.272364
0.2505
0.266367
0.302546
0.2695
0.1815
0.243378
0.302697
0.265
0.250749
0.281219
0.290709
0.224052
0.300699
0.268463
0.303393
0.229385
0.29
0.2785
0.243378
0.295557
0.261369
0.2555
0.295557
0.291354
0.2355
0.261869
0.292707
0.292208
0.2755
0.236146
0.247752
0.298701
0.277
0.274226
0.256116
0.2165
0.232
0.202298
0.270365
0.22977
0.3025
0.265235
0.2655
0.261
0.259
0.289855
0.272
0.268098
0.2825
0.28
0.272
0.2565
0.297203
0.253
0.275724
0.26
0.235
0.2205
0.2565
0.2795
0.286857
0.285
0.245754
0.2595
0.254
0.270459
0.244378
0.245
0.258
0.00349127
0.27023
0.264868
0.254873
0.2335
0.259611
0.2795
0.310723
0.246377
0.239
0.2415
0.1997
0.193307
0.257871
0.267866
0.2845
0.28036
0.2495
0.29491
0.27986
0.248252
0.2295
0.3045
0.2995
0.266867
0.241018
0.2625
0.281078
0.247876
0.256743
0.236
0.256
0.272
0.290709
0.2375
0.250875
0.303848
0.2775
0.269365
0.259241
0.254873
0.246877
0.2625
0.30085
0.258
0.3045
0.285072
0.265867
0.293207
0.214179
0.244
0.254
0.243756
0.243257
0.268463
0.273726
0.272864
0.292
0.283217
0.237263
0.263368
0.249251
0.236
0.2445
0.24975
0.218391
0.243
0.2505
0.281
0.253373
0.269365
0.284715
0.245
0.238262
0.292354
0.244878
0.28008
0.26037
0.301349
0.243878
0.241379
0.253992
0.243756
0.296
0.242
0.23938
0.3025
0.306886
0.262475
0.2915
0.258
0.288423
0.2335
0.243378
0.2985
0.236527
0.264735
0.277361
0.243878
0.274226
0.24
0.283075
0.275225
0.254873
0.2785
0.275862
0.258
0.012987
0.216176
0.00698952
0.302697
0.222666
0.292354
0.310845
0.285215
0.262238
0.269
0.27
0.2515
0.2265
0.2795
0.245377
0.234149
0.2555
0.307846
0.242757
0.260609
0.28022
0.2435
0.274725
0.291209
0.228386
0.225
0.27936
0.258
0.284715
0.3025
0.265
0.261869
0.285
0.297851
0.255117
0.272319
0.242757
0.284358
0.250875
0.249626
0.2585
0.1815
0.2825
0.263605
0.276362
0.245
0.286357
0.286713
0.255
0.2765
0.256
0.3045
0.247876
0.2535
0.257871
0.224888
0.242258
0.231269
0.272319
0.269
0.283075
0.2855
0.272
0.2955
0.288356
0.286713
0.248
0.272864
0.294558
0.271593
0.2665
0.228386
0.24
0.24663
0.272
0.29021
0.2565
0.214
0.245877
0.231384
0.292354
0.236264
0.28971
0.2825
0.286713
0.256743
0.22666
0.274226
0.284573
0.289066
0.258871
0.004
0.244
0.282
0.006
0.214
0.231768
0.2115
0.290065
0.2785
0.241379
0.235
0.283716
0.264735
0.209395
0.235529
0.287
0.2798
0.284715
0.2575
0.2695
0.253873
0.267366
0.265867
0.293
0.2405
0.2795
0.311033
0.261369
0.270095
0.2855
0.238262
0.236146
0.22039
0.25937
0.294206
0.253873
0.246377
0.235
0.234149
0.263237
0.306886
0.2595
0.2465
0.0214785
0.2545
0.314528
0.228
0.217174
0.2795
0.311033
0.289355
0.273453
0.3155
0.266367
0.298351
0.274363
0.272
0.245754
0.30085
0.312687
0.256743
0.31487
0.281078
0.232384
0.3002
0.255372
0.283716
0.279
0.22666
0.186221
0.30969
0.2665
0.0169915
0.00399401
0.22089
0.277
0.284074
0.283075
0.282859
0.23
0.267732
0.01
0.2995
0.281718
0.307577
0.2798
0.249875
0.261369
0.2595
0.0049975
0.271322
0.00399401
0.271864
0.266367
0.271864
0.256
0.266234
0.23
0.255245
0.276
0.2675
0.302849
0.277861
0.283075
0.2695
0.217891
0.261
0.234383
0.2505
0.251748
0.235382
0.262369
0.004
0.254873
0.221667
0.307846
0.287
0.29
0.283575
0.268463
0.245
0.243756
0.237525
0.284358
0.287356
0.265367
0.254119
0.242
0.261
0.301349
0.2715
0.263736
0.0055
0.304044
0.246377
0.214179
0.254
0.2505
0.2385
0.284715
0.2285
0.275862
0.245377
0.266367
0.235529
0.268731
0.259
0.256615
0.251874
0.186221
0.229385
0.269365
0.2485
0.262369
0.2775
0.272
0.243
0.185
0.275225
0.231
0.284858
0.274363
0.276862
0.222056
0.266
0.249875
0.2805
0.281
0.238381
0.2955
0.254873
0.301097
0.277
0.268
0.2855
0.252874
0.272864
0.32084
0.252747
0.2695
0.281219
0.275
0.2805
0.286214
0.260739
0.256615
0.242757
0.265
0.251123
0.306886
0.210895
0.281437
0.248
0.214893
0.2465
0.2955
0.302349
0.221
0.28
0.272864
0.255245
0.255117
0.249875
0.277361
0.281718
0.234
0.2405
0.2305
0.276585
0.258242
0.229385
0.272864
0.3205
0.284715
0.257871
0.2425
0.279
0.236527
0.266234
0.229385
0.286357
0.2465
0.224164
0.2555
0.272364
0.251748
0.2465
0.265102
0.2685
0.185814
0.277361
0.251748
0.301097
0.2995
0.216675
0.256872
0.269596
0.2775
0.234
0.281437
0.26
0.2855
0.238262
0.268731
0.303197
0.214
0.2685
0.236527
0.232152
0.230654
0.2465
0.2585
0.305694
0.249626
0.276
0.266733
0.244878
0.225387
0.299
0.243378
0.235
0.298701
0.278
0.2003
0.270095
0.270865
0.247129
0.2555
0.272
0.254745
0.2295
0.287
0.0214785
0.183225
0.269365
0.284216
0.27972
0.256
0.2295
0.265235
0.247752
0.236882
0.243378
0.272455
0.23
0.303848
0.295352
0.271864
0.274
0.2735
0.260739
0.2325
0.302198
0.276862
0.255872
0.213
0.2565
0.295852
0.279441
0.250375
0.250875
0.2485
0.2695
0.231384
0.272364
0.254873
0.28022
0.237381
0.264
0.253746
0.276224
0.01
0.288856
0.259241
0.00898652
0.267332
0.24975
0.273
0.257
0.258871
0.268
0.262369
0.2225
0.25
0.241018
0.264868
0.274725
0.283716
0.271229
0.272
0.2655
0.254
0.011
0.295852
0.24
0.2745
0.224388
0.3045
0.245
0.298701
0.228886
0.269
0.246507
0.270459
0.246377
0.0035
0.246877
0.243257
0.295908
0.2895
0.285714
0.310723
0.263
0.256
0.257
0.246131
0.265602
0.275
0.333833
0.25974
0.226387
0.25974
0.261239
0.26087
0.00399401
0.276862
0.224276
0.3045
0.2455
0.228886
0.28036
0.262869
0.302697
0.2165
0.267732
0.274363
0.267732
0.25974
0.243
0.258242
0.253873
0.285429
0.248876
0.267866
0.011
0.241
0.248876
0.0165
0.262238
0.314
0.228386
0.206
0.265
0.272864
0.22089
0.231384
0.248252
0.285714
0.236264
0.236882
0.277361
0.238761
0.235382
0.202298
0.225774
0.2465
0.306847
0.284074
0.256872
0.277361
0.259
0.282576
0.1815
0.251374
0.23
0.231884
0.2445
0.257871
0.264868
0.2695
0.314343
0.203
0.265235
0.256
0.251874
0.276
0.2625
0.2445
0.2365
0.278582
0.296352
0.282
0.234383
0.287924
0.2485
0.238143
0.28022
0.250749
0.282435
0.293207
0.257871
0.260609
0.2115
0.265
0.235529
0.2735
0.270365
0.269365
0.22666
0.2515
0.259
0.25937
0.255617
0.174651
0.0135
0.2405
0.239261
0.265235
0.229385
0.216783
0.2305
0.0049975
0.258371
0.248376
0.2595
0.24
0.245377
0.289211
0.294558
0.0114828
0.275362
0.2785
0.312531
0.279
0.237381
0.229
0.2775
0.2575
0.256
0.277
0.263237
0.237881
0.1955
0.281219
0.236146
0.242
0.296703
0.296204
0.241758
0.271229
0.2795
0.298701
0.2635
0.253746
0.263736
0.286857
0.223888
0.249
0.28022
0.241879
0.2455
0.235147
0.25937
0.2485
0.297054
0.2685
0.272864
0.237263
0.256372
0.0055
0.248252
0.288356
0.285429
0.26087
0.256872
0.2815
0.281078
0.2665
0.269596
0.241879
0.275948
0.1875
0.2785
0.223
0.293706
0.272364
0.211394
0.249002
0.248376
0.275724
0.256743
0.262238
0.2645
0.233
0.262369
0.282
0.235
0.248751
0.314343
0.272864
0.2385
0.2555
0.261369
0.27972
0.293
0.28022
0.251748
0.247
0.261369
0.298
0.2845
0.317341
0.236527
0.264236
0.26
0.267866
0.213
0.272455
0.271864
0.258
0.265235
0.294853
0.253746
0.242379
0.2965
0.27986
0.293853
0.0055
0.2405
0.242757
0.244378
0.284216
0.291354
0.312687
0.285
0.284148
0.285714
0.314528
0.2115
0.247006
0.269231
0.282859
0.2995
0.254
0.248252
0.236146
0.277223
0.2295
0.21989
0.270365
0.281936
0.311033
0.230385
0.213
0.28086
0.265602
0.229385
0.286214
0.289066
0.291354
0.285429
0.275362
0.290355
0.295908
0.255117
0.277361
0.274226
0.253873
0.0035
0.288856
0.2325
0.228386
0.23315
0.2775
0.278
0.321
0.232384
0.262
0.264236
0.248876
0.278582
0.2685
0.268828
0.274226
0.230385
0.2745
0.232152
0.2795
0.2435
0.245509
0.207189
0.266
0.236146
0.249
0.2415
0.2995
0.251123
0.228386
0.302849
0.287282
0.2415
0.2625
0.287213
0.297351
0.19031
0.288356
0.268
0.235
0.261
0.27986
0.316342
0.2515
0.2265
0.2855
0.228886
0.277
0.25974
0.0049975
0.013
0.211394
0.243878
0.022977
0.271364
0.307346
0.233883
0.239
0.262238
0.224164
0.239261
0.3035
0.2455
0.3005
0.2875
0.258741
0.223
0.272
0.2725
0.270865
0.303
0.1815
0.2765
0.2985
0.249875
0.257871
0.2275
0.29
0.25987
0.2385
0.29
0.3045
0.26087
0.288856
0.3195
0.3065
0.277
0.281219
0.249626
0.267233
0.272
0.296352
0.1935
0.277223
0.267
0.268731
0.243378
0.2365
0.239261
0.27
0.262869
0.252495
0.228
0.011477
0.26973
0.26
0.293207
0.278
0.229271
0.26037
0.248376
0.268962
0.277361
0.292354
0.273726
0.253746
0.276362
0.231384
0.249875
0.269365
0.226274
0.263605
0.264735
0.27986
0.236
0.254873
0.2275
0.256372
0.276362
0.276
0.250749
0.265602
0.296
0.222
0.2775
0.2725
0.282717
0.2115
0.2805
0.3035
0.301
0.244878
0.291354
0.252868
0.261608
0.261
0.237381
0.282934
0.25
0.2295
0.262
0.2405
0.266733
0.2785
0.258
0.2445
0.25937
0.2895
0.264
0.2695
0.254
0.2735
0.2575
0.233
0.00698952
0.272364
0.271728
0.301349
0.232535
0.2685
0.272
0.263237
0.269
0.273726
0.235882
0.268731
0.254
0.169915
0.2445
0.265867
0.221389
0.257742
0.2545
0.254246
0.221389
0.2835
0.274863
0.26
0.231653
0.011982
0.254373
0.288356
0.307346
0.2625
0.224388
0.231038
0.258871
0.254
0.253746
0.307346
0.3002
0.264735
0.022977
0.24014
0.269
0.274863
0.289277
0.243378
0.230885
0.246377
0.285857
0.248
0.27986
0.2955
0.284573
0.216176
0.272364
0.28086
0.266234
0.262
0.245377
0.247876
0.255245
0.287069
0.3025
0.25
0.296352
0.24663
0.214
0.2465
0.281078
0.222889
0.256372
0.258871
0.2715
0.232152
0.243
0.329835
0.269
0.242
0.284148
0.322
0.267233
0.249875
0.3045
0.290274
0.255245
0.254745
0.27986
0.24
0.289355
0.250125
0.2645
0.298
0.247
0.286
0.25937
0.270865
0.223
0.265602
0.303848
0.281859
0.258371
0.259241
0.262869
0.306
0.2195
0.2665
0.238881
0.2375
0.265235
0.253746
0.2525
0.2555
0.253873
0.277361
0.259
0.235
0.264
0.29
0.221389
0.275449
0.2705
0.286357
0.251374
0.276
0.272864
0.321
0.281578
0.293853
0.253
0.238881
0.239261
0.3205
0.228
0.2665
0.245
0.228386
0.271229
0.3065
0.262107
0.2655
0.235382
0.00349127
0.272
0.269596
0.282
0.268366
0.262869
0.281936
0.17991
0.297904
0.264104
0.2465
0.244
0.297851
0.28036
0.2765
0.28971
0.232
0.274314
0.279441
0.26
0.229
0.258871
0.2695
0.2505
0.282435
0.2235
0.266367
0.277805
0.242379
0.306
0.253873
0.261369
0.191
0.2115
0.255372
0.303848
0.2885
0.290355
0.257871
0.292208
0.25
0.3035
0.248252
0.2997
0.271864
0.314343
0.275225
0.169915
0.252747
0.30035
0.258371
0.257
0.25998
0.218
0.2365
0.277361
0.272
0.232152
0.276
0.269231
0.262869
0.269231
0.251374
0.258871
0.252868
0.245377
0.246
0.2885
0.230385
0.272
0.215676
0.224052
0.203
0.00898652
0.207585
0.272
0.258871
0.258871
0.213
0.271364
0.2145
0.277361
0.255
0.283716
0.274226
0.285
0.285
0.269
0.2465
0.225887
0.209895
0.273363
0.247876
0.287569
0.267732
0.306847
0.276862
0.281
0.231768
0.256116
0.244755
0.221
0.245377
0.240778
0.290355
0.286857
0.306847
0.256743
0.269327
0.2695
0.278582
0.250875
0.0049975
0.244511
0.263368
0.006
0.277084
0.278
0.289211
0.261
0.229271
0.25987
0.278361
0.247
0.251374
0.279
0.2245
0.286214
0.235382
0.263368
0.2295
0.263368
0.307346
0.268366
0.236882
0.310845
0.2585
0.261608
0.0129935
0.223888
0.2745
0.272364
0.292561
0.282
0.225387
0.239261
0.203
0.26011
0.2615
0.291209
0.247
0.250875
0.282717
0.236
0.293207
0.245
0.2565
0.264735
0.314
0.236264
0.258871
0.2595
0.2635
0.263736
0.2335
0.248876
0.269365
0.287069
0.252874
0.28022
0.295
0.309
0.2595
0.29021
0.246131
0.0134933
0.255744
0.2815
0.254373
0.282218
0.2375
0.2785
