0.2035
0.243878
0.202696
0.2145
0.2535
0.234765
0.184132
0.2785
0.1995
0.258741
0.253373
0.290855
0.214393
0.254873
0.2305
0.2725
0.244
0.2445
0.237
0.24975
0.189216
0.226274
0.285
0.238262
0.174413
0.243878
0.1505
0.203
0.168916
0.199
0.21318
0.258612
0.186407
0.00649675
0.230654
0.219171
0.263736
0.263605
0.224276
0.2235
0.23
0.01
0.211894
0.203398
0.231884
0.202899
0.266367
0.221389
0.252
0.217
0.215285
0.211788
0.227
0.214286
0.0145
0.2265
0.0095
0.2105
0.22
0.253373
0.222889
0.2255
0.208188
0.211577
0.0085
0.2375
0.151924
0.235
0.21318
0.173413
0.2145
0.005997
0.28086
0.25
0.234883
0.271
0.260219
0.17941
0.203593
0.252
0.2095
0.257984
0.188
0.195305
0.2785
0.0109945
0.00949051
0.2115
0.007
0.231153
0.270594
0.189216
0.247
0.219
0.206294
0.199102
0.235147
0.2365
0.187906
0.238
0.2235
0.207
0.21978
0.218282
0.251874
0.2025
0.233267
0.207293
0.224
0.187406
0.222666
0.207293
0.209
0.178
0.23
0.2575
0.231269
0.2798
0.011
0.251748
0.253373
0.2004
0.207293
0.236763
0.253746
0.221667
0.255872
0.161
0.203
0.229
0.228
0.193
0.2375
0.2415
0.176912
0.195305
0.226161
0.018981
0.25312
0.187406
0.233383
0.217391
0.268866
0.2095
0.186407
0.217391
0.2345
0.2305
0.258371
0.258113
0.216
0.2505
0.244378
0.2115
0.207293
0.251
0.213786
0.208
0.2495
0.219
0.231269
0.22089
0.221
0.246753
0.243878
0.236645
0.2105
0.238143
0.255489
0.215285
0.248876
0.1655
0.247752
0.253373
0.2155
0.198901
0.19
0.245
0.232884
0.229385
0.260219
0.286857
0.263605
0.203593
0.168831
0.2345
0.246377
0.189
0.227273
0.234383
0.206
0.218391
0.253247
0.21978
0.208
0.224276
0.203898
0.154923
0.194306
0.23976
0.2075
0.205192
0.176735
0.226161
0.262369
0.2245
0.209895
0.24088
0.236
0.190405
0.170415
0.2725
0.236382
0.225774
0.255
0.237881
0.2435
0.2035
0.216176
0.213393
0.219
0.2025
0.0069965
0.199
0.206983
0.234266
0.204092
0.232384
0.243257
0.0045
0.204194
0.213287
0.281936
0.277223
0.178411
0.218391
0.243878
0.2285
0.23027
0.173739
0.00599101
0.235
0.236
0.24088
0.232384
0.194805
0.1935
0.186407
0.17982
0.254
0.254373
0.22977
0.2665
0.2385
0.233883
0.2325
0.1965
0.244
0.2009
0.207293
0.233267
0.265867
0.24389
0.273
0.214893
0.244511
0.177822
0.214893
0.254873
0.207293
0.222389
0.2575
0.2395
0.257984
0.2325
0.24
0.2235
0.248376
0.204398
0.241397
0.251874
0.2385
0.222
0.211183
0.185407
0.243756
0.2535
0.237525
0.255872
0.202595
0.233883
0.251374
0.223
0.1975
0.220669
0.0124813
0.197703
0.2375
0.0185
0.207293
0.22028
0.0069965
0.238
0.204795
0.253373
0.266367
0.264236
0.2205
0.213287
0.227046
0.2135
0.276
0.244755
0.263868
0.197303
0.2495
0.024
0.1895
0.24014
0.210973
0.2465
0.2275
0.206
0.167916
0.273
0.201399
0.254745
0.0114943
0.2585
0.265
0.191
0.233267
0.23988
0.2275
0.211788
0.2695
0.233
0.245
0.234883
0.242636
0.21507
0.123315
0.204
0.222278
0.24038
0.235
0.241879
0.2465
0.1845
0.268366
0.214785
0.2445
0.223
0.211682
0.258612
0.184908
0.238
0.225549
0.236382
0.210789
0.00749251
0.2405
0.205897
0.251874
0.225774
0.213287
0.24014
0.146354
0.206793
0.255872
0.21978
0.2505
0.261239
0.189526
0.2425
0.204296
0.2635
0.254119
0.222167
0.262369
0.249375
0.248503
0.2005
0.177411
0.194903
0.277584
0.187406
0.15992
0.1505
0.239
0.01
0.241379
0.2335
0.251874
0.246377
0.221889
0.235882
0.2055
0.223776
0.2515
0.217
0.0089955
0.27359
0.252
0.222
0.208
0.18
0.236
0.2415
0.2445
0.236382
0.257
0.205691
0.223665
0.289355
0.232884
0.2385
0.218282
0.236
0.21
0.221889
0.182726
0.241379
0.177822
0.22006
0.253373
0.237
0.23
0.243756
0.22977
0.254373
0.269
0.00648703
0.216675
0.251
0.2009
0.211894
0.250125
0.221889
0.254
0.198302
0.264
0.178
0.231269
0.2385
0.225774
0.2235
0.2004
0.1565
0.232
0.2305
0.2655
0.0075
0.2385
0.2355
0.00748877
0.2105
0.214179
0.246
0.2395
0.255744
0.212681
0.248876
0.2605
0.258
0.2305
0.2785
0.284858
0.1994
0.2185
0.2265
0.222389
0.219
0.224663
0.238381
0.2395
0.23004
0.203398
0.189905
0.251623
0.167166
0.244378
0.222056
0.24038
0.1655
0.27
0.242379
0.241638
0.2305
0.268366
0.26037
0.203593
0.225
0.223277
0.1915
0.209685
0.251
0.23988
0.2635
0.2605
