0.093
0.1145
0.1055
0.145
0.1575
0.12
0.172414
0.116
0.115
0.146927
0.163
0.141
0.067
0.12038
0.123377
0.1485
0.149425
0.13024
0.111944
0.129371
0.100299
0.154923
0.0824588
0.186407
0.116384
0.011994
0.085
0.1505
0.1275
0.0164835
0.1195
0.1115
0.1355
0.1245
0.116
0.131737
0.106893
0.01999
0.0109945
0.130869
0.127
0.115442
0.162756
0.0479281
0.132668
0.0454319
0.156843
0.12
0.111944
0.1625
0.162419
0.0658683
0.131369
0.159341
0.161838
0.127
0.118822
0.0069965
0.0864568
0.164336
0.159341
0.0904548
0.0895
0.088
0.00598802
0.158
0.153923
0.139
0.100299
0.17982
0.115
0.156922
0.165
0.00699301
0.13024
0.1415
0.0795
0.1135
0.1385
0.147353
0.152924
0.135932
0.1155
0.0045
0.045977
0.115942
0.1325
0.115
0.081
0.107946
0.151924
0.152424
0.114386
0.1345
0.138931
0.0154845
0.1015
0.11944
0.175912
0.086
0.165917
0.11994
0.154346
0.1465
0.12
0.163918
0.148851
0.0554723
0.0783433
0.137
0.164418
0.1265
0.147852
0.087956
0.178322
0.1595
0.027986
0.109445
0.0938592
0.107946
0.172
0.161757
0.174825
0.173413
0.00948104
0.18005
0.148926
0.141929
0.135864
0.010989
0.162
0.129306
0.125437
0.0235
0.123752
0.1515
0.124688
0.0109945
0.118441
0.073963
0.128436
0.114
0.127872
0.0965
0.143856
0.00949525
0.143856
0.142358
0.0155
0.109336
0.149351
0.157
0.1505
0.081
0.135297
0.0104948
0.0705
0.135432
0.148777
0.128871
0.1195
0.136
0.136
0.0449775
0.0885
0.0595
0.0394803
0.167
0.14029
0.132
0.123
0.1495
0.0479042
0.0175
0.171414
0.1125
0.139222
0.157186
0.0664668
0.0744256
0.118
0.00499251
0.144356
0.0174913
0.145927
0.136863
0.145427
0.123
0.14
0.0495
0.1385
0.107
0.158
0.148851
0.0129741
0.111944
0.161919
0.15
0.148851
0.163918
0.1425
0.191404
0.116326
0.1695
0.1895
0.1365
0.0919081
0.101949
0.107946
0.1275
0.132
0.01999
0.0793809
0.162837
0.0379431
0.1525
0.022
0.135297
0.1004
0.0629685
0.009
0.00749625
0.114386
0.118441
0.14036
0.00948577
0.152424
0.101898
0.0724638
0.0989505
0.14
0.1535
0.1515
0.154269
0.1495
0.0885
0.102346
0.02
0.124251
0.0554446
0.03
0.136
0.0804598
0.142287
0.092
0.133
0.0965
0.0135
0.0994503
0.1175
0.1135
0.117324
0.166334
0.0629371
0.096
0.113943
0.115327
0.1495
0.0935
0.101
0.189621
0.1465
0.1515
0.0164918
0.129
0.124688
0.1595
0.0169745
0.118881
0.106947
0.154038
0.136
0.123377
0.121257
0.115385
0.0055
0.144284
0.00748877
0.158921
0.13943
0.0164835
0.1485
0.1145
0.124251
0.156922
0.155
0.14
0.12038
0.115327
0.173154
0.054
0.0415
0.1575
0.131369
0.1405
0.142
0.0109945
0.145427
0.141288
0.131
0.145927
0.162338
0.127
0.174
0.14
0.075962
0.0649026
0.098
0.1265
0.01
0.152924
0.143856
0.1535
0.155422
0.117764
0.15992
0.0065
0.147778
0.0164918
0.1355
0.198401
0.0449326
0.0164918
0.145282
0.185721
0.115442
0.1195
0.1685
0.0749625
0.132302
0.08
0.137862
0.143928
0.011994
0.0753869
0.138431
0.0184908
0.0774613
0.1575
0.146354
0.146
0.016
0.092
0.1425
0.125375
0.1435
0.0895
0.139721
0.134798
0.0703242
0.126374
0.1625
0.0824588
0.132434
0.148777
0.104448
0.124938
0.0904548
0.1315
0.0975
0.153423
0.132867
0.169415
0.120879
0.0089955
0.021989
0.172914
0.1345
0.146354
0.0189621
0.024975
0.15942
0.135365
0.147852
0.1215
0.1635
0.1255
0.1025
0.0665
0.011477
0.154269
0.0089955
0.156843
0.092
0.112388
0.145854
0.152424
0.1455
0.13024
0.004995
0.150849
0.135432
0.105447
0.162419
0.005
0.044
0.1225
0.17973
0.0529735
0.1275
0.109835
0.114943
0.0315
0.0924076
0.137431
0.1255
0.158184
0.0045
0.154423
0.133866
0.009995
0.012987
0.00699301
0.105947
0.15035
0.035964
0.015984
0.0925
0.1815
0.1575
0.136658
0.118941
0.132668
0.173
0.078
0.13943
0.0904096
0.125937
0.157
0.0885
0.131
0.1575
0.148851
0.154845
0.163
0.125
0.0999001
0.109391
0.066
0.152
0.009995
0.15
0.175912
0.0904096
0.009
0.145
0.1505
0.036963
0.0195
0.011994
0.1175
0.0599401
0.096
0.028
0.1425
0.0454773
0.00749625
0.123752
0.0925
0.0305
0.111944
0.153923
0.0365
0.136
0.107946
0.149351
0.1535
0.133433
0.1065
0.106947
0.155844
0.114943
0.159
0.115385
0.142216
0.128
0.09995
0.134798
0.143856
0.150275
0.0144566
0.126374
0.114943
0.0279441
0.006
0.15035
0.1335
0.138
0.116384
0.019
0.2015
0.0809191
0.0899101
0.166334
0.0354645
0.126374
0.125811
0.1285
0.1365
0.102449
0.135796
0.167416
0.0744628
0.128436
0.0214893
0.03
0.138431
0.125
0.138362
0.082
0.1645
0.152
0.178322
0.135932
0.0234883
0.1685
0.1565
0.12094
0.157
0.00649675
0.14521
0.1955
0.13993
0.1425
0.011477
0.022
0.146927
0.154269
0.0389027
0.018981
0.170415
0.173826
0.0658683
0.1315
0.114828
0.1505
0.0734633
0.127436
0.0949525
0.106947
0.137862
0.133367
0.128871
0.158184
0.123
0.104448
0.0065
0.00599101
0.1135
0.18981
0.00999001
0.126248
0.125312
0.0673989
0.066
0.16042
0.161
0.01
0.107
0.021967
0.155
0.0554723
0.118441
0.00798403
0.117265
0.132434
0.120879
0.1495
0.101348
0.151924
0.0195
0.115942
0.00649351
0.114943
0.0384808
0.00299551
0.109391
0.1815
0.0904096
0.021989
0.0149925
0.1205
0.09
0.123
0.130935
0.167748
0.0599401
0.0995
0.1465
0.1015
0.150275
0.1595
0.1135
0.1755
0.145927
0.0169915
0.0595
0.1125
0.0109945
0.0465
0.0165
0.1265
0.125
0.092
0.189621
0.174
0.165335
0.103397
0.0599401
0.0149925
0.158
0.0364635
0.152771
0.1505
0.0918622
0.178
0.148926
0.153423
0.1325
0.0464768
0.0389027
0.127
0.067
0.071964
0.1295
0.0434783
0.0723914
0.0155
0.0145
0.0774613
0.155422
0.0095
0.137931
0.158184
0.1615
0.0164835
0.118822
0.117441
0.1175
0.0155
0.0984508
0.011994
0.0405
0.1465
0.0673989
0.151424
0.123814
0.1085
0.138792
0.0075
0.024975
0.0095
0.117764
0.005
0.139222
0.170415
0.134
0.115942
0.0945
0.179231
0.1575
0.155922
0.139
0.132302
0.147852
0.0214893
0.164918
0.008
0.1415
0.0705
0.00948577
0.012987
0.0984508
0.156843
0.0104948
0.147778
0.023
0.162
0.0149925
0.16042
0.106447
0.108446
0.0479281
0.013
0.1004
0.1185
0.0269596
0.104343
0.110445
0.009
0.0907278
0.1275
0.129935
0.16026
0.143928
0.136
0.107
0.0065
0.143928
0.0828757
0.1485
0.036963
0.147778
0.129
0.152847
0.144
0.15992
0.01999
0.064
0.1375
0.178322
0.115442
0.011
0.121939
0.144
0.0129805
0.1525
0.0664668
0.111222
0.153423
0.00998502
0.14
0.156
0.102
0.131
0.096
0.101949
0.17973
0.1015
0.1445
0.088
0.102
0.0065
0.203398
0.0974513
0.129306
0.027972
0.135432
0.134366
0.1295
0.101898
0.0165
0.151
0.1815
0.1015
0.16026
0.123
0.163
0.163918
0.111222
0.144855
0.128372
0.105447
0.116
0.0204693
0.137862
0.012987
0.176412
0.171742
0.0069965
0.015984
0.1135
0.014
0.041
0.173
0.124
0.0445
0.0803794
0.137862
0.0595
0.196304
0.154346
0.01
0.0269596
0.132934
0.123
0.0309845
0.00849575
0.117941
0.129676
0.1465
0.0825
0.1885
0.139721
0.127808
0.093
0.00798802
0.10045
0.0204693
0.162
0.0234648
0.152771
0.115327
0.135365
0.135297
0.153
0.1335
0.112388
0.013
0.0954523
0.0124938
0.0439341
0.142929
0.10095
0.105447
0.101898
0.1655
0.1505
0.137
0.137294
0.166251
0.143428
0.1355
0.124438
0.184908
0.161339
0.0095
0.1455
0.1315
0.145427
0.193903
0.104343
0.042394
0.155
0.1345
0.0905
0.142929
0.016
0.15942
0.109336
0.019
0.127872
0.172414
0.128436
0.178322
0.125
0.121
0.1115
0.157421
0.108446
0.0359102
0.124938
0.138431
0.0135
0.107446
0.1295
0.0114828
0.141787
0.1315
0.1165
0.136932
0.0169745
0.0185
0.012
0.015976
0.1495
0.12032
0.132368
0.0964518
0.155844
0.1605
0.0165
0.0169745
0.1245
0.1315
0.076
0.015984
0.146
0.146354
0.109
0.19
0.0514743
0.0989505
0.114885
0.0359102
0.12
0.135432
0.1655
0.083
0.117383
0.134
0.10045
0.178322
0.142929
0.134865
0.116825
0.157842
0.123377
0.128372
0.0144783
0.0129935
0.0045
0.013
0.132
0.131
0.0938592
0.102346
0.1415
0.0144928
0.103
0.0294411
0.14043
0.1325
0.1615
0.1685
0.167082
0.144212
0.132934
0.0629685
0.1955
0.117324
0.102449
0.136932
0.01997
0.13037
0.164
0.150425
0.167916
0.1745
0.061969
0.163337
0.00449326
0.1355
0.105447
0.131934
0.129306
0.153
0.065
0.190809
0.1065
0.109445
0.147778
0.1325
0.153347
0.018
0.114828
0.145
0.1555
0.157421
0.1445
0.131369
0.0169915
0.159
0.019
0.085
0.124938
0.126374
0.124
0.136658
0.118441
0.027986
0.120819
0.0975
0.144356
0.0034965
0.0204591
0.165417
0.14521
0.0875
0.153
0.0384808
0.0723914
0.146927
0.0719281
0.156765
0.104
0.1355
0.158
0.121
0.1425
0.1375
0.146427
0.0724638
0.0065
0.138792
0.165
0.186627
0.1125
0.171914
0.0899101
0.131868
0.142
0.172827
0.146927
0.153923
0.0129935
0.131303
0.0669331
0.00599101
0.173327
0.018
0.1195
0.127936
0.142929
0.1385
0.0404595
0.154346
0.1375
0.078
0.130935
0.01
0.1405
0.022
0.141929
0.132434
0.10989
0.109945
0.1515
0.150425
0.111167
0.122439
0.110445
0.00998502
0.0354645
0.171742
0.157421
0.144
0.129306
0.102
0.0124875
0.128
0.0069965
0.138931
0.0899101
0.022
0.1405
0.1185
0.1795
0.106947
0.0629371
0.107446
0.0095
0.161
0.115442
0.0634366
0.0834166
0.1155
0.0515
0.151924
0.00649026
0.1555
0.107946
0.111944
0.0134865
0.011994
0.135
0.1215
0.154346
0.134299
0.128936
0.1655
0.159341
0.169331
0.1445
0.1235
0.09
0.008
0.169331
0.144855
0.0665
0.1195
0.1085
0.0675
0.1445
0.143428
0.1625
0.0234883
0.159
0.00749251
0.152771
0.1345
0.145282
0.1245
0.154423
0.0124813
0.15035
0.173413
0.0174913
0.175912
0.127436
0.0234648
0.095
0.158421
0.136863
0.0114943
0.154923
0.026
0.123377
0.165417
0.1125
0.0265
0.14043
0.171828
0.0189621
0.167748
0.121
0.143
0.147926
0.0124938
0.0134731
0.138
0.003996
0.09
0.01
0.130435
0.0904548
0.0155
0.1165
0.115
0.170245
0.1495
0.111444
0.0129741
0.179231
0.128
0.12032
0.149276
0.0894553
0.0105
0.0144783
0.0954523
0.122
0.134933
0.0129935
0.1315
0.14
0.144
0.111444
0.17982
0.148926
0.0274588
0.118441
0.08
0.010479
0.13
0.158421
0.167416
0.145927
0.0155
0.153347
0.103
0.14043
0.125811
0.153
0.118441
0.1475
0.0359102
0.153
0.177
0.116825
0.167416
0.143428
0.0434783
0.1165
0.161178
0.129435
0.186407
0.156
0.1195
0.127872
0.0749625
0.138431
0.145
0.118441
0.0899101
0.184723
0.1545
0.1055
0.123938
0.183816
0.17982
0.076
0.118441
0.125
0.0384808
0.105342
0.169331
0.1795
0.162419
0.1505
0.175736
0.00949525
0.127436
0.161339
0.0045
0.0149925
0.1725
0.15
0.0115
0.116326
0.146927
0.0494505
0.0204693
0.09
0.136863
0.027
0.165917
0.0439341
0.116
0.142
0.141717
0.1095
0.073963
0.13024
0.184
0.114943
0.124688
0.1325
0.1655
0.163
0.141787
0.1585
0.1415
0.0794603
0.192904
0.0544728
0.138931
0.166
0.128
0.0774613
0.103397
0.143
0.111222
0.123377
0.124938
0.12
0.0175
0.116267
0.123938
0.136932
0.099351
0.0904548
0.0434783
0.0235
0.0234531
0.0055
0.117441
0.123876
0.184
0.0294853
0.126248
0.138792
0.115
0.129
0.172914
0.1605
0.106786
0.13037
0.016
0.131
0.1245
0.131934
0.150425
0.0794603
0.165335
0.108
0.156843
0.00598802
0.105947
0.1685
0.12038
0.171828
0.126374
0.1575
0.095
0.0324838
0.156
0.0204693
0.013993
0.125312
0.011988
0.1215
0.132
0.126873
0.156266
0.0734633
0.14043
0.135432
0.142
0.0165
0.1335
0.1365
0.137
0.152847
0.01
0.121939
0.165917
0.1315
0.146354
0.0204795
0.0279441
0.159
0.0804598
0.141929
0.175736
0.133
0.113943
0.1515
0.0919081
0.109835
0.1175
0.116825
0.134731
0.00948577
0.153
0.145
0.161838
0.0315
0.08
0.0614386
0.0729271
0.093953
0.0999001
0.12094
0.173739
0.139721
0.142358
0.115
0.189621
0.159
0.167748
0.014985
0.126374
0.132668
0.012
0.121939
0.132
0.01
0.145854
0.00499002
0.0445
0.172
0.030969
0.154923
0.154768
0.0395
0.132302
0.107
0.107446
0.145427
0.127
0.1525
0.113443
0.0664668
0.112
0.12094
0.0045
0.138931
0.135432
0.0234883
0.0974513
0.146354
0.0104843
0.152424
0.149
0.1605
0.128436
0.1345
0.114
0.11
0.112388
0.0965
0.144428
0.138861
0.143928
0.00849575
0.0105
0.1125
0.148926
0.1245
0.00649026
0.009
0.132
0.1855
0.151349
0.1355
0.091
0.1805
0.168248
0.0465
0.159
0.009995
0.0985
0.102
0.130435
0.013
0.0165
0.156
0.146927
0.112388
0.156922
0.109336
0.170915
0.165335
0.134865
0.130935
0.1365
0.00849151
0.1085
0.0134798
0.011477
0.0744256
0.0095
0.155766
0.172
0.1375
0.123377
0.0725
0.143357
0.137931
0.154346
0.0905
0.088
0.154346
0.00749625
0.1345
0.141787
0.155
0.104948
0.013986
0.156
0.045
0.175
0.0899101
0.125312
0.105841
0.01
0.007
0.188312
0.024975
0.014
0.0415
0.01997
0.0204591
0.00649675
0.162338
0.1265
0.007
0.128
0.115884
0.122378
0.1655
0.135297
0.151924
0.111167
0.101
0.016
0.192
0.165335
0.118441
0.153423
0.036963
0.141
0.1375
0.0974513
0.101
0.1245
0.02
0.132434
0.131434
0.1999
0.172914
0.109391
0.125
0.111444
0.035
0.0175
0.144356
0.124938
0.161838
0.08
0.0104948
0.109945
0.0985
0.175824
0.0999001
0.1225
0.0865
0.126437
0.150925
0.075962
0.129
0.1325
0.122
0.1295
0.12
0.108
0.0854573
0.162837
0.0144783
0.107946
0.15035
0.1195
0.104448
0.124438
0.169246
0.0515
0.171414
0.0289855
0.018
0.122378
0.13943
0.18041
0.111277
0.118441
0.156266
0.145
0.045
0.13
0.0439341
0.146354
0.144212
0.1645
0.135864
0.1475
0.00499251
0.112388
0.014
0.012
0.017973
0.145927
0.0089955
0.1355
0.116442
0.0814593
0.115942
0.0075
0.016
0.129371
0.1265
0.118441
0.155922
0.138431
0.150849
0.00849575
0.0935
0.154768
0.0324838
0.111944
0.172414
0.0854573
0.136296
0.0969515
0.00949525
0.153347
0.125
0.1425
0.0189905
0.134
0.155422
0.112444
0.138931
0.156266
0.131868
0.15992
0.112
0.1225
0.0419162
0.103948
0.1325
0.0269865
0.153
0.1695
0.157421
0.145427
0.16675
0.1375
0.1375
0.15
0.165
0.152424
0.0803794
0.104
0.1645
0.171742
0.108
0.1235
0.135932
0.132
0.010479
0.117941
0.126437
0.147
0.155844
0.142643
0.071964
0.0705
0.138792
0.077
0.0658683
0.1225
0.127
0.15
0.130935
0.151697
0.083958
0.14029
0.11333
0.011
0.1205
0.1515
0.131934
0.011994
0.1375
0.117441
0.0115
0.164418
0.116384
0.191022
0.00799201
0.123
0.141288
0.032
0.170915
0.144783
0.1125
0.155844
0.0919081
0.141929
0.144428
0.1115
0.0968547
0.03
0.00549725
0.151924
0.0705
0.1495
0.15992
0.0169915
0.161919
0.115942
0.0759241
0.02997
0.126
0.152348
0.134299
0.0164835
0.146354
0.138362
0.0905
0.147926
0.136863
0.115
0.00998502
0.1365
0.0884558
0.114443
0.0124938
0.102449
0.012987
0.159261
0.107946
0.154269
0.174913
0.153
0.13024
0.00849575
0.134366
0.0109945
0.1585
0.017973
0.148426
0.095
0.028
0.03
0.152847
0.141
0.1315
0.011994
0.1275
0.1455
0.00749251
0.1455
0.163
0.174913
0.141787
0.154768
0.09995
0.201
0.110445
0.021989
0.011994
0.0175
0.0345
0.116942
0.11994
0.118441
0.16092
0.142786
0.1185
0.162
0.0129805
0.026
0.008
0.154845
0.083958
0.045
0.170415
0.164418
0.116
0.1
0.137
0.170659
0.105
0.107
0.011988
0.09995
0.141929
0.161419
0.0309845
0.162419
0.0134798
0.1525
0.1345
0.110445
0.123938
0.0703242
0.125375
0.138431
0.0774613
0.11988
0.1505
0.161258
0.003996
0.0465
0.163
0.0479281
0.127872
0.0948104
0.0154691
0.106786
0.009
0.0949525
0.125
0.136
0.111944
0.135432
0.153423
0.140859
0.136432
0.127
0.114
0.0479042
0.1265
0.0999001
0.206897
0.1625
0.0599401
0.0788423
0.124
0.0175
0.138362
0.0204693
0.165335
0.108
0.01
0.167
0.148777
0.014985
0.165335
0.0229885
0.146927
0.00649675
0.015976
0.00948577
0.125375
0.137931
0.1065
0.138362
0.0854573
0.1465
0.146354
0.1345
0.15
0.0495
0.154038
0.125937
0.127436
0.1295
0.102449
0.131737
0.1825
0.137862
0.0385
0.1725
0.118441
0.167916
0.121939
0.105736
0.0935
0.101898
0.136863
0.0614386
0.114386
0.164418
0.13037
0.162
0.128871
0.007
0.165917
0.118382
0.138
0.123
0.0865
0.0889111
0.0164918
0.139361
0.08
0.0405
0.147
0.15035
0.0155
0.191404
0.091
0.157186
0.115942
0.155766
0.1035
0.015984
0.127872
0.1175
0.116942
0.0105
0.1525
0.009
0.008
0.131
0.1595
0.011994
0.0194903
0.1575
0.139222
0.141359
0.0065
0.115942
0.184723
0.184723
0.094
0.0665
0.165
0.0958562
0.0793809
0.006
0.15
0.171414
0.136432
0.112388
0.118441
0.114386
0.16675
0.12032
0.127
0.131934
0.00799201
0.158421
0.00749251
0.125
0.0895
0.009
0.102949
0.118441
0.146927
0.027
0.0174825
0.142429
0.1855
0.076
0.076
0.138931
0.1475
0.1825
0.009995
0.155
0.0175
0.145709
0.115942
0.203398
0.014985
0.0515
0.147926
0.0104895
0.144428
0.126437
0.1495
0.0969515
0.0169915
0.116
0.115
0.1045
0.1115
0.157
0.162
0.126
0.146354
0.151697
0.165417
0.1855
0.1415
0.149
0.154923
0.129371
0.156765
0.166
0.0824176
0.14036
0.133
0.1305
0.146927
0.138931
0.017
0.14
0.15035
0.11333
0.027
0.114386
0.106947
0.1385
0.106786
0.0658683
0.1205
0.0744256
0.0214893
0.0354645
0.0134663
0.144
0.0889111
0.135432
0.013
0.167333
0.134933
0.125
0.114828
0.0145
0.0109945
0.0195
0.157186
0.156266
0.10989
0.0868697
0.153923
0.102897
0.148926
0.154269
0.186407
0.099351
0.126
0.164336
0.136
0.15992
0.1145
0.1065
0.0095
0.0129935
0.0935
0.011
0.145781
0.171914
0.1195
0.126437
0.0938592
0.0865
0.0354645
0.0605
0.015
0.0244511
0.126374
0.1795
0.131737
0.0144928
0.0725
0.1045
0.106447
0.0994006
0.125874
0.1385
0.0494505
0.0969515
0.141
0.1195
0.0965
0.132668
0.083
0.126374
0.1125
0.210395
0.105947
0.151424
0.0045
0.0134933
0.15992
0.111444
0.164336
0.178322
0.1315
0.112444
0.0904548
0.00849575
0.151273
0.153423
0.210395
