0.204693
0.171914
0.1175
0.173826
0.010989
0.125
0.165335
0.141429
0.00349476
0.0144855
0.1465
0.165252
0.173
0.158421
0.179231
0.0345
0.1705
0.168164
0.148926
0.138431
0.012
0.172
0.186907
0.174239
0.139
0.142857
0.1425
0.0155
0.008
0.1465
0.162
0.153846
0.1815
0.136432
0.158421
0.189
0.131
0.161838
0.128372
0.173
0.1175
0.1575
0.184
0.0075
0.169
0.181818
0.129
0.167416
0.123253
0.0149925
0.1235
0.154346
0.1665
0.109281
0.14985
0.184
0.17991
0.141858
0.00849575
0.1595
0.125
0.181909
0.171914
0.181
0.014
0.14
0.203898
0.168164
0.195902
0.138
0.175237
0.162837
0.156188
0.012987
0.170829
0.011982
0.15942
0.174239
0.188
0.0204795
0.1765
0.150699
0.0124938
0.1365
0.110945
0.144356
0.15992
0.154346
0.011
0.182
0.176
0.186907
0.15942
0.161258
0.1775
0.1655
0.169
0.157921
0.169
0.1405
0.147
0.179
0.185
0.166833
0.142287
0.0715
0.136432
0.0793413
0.174239
0.0245
0.19031
0.159341
0.1225
0.121878
0.185907
0.00499002
0.112388
0.144428
0.132434
0.101949
0.156422
0.13
0.163418
0.188406
0.1495
0.1635
0.139361
0.169
0.155844
0.14813
0.132434
0.184132
0.1835
0.170415
0.158
0.173413
0.101949
0.144356
0.0144855
0.1395
0.158921
0.0114828
0.1585
0.135432
0.121817
0.1355
0.171414
0.16
0.149351
0.1595
0.137431
0.184908
0.033983
0.1605
0.1635
0.131
0.151
0.0184723
0.182227
0.0114885
0.156
0.0688623
0.0185
0.004995
0.158342
0.004995
0.1825
0.165751
0.097951
0.177645
0.1385
0.173913
0.161919
0.18
0.1485
0.143784
0.189405
0.175062
0.221279
0.0124938
0.167416
0.2055
0.1285
0.143
0.144928
0.192904
0.111389
0.00649026
0.164418
0.1845
0.171914
0.15992
0.1775
0.109336
0.136863
0.150699
0.169
0.173
0.204898
0.178
0.181
0.165834
0.143357
0.18
0.159
0.141359
0.1855
0.003998
0.15992
0.0314843
0.109281
0.167832
0.1845
0.0355
0.129242
0.224
0.131434
0.149425
0.188906
0.178911
0.193806
0.00849151
0.167249
0.180819
0.149
0.146927
0.155
0.141359
0.144428
0.169576
0.1565
0.168332
0.172
0.18
0.172914
0.162
0.147
0.0155
0.154
0.165417
0.1445
0.138
0.148
0.118
0.136296
0.1425
0.156843
0.161757
0.0983525
0.176823
0.200499
0.178144
0.014
0.171
0.129242
0.15035
0.197901
0.173913
0.171414
0.141858
0.152424
0.1
0.18041
0.171486
0.0244878
0.1265
0.149425
0.121
0.1265
0.1445
0.0655
0.1855
0.187406
0.165751
0.220779
0.155267
0.167416
0.166833
0.111944
0.0095
0.00849151
0.0694306
0.170415
0.192519
0.016
0.171414
0.225887
0.144928
0.144928
0.1765
0.1845
0.0214785
0.161178
0.131434
0.196902
0.136932
0.147353
0.224
0.1325
0.126937
0.192807
0.173826
0.149425
0.1555
0.219
0.156422
0.159
0.173653
0.0524214
0.176735
0.1335
0.16517
0.181
0.1445
0.178144
0.189405
0.166
0.145427
0.178144
0.178
0.1785
0.161419
0.0165
0.186907
0.174913
0.187
0.1635
0.111944
0.172914
0.154
0.0085
0.1715
0.126937
0.164336
0.138
0.039
0.0134865
0.1085
0.179
0.199301
0.181
0.175
0.164418
0.153423
0.17991
0.111944
0.1265
0.183408
0.1555
0.1275
0.131802
0.153693
0.0154923
0.155422
0.182
0.161178
0.124438
0.197
0.1485
0.1655
0.169415
0.191213
0.15942
0.155267
0.00949525
0.131
0.0149925
0.1615
0.1635
0.13993
0.174913
0.185
0.0715
0.125
0.185407
0.189405
0.158342
0.134299
0.1285
0.14
0.185814
0.1755
0.201798
0.133
0.1445
0.116
0.007
0.005997
0.159
0.191309
0.209895
0.149425
0.171486
0.170915
0.200799
0.146927
0.1435
0.172827
0.164918
0.131868
0.194
0.175412
0.14985
0.0044955
0.127936
0.159
0.164
0.00999001
0.1965
0.138224
0.189715
0.171243
0.1725
0.1625
0.178643
0.184316
0.173826
0.153923
0.143784
0.171486
0.0075
0.187812
0.145282
0.153
0.157921
0.184723
0.188
0.161919
0.125312
0.15992
0.121817
0.166334
0.135432
0.0904548
0.162919
0.148926
0.144711
0.144428
0.194403
0.156
0.00998004
0.142216
0.1645
0.0105
0.162419
0.172827
0.0215
0.127681
0.0144855
0.1255
0.132434
0.175649
0.170415
0.215892
0.00849151
0.173913
0.1595
0.016983
0.13993
0.172914
0.153
0.194403
0.1755
0.165751
0.0399401
0.176412
0.125
0.1445
0.173826
0.1685
0.162
0.127
0.171243
0.1615
0.0954523
0.1785
0.2003
0.122939
0.0885
0.208791
0.117
0.170245
0.172414
0.200799
0.205192
0.152924
0.1605
0.134299
0.185814
0.154845
0.173
0.147426
0.0154845
0.188406
0.151924
0.150925
0.2095
0.172827
0.1665
0.189216
0.111
0.0958562
0.173913
0.167916
0.151
0.147353
0.171
0.170915
0.163337
0.15035
0.182227
0.172
0.17515
0.193903
0.161919
0.144428
0.239641
0.00599101
0.1385
0.1665
0.167832
0.163337
0.177911
0.0209895
0.162419
0.182
0.174239
0.18
0.136863
0.103948
0.115942
0.013986
0.1355
0.1725
0.0169915
0.013993
0.185907
0.178
0.215784
0.0214785
0.1825
0.16517
0.012987
0.126
0.174738
0.144284
0.0055
0.143713
0.0129676
0.171243
0.026
0.196304
0.196902
0.0904548
0.13
0.197
0.0838742
0.010989
0.1545
0.1175
0.196206
0.1675
0.154423
0.0085
0.150425
0.1435
0.0715
0.1825
0.1765
0.117
0.158762
0.1635
0.0908637
0.155844
0.153923
0.0069965
0.181727
0.1805
0.0838742
0.181818
0.170915
0.207396
0.1215
0.003996
0.163
0.1595
0.00649675
0.167249
0.141429
0.193903
0.146281
0.187
0.151
0.171243
0.131
0.1595
0.0364635
0.107
0.159261
0.048
0.194805
0.185
0.124438
0.17991
0.184408
0.1395
0.0134798
0.1365
0.0789605
0.147132
0.1845
0.182
0.161919
0.150774
0.138
0.2115
0.181727
0.169
0.1815
0.177
0.1865
0.191904
0.151424
0.0215
0.15
0.123
0.00698952
0.104895
0.1195
0.174326
0.1625
0.175649
0.169
0.19031
0.137
0.119381
0.1725
0.0149925
0.188312
0.208896
0.131934
0.167416
0.184
0.121878
0.170829
0.176471
0.1535
0.0195
0.0215
0.141
0.128372
0.16
0.105395
0.012987
0.172827
0.133367
0.145427
0.1865
0.128436
0.101
0.1875
0.111389
0.011
0.192404
0.0194708
0.107
0.163174
0.145427
0.155267
0.185907
0.15992
0.158
0.1475
0.173913
0.201
0.111389
0.1035
0.1845
0.003998
0.142216
0.1615
0.16034
0.194805
0.144428
0.191
0.167
0.165335
0.011
0.122317
0.149
0.162257
0.181818
0.1445
0.168164
0.175736
0.185407
0.0105
0.17991
0.184408
0.137431
0.180729
0.154691
0.162419
0.205897
0.173413
0.216892
0.191808
0.196705
0.1485
0.121939
0.1685
0.188
0.155345
0.126873
0.196304
0.004995
0.1635
0.175736
0.202399
0.146281
0.169415
0.146208
0.17
0.169915
0.0789605
0.148
0.164
0.003996
0.1665
0.128372
0.157
0.164418
0.191
0.17982
0.152424
0.1975
0.186534
0.1855
0.202797
0.154
0.155844
0.166251
0.161419
0.178411
0.2005
0.129
0.191
0.182
0.141929
0.1645
0.1485
0.1445
0.169
0.1555
0.154
0.0844578
0.136432
0.1585
0.0195
0.0225
0.1645
0.13993
0.0215
0.173826
0.0214785
0.175912
0.184408
0.1035
0.1605
0.164254
0.149425
0.165417
0.182
0.198
0.170829
0.0214785
0.137431
0.155422
0.143784
0.004995
0.173826
0.164254
0.17016
0.142287
0.191808
0.144428
0.173913
0.148426
0.2115
0.189216
0.1425
0.172
0.1485
0.160839
0.158
0.130935
0.14043
0.145427
0.128244
0.1725
0.097951
0.194306
0.010989
0.191904
0.139
0.166
0.173739
0.173
0.104448
0.128936
0.171828
0.197401
0.026
0.0085
0.1805
0.1535
0.165417
0.184408
0.181818
0.1595
0.16983
0.121
0.015992
0.153
0.0235
0.199201
0.0958562
0.107
0.0514743
0.1785
0.159
0.196304
0.1795
0.126873
0.169
0.207293
0.120879
0.128436
0.146853
0.166417
0.206191
0.008
0.152695
0.159261
0.0169915
0.151924
0.182
0.158
0.1535
0.150925
0.0515
0.170829
0.142857
0.163918
0.199301
0.14
0.143357
0.166917
0.188
0.135932
0.0134731
0.175649
0.203694
0.165
0.166833
0.0838742
0.173
0.1465
0.196705
0.134933
0.0169915
0.170915
0.150925
0.138931
0.1315
0.10978
0.176
0.184815
0.173653
0.013
0.146927
0.0734633
0.138431
0.175
0.17033
0.158263
0.1625
0.218391
0.013993
0.00849151
0.166
0.0823353
0.0114828
0.17982
0.132
0.196902
0.171072
0.131434
0.115385
0.1225
0.183
0.00799201
0.0114885
0.175325
0.154346
0.1805
0.1925
0.193806
0.142287
0.1145
0.121
0.137363
0.148
0.159
0.1625
0.142857
0.202899
0.165834
0.139361
0.165751
0.205192
0.014
0.00649026
0.138224
0.198203
0.2145
0.147353
0.160839
0.1995
0.169
0.156922
0.146853
0.188406
0.1195
0.190714
0.133
0.172414
0.133
0.189905
0.154
0.0069965
0.136432
0.152924
0.169
0.1835
0.107
0.0515
0.163
0.13979
0.1775
0.1845
0.179
0.187406
0.193903
0.027
0.00349825
0.139
0.154
0.1825
0.13943
0.111944
0.181727
0.196206
0.162837
0.185814
0.144428
0.151772
0.184408
0.171
0.169
0.162257
0.17
0.148
0.16034
0.111389
0.175
0.201399
0.193307
0.173
0.13993
0.203694
0.134
0.171414
0.193806
0.18
0.0144855
0.176912
0.218391
0.199201
0.180819
0.196803
0.15942
0.180819
0.122939
0.145927
0.146281
0.1685
0.191
0.011982
0.149425
0.139361
0.178
0.207396
0.181
0.145282
0.00649675
0.1455
0.170915
0.136932
0.1675
0.165
0.199002
0.1695
0.16983
0.125312
0.155766
0.191
0.150925
0.16983
0.147426
0.16034
0.162
0.142
0.172914
0.165751
0.163174
0.191904
0.15942
0.158
0.1165
0.111944
0.131934
0.120879
0.173826
0.1485
0.191904
0.181
0.005997
0.179231
0.136432
0.151924
0.145427
0.0214785
0.205794
0.173
0.146208
0.173826
0.1255
0.193
0.138431
0.188
0.154346
0.0778832
0.170415
0.1215
0.0115
0.105395
0.0095
0.150925
0.155766
0.117207
0.172569
0.199201
0.174239
0.170915
0.180729
0.183408
0.105395
0.125
0.124875
0.172914
0.0114885
0.183
0.199002
0.173413
0.1645
0.157
0.144928
0.168164
0.188406
0.0204795
0.181
0.155267
0.192308
0.187812
0.121
0.173913
0.1195
0.1175
0.0189715
0.162
0.1605
0.167416
0.1875
0.172414
0.1255
0.17991
0.183
0.172569
0.192711
0.185721
0.004995
0.124438
0.0444555
0.01998
0.1195
0.155766
0.109281
0.173826
0.157921
0.1645
0.189715
0.14985
0.186
0.178911
0.143357
0.1605
0.134933
0.170829
0.190714
0.208292
0.00499002
0.16034
0.173
0.15942
0.1245
0.146927
0.1805
0.166917
0.191904
0.1475
0.139222
0.131868
0.162837
0.216284
0.167416
0.0404595
0.00999001
0.160839
0.158421
0.166917
0.193903
0.165
0.199002
0.018981
0.173327
0.177
0.1445
0.0144855
0.0045
0.201798
0.161919
0.1195
0.191
0.135432
0.132434
0.164254
0.171742
0.1675
0.175736
0.10978
0.170415
0.175
0.2115
0.0209685
0.1785
0.011982
0.0134865
0.102398
0.150849
0.1035
0.204898
0.0144928
0.172569
0.154423
0.162
0.130305
0.146427
0.0655
0.149276
0.159341
0.0049975
0.159
0.0194903
0.172414
0.114943
0.130804
0.1265
0.00749625
0.117
0.215892
0.192519
0.0885
0.1165
0.193403
0.0703944
0.1195
0.195
0.175
0.151772
0.184408
0.185814
0.1195
0.155267
0.136
0.131
0.157685
0.131934
0.1975
0.103242
0.0344828
0.173913
0.190619
0.1405
0.0095
0.151
0.1775
0.115385
0.142287
0.160759
0.1645
0.177911
0.131868
0.171
0.175736
0.1155
0.177911
0.125437
0.164254
0.158762
0.1875
0.011
0.015984
0.1785
0.155422
0.155422
0.166334
0.185407
0.163
0.171914
0.1515
0.16517
0.1155
0.181818
0.157921
0.162257
0.0355
0.157921
0.121939
0.1395
0.173413
0.111389
0.174825
0.184815
0.121
0.181
0.1335
0.173913
0.1055
0.170415
0.169415
0.1575
0.00849151
0.192711
0.175
0.145781
0.0104948
0.146927
0.0124938
0.188312
0.161757
0.194403
0.0144928
0.15992
0.144284
0.18041
0.15992
0.1655
0.143784
0.197
0.181727
0.1495
0.1015
0.1795
0.196705
0.207396
0.0185
0.1055
0.1875
0.189
0.156422
0.142929
0.00698952
0.194805
0.197
0.142
0.144356
0.167249
0.175062
0.169
0.215784
0.1565
0.0164918
0.0955
0.158421
0.169415
0.167249
0.131868
0.1325
0.171
0.120879
0.196304
0.131
0.187406
0.0908637
0.125437
0.130869
0.1465
0.193903
0.155766
0.155345
0.198302
0.197401
0.112
0.167832
0.154923
0.197
0.13943
0.172741
0.18091
0.026
0.147132
0.157343
0.136432
0.191309
0.208896
0.0455
0.1485
0.16092
0.177411
0.123315
0.204898
0.0095
0.136432
0.18041
0.152424
0.14043
0.147353
0.18
0.145854
0.140789
0.0793413
0.112
0.140789
0.122877
0.1375
0.147279
0.1455
0.0055
0.192404
0.1625
0.021967
0.1485
0.167832
0.168332
0.141858
0.1785
0.178821
0.194611
0.14
0.134433
0.154691
0.193903
0.133
0.191213
0.163418
0.204693
0.146281
0.131868
0.0305
0.187406
0.189905
0.146
0.1495
0.1585
0.139361
0.145282
0.1745
0.165751
0.081
0.175412
0.173826
0.176324
0.149351
0.0145
0.1975
0.101949
0.1195
0.1575
0.1265
0.138293
0.0244878
0.163
0.202399
0.16
0.1495
0.157685
0.144928
0.198
0.150925
0.158263
0.1325
0.00849151
0.0404595
0.096
0.13993
0.1355
0.167416
0.149
0.155
0.105447
0.1475
0.011
0.132434
0.161258
0.164918
0.171914
0.157
0.00749625
0.174825
0.205
0.0715
0.195207
0.178911
0.1845
0.01999
0.176
0.0788817
0.165751
0.0109945
0.180819
0.191
0.176912
0.171828
0.182
0.1685
0.192904
0.1385
0.1175
0.131934
0.176735
0.148
0.204194
0.0245
0.197
0.166417
0.120879
0.164254
0.156
0.164835
0.15035
0.165
0.204898
0.167416
0.188
0.171414
0.168248
0.1415
0.218391
0.185629
0.133433
0.178
0.15942
0.177911
0.1565
0.147778
0.193403
0.16092
0.002997
0.208896
0.1555
0.204898
0.0144928
0.10684
0.149276
0.172569
0.14521
0.1785
0.185907
0.169415
0.01999
0.0185
0.174413
0.193806
0.178
0.104895
0.1665
0.150925
0.0734633
0.1575
0.0195
0.132434
0.164753
0.012
0.1775
0.153423
0.146208
0.194306
0.18
0.166917
0.111944
0.161838
0.0204795
0.15035
0.18981
0.0204795
0.147059
0.167416
0.115212
0.159341
0.172914
0.048
0.15035
0.134933
0.18014
0.167416
0.101348
0.184408
0.197901
0.1775
0.171
0.138224
0.0144783
0.1415
0.144428
0.157
0.117207
0.010989
0.1365
0.173826
0.147132
0.129805
0.139
0.0104948
0.1545
0.1405
0.1485
0.114885
0.178
0.188906
0.152
0.145
0.192904
0.1165
0.117207
0.155267
0.1015
0.159
0.148926
0.175
0.1445
0.153846
0.1745
0.1565
0.0065
0.149425
0.131868
0.186907
0.153194
0.184408
0.159
0.163
0.166
0.153423
0.183
0.173826
0.127808
0.174326
0.14985
0.1255
0.1195
0.1065
0.1495
0.1775
0.1125
0.200499
0.163
0.161258
0.189905
0.13993
0.161919
0.161258
0.1675
0.161
0.156922
0.0124938
0.2003
0.183
0.120879
0.171828
0.0144855
0.1675
0.1685
0.015984
0.215784
0.195
0.169745
0.159341
0.161419
0.154
0.122939
0.164835
0.17991
0.167249
0.1845
0.173413
0.215676
0.167832
0.1485
0.144428
0.1675
0.177
0.1795
0.177822
0.175
0.1545
0.172914
0.1625
0.157343
0.145427
0.162837
0.13037
0.184224
0.134433
0.168332
0.175237
0.1515
0.181909
0.0954523
0.1815
0.173
0.1485
0.136
0.1285
0.17016
0.169576
0.164
0.1505
0.15992
0.198302
0.17991
0.1215
0.18091
0.1335
0.191904
0.196803
0.161258
0.044
0.201399
0.1585
0.146927
0.212
0.029
0.1385
0.173739
0.162
0.0115
0.181
0.176
0.146281
0.121
0.142429
0.1305
0.173
0.14521
0.180819
0.169246
0.147353
0.108
0.1235
0.1375
0.003998
0.188406
0.174651
0.136432
0.145
0.1855
0.0525
0.00948577
0.174825
0.1565
0.1335
0.09
0.104895
0.167832
0.135297
0.142429
0.1715
0.187812
0.0134798
0.2125
0.154423
0.165834
0.131934
0.129435
0.161919
0.171914
0.157921
0.2003
0.178411
0.188218
0.146927
0.172827
0.163418
0.173913
0.108
0.156
0.0104948
0.136
0.155267
0.172827
0.146927
0.191213
0.0855
0.207396
0.146208
0.148278
0.1295
0.142929
0.141359
0.1635
0.132434
0.160839
0.24
0.178821
0.189715
0.17
0.0844578
0.161919
0.1175
0.164418
0.170915
0.039
0.175062
0.008
0.1975
0.138224
0.0454545
0.00749625
0.1615
0.193903
0.14029
0.196304
0.112
0.158762
0.140859
0.0065
0.1825
0.0124938
0.123315
0.0164835
0.151
0.1105
0.00849575
0.152847
0.1615
0.1485
0.188218
0.162419
0.181909
0.178643
0.159
0.204898
0.162
0.139361
0.1675
0.149425
0.1585
0.167916
0.1695
0.164336
0.1425
0.158421
0.165751
0.169331
0.155922
0.153
0.138431
0.176412
0.172414
0.091
0.1425
0.141
0.161
0.089366
0.149
0.207396
0.138293
0.15992
0.166085
0.181
0.201299
0.156922
0.014
0.1775
0.1505
0.1765
0.174
0.158421
0.185721
0.1075
0.197401
0.171
0.182
0.162
0.185407
0.135432
0.159
0.171414
0.136658
0.130739
0.00698952
0.147
0.169
0.169915
0.012
0.189715
0.194209
0.1455
0.156922
0.179
0.194805
0.00849151
0.1745
0.176
0.137862
0.0174738
0.0245
0.193806
0.184815
0.145
0.189405
0.1705
0.209895
0.163
0.0999001
0.182409
0.162
0.00948577
0.158342
0.144284
0.1785
0.0134798
0.152
0.133866
0.132434
0.1895
0.163
0.178
0.0114885
0.1195
0.15992
0.125
0.1485
0.153
0.122939
0.12094
0.192
0.204898
0.121
0.203297
0.174
0.133
0.184908
0.171414
0.126873
0.1645
0.158342
0.189
0.0109945
0.136863
0.142429
0.1545
0.105447
0.107
0.162837
0.184132
0.174413
0.188623
0.0115
0.173826
0.158
0.196304
0.164
0.077
0.1535
0.196803
0.00948577
0.151924
0.142216
0.173739
0.166917
0.150925
0.15942
0.159
0.176912
0.132368
0.1445
0.043
0.168416
0.1875
0.1825
0.17016
0.1685
0.174913
0.193903
0.146208
0.157
0.153
0.189905
0.1775
0.170415
0.14985
0.095952
0.178
0.135432
0.176324
0.125375
0.171742
0.012
0.1845
0.144428
0.126873
0.176912
0.0115
0.126937
0.188406
0.166917
0.163418
0.116
0.194306
0.193903
0.138431
0.145355
0.132434
0.122317
0.1695
0.1905
0.0045
0.1825
0.115942
0.157
0.0184723
0.166
0.173826
0.185721
0.17941
0.136296
0.173413
0.177822
0.159261
0.169415
0.003996
0.1435
0.1805
0.0788817
0.1815
0.200799
0.162
0.142429
0.121878
0.197901
0.193806
0.167916
0.165417
0.131934
0.1785
0.147426
0.1555
0.203796
0.153923
0.145927
0.00649675
0.168416
0.0085
0.0114885
0.166
0.137
0.120879
0.13943
0.1815
0.1775
0.164918
0.0124813
0.013986
0.133866
0.131434
0.118
0.0195
0.1795
