0.2035
0.00899101
0.2325
0.173
0.208396
0.199
0.245255
0.2475
0.196402
0.1985
0.208791
0.236146
0.2055
0.241138
0.247376
0.232
0.00749625
0.0429785
0.196803
0.184815
0.219451
0.0104895
0.225887
0.00698952
0.22089
0.267233
0.194
0.224
0.0615
0.181
0.2205
0.232
0.2385
0.205397
0.2665
0.195
0.172
0.1855
0.191904
0.1995
0.267
0.2215
0.00949051
0.253247
0.193
0.198901
0.186314
0.143357
0.2035
0.235265
0.278721
0.226
0.230885
0.173
0.221889
0.015992
0.178322
0.235382
0.211894
0.186
0.171243
0.120259
0.208791
0.206793
0.25987
0.2365
0.263736
0.228386
0.2135
0.238262
0.249875
0.249
0.193403
0.013
0.239
0.1565
0.170915
0.216
0.169
0.21989
0.194805
0.223776
0.218891
0.173739
0.203398
0.185
0.1955
0.0075
0.221667
0.184723
0.195
0.213
0.216892
0.1885
0.147
0.218891
0.2365
0.24
0.257984
0.219
0.217891
0.225774
0.2175
0.1835
0.242
0.146
0.198901
0.2565
0.024
0.203398
0.165417
0.233533
0.249875
0.199201
0.204194
0.2045
0.215784
0.0075
0.00698952
0.0174825
0.216392
0.2225
0.235382
0.1495
0.2325
0.218391
0.1765
0.239
0.00699301
0.228158
0.2255
0.217891
0.231884
0.21939
0.0075
0.2095
0.189
0.24975
0.1855
0.003998
0.230769
0.193403
0.235382
0.151273
0.1994
0.1965
0.23027
0.2015
0.192711
0.242379
0.155
0.229885
0.2055
0.2655
0.1675
0.208
0.188717
0.189
0.208396
0.00399401
0.156
0.1994
0.188906
0.175824
0.00349825
0.173739
0.192711
0.22039
0.218173
0.198801
0.2155
0.232
0.1755
0.2435
0.217391
0.1835
0.0149775
0.210395
0.0095
0.305347
0.013986
0.1475
0.245377
0.270594
0.2305
0.228272
0.226274
0.229385
0.23938
0.213893
0.241138
0.175824
0.0149925
0.196803
0.1905
0.219
0.238143
0.0044955
0.182227
0.158
0.278861
0.201399
0.193403
0.207792
0.201299
0.00949525
0.236527
0.201299
0.263473
0.177323
0.0244878
0.250624
0.218891
0.223388
0.17941
0.192807
0.185
0.217782
0.163337
0.211
0.203694
0.167
0.223
0.2265
0.203398
0.191404
0.22
0.218
0.00699301
0.208
0.0049975
0.192904
0.00749625
0.0189905
0.005
0.0035
0.214678
0.161677
0.23192
0.1615
0.1705
0.160759
0.211894
0.249375
0.241259
0.206397
0.2105
0.264368
0.184815
0.208
0.238761
0.1945
0.186221
0.0405
0.177
0.171243
0.216392
0.2365
0.003998
0.226387
0.244378
0.189122
0.235
0.0245
0.15519
0.251874
0.22089
0.230385
0.189405
0.216
0.271864
0.196304
0.243
0.00798403
0.2525
0.005
0.170829
0.166917
0.215392
0.271
0.184408
0.236882
0.228886
0.216
0.256872
0.225887
0.192
0.201899
0.199
0.2565
0.2085
0.01999
0.1965
0.225774
0.230769
0.25586
0.184408
0.238881
0.2025
0.1915
0.223
0.188312
0.206
0.235882
0.216284
0.174
0.248252
0.246131
0.233
0.206397
0.255872
0.230385
0.222389
0.192308
0.224663
0.212394
0.203796
0.2485
0.178322
0.176148
0.1925
0.213573
0.194
0.0129805
0.209
0.188717
0.1735
0.2365
0.304543
0.201
0.2075
0.208
0.2415
0.242
0.213786
0.235647
0.171828
0.2425
0.187906
0.203398
0.00749625
0.228272
0.166417
0.2145
0.203694
0.172414
0.1495
0.233
0.188406
0.184132
0.233383
0.214893
0.189405
0.158263
0.217891
0.004995
0.191904
0.204
0.186314
0.0405
0.2095
0.2455
0.224
0.1585
0.207896
0.267
0.207792
0.233383
0.202399
0.186
0.2415
0.191404
0.193307
0.1935
0.249251
0.216068
0.230155
0.0175
0.249
0.18
0.185315
0.217391
0.178322
0.194403
0.0109945
0.195402
0.194403
0.221557
0.137
0.2595
0.228158
0.236382
0.2245
0.24088
0.190809
0.154845
0.222167
0.231
0.219
0.2265
0.24
0.2009
0.008
0.249
0.21939
0.203398
0.190714
0.218672
0.175412
0.1905
0.176
0.225162
0.227886
0.2115
0.158921
0.2035
0.213893
0.237144
0.2003
0.180819
0.0049975
0.1875
0.182817
0.2205
0.1885
0.211788
0.208
0.188312
0.232767
0.2095
0.221778
0.184908
0.190809
0.226773
0.2065
0.227772
0.235
0.2495
0.226773
0.2385
0.166168
0.176735
0.227886
0.258
0.2555
0.218781
0.138362
0.218672
0.234383
0.115942
0.178911
0.231653
0.21
0.214179
0.165417
0.233883
0.224888
0.2495
0.229271
0.196304
0.251623
0.1505
0.1905
0.194903
0.198901
0.225887
0.21
0.237881
0.188906
0.120259
0.2335
0.227772
0.214893
0.2245
0.186221
0.275724
0.236645
0.222666
0.196607
0.1735
0.206397
0.184815
0.222167
0.226773
0.202197
0.227659
0.228771
0.235382
0.228386
0.1605
0.248876
0.176
0.237644
0.222889
0.234
0.221
0.178732
0.175237
0.21
0.213893
0.229271
0.1955
0.186407
0.216176
0.197204
0.224551
0.221279
0.210895
0.168416
0.249002
0.0134933
0.237881
0.2295
0.234
0.199
0.0044955
0.18981
0.195
0.192
0.144855
0.00849151
0.207896
0.24088
0.203898
0.194903
0.201899
0.225162
0.192212
0.1905
0.162257
0.230385
0.2
0.246261
0.221279
0.2715
0.147426
0.228158
0.194903
0.218891
0.192
0.2345
0.1505
0.189122
0.205397
0.171742
0.164
0.21995
0.202096
0.169915
0.1625
0.188
0.217
0.00748503
0.192
0.222555
0.242
0.190215
0.222389
0.0155
0.225387
0.173826
0.144783
0.196
0.178911
0.2475
0.163337
0.162675
0.24014
0.204
0.0075
0.229
0.238
0.196402
0.216176
0.244633
0.251623
0.246
0.195
0.1735
0.167249
0.186907
0.232384
0.213893
0.24975
0.198901
0.1585
0.224276
0.015992
0.187906
0.0244878
0.0055
0.236028
0.2005
0.195402
0.211289
0.204
0.0055
0.2025
0.203694
0.164418
0.1765
0.2015
0.177911
0.2005
0.204194
0.254618
0.230654
0.187906
0.23988
0.275587
0.227
0.184815
0.154923
0.247
0.250374
0.1795
0.23988
0.2015
0.2475
0.215392
0.0065
0.0015
0.184408
0.184316
0.169
0.222666
0.193307
0.217391
0.193
0.218391
0.181
0.258242
0.221889
0.2125
0.194903
0.0144928
0.0134933
0.2345
0.219
0.197802
0.2765
0.21989
0.194
0.003998
0.237
0.00399401
0.219
0.209186
0.249375
0.029985
0.210395
0.216
0.198401
0.232384
0.1835
0.2115
0.230885
0.2005
0.199
0.2615
0.1315
0.237
0.2345
0.234266
0.234414
0.198302
0.237263
0.168
0.231
0.247
0.178322
0.1495
0.013986
0.2155
0.242879
0.1945
0.188906
0.150849
0.224775
0.0135
0.197
0.1115
0.2105
0.213893
0.201
0.2265
0.218
0.177
0.254
0.251874
0.2005
0.249
0.188717
0.226274
0.219281
0.192212
0.0104895
0.236645
0.144928
0.2345
0.267
0.173653
0.1935
0.204693
0.00449775
0.2065
0.223776
0.2065
0.156922
0.213
0.201399
0.242379
0.184408
0.176823
0.157921
0.257243
0.246
0.00898652
0.242
0.196402
0.198801
0.208896
0.00848727
0.011988
0.234
0.210395
0.23988
0.211
0.203
0.1998
0.110445
0.237263
0.192308
0.207896
0.2665
0.226887
0.1955
0.242379
0.211
0.2665
0.218391
0.265867
0.229271
0.194306
0.2425
0.2195
0.2175
0.233766
0.1635
0.257984
0.012987
0.204398
0.249
0.175
0.226161
0.196
0.156922
0.249
0.203297
0.216392
0.00849151
0.22039
0.0134933
0.1865
0.1925
0.207896
0.218
0.206793
0.2095
0.193
0.163836
0.242879
0.23192
0.2385
0.228158
0.21939
0.207792
0.214678
0.153
0.191404
0.233883
0.159261
0.1825
0.1915
0.149
0.222889
0.187406
0.158
0.186407
0.249002
0.256116
0.2105
0.205397
0.270095
0.205
0.198104
0.209895
0.202696
0.186813
0.218391
0.235
0.191904
0.2275
0.145427
0.257
0.2255
0.2215
0.174326
0.193403
0.2495
0.207396
0.178911
0.242879
0.1885
0.193403
0.217782
0.207396
0.229426
0.222167
0.233883
0.26011
0.207792
0.232384
0.229885
0.2105
0.26087
0.0405
0.222167
0.2385
0.184908
0.2065
0.194403
0.158263
0.0215
0.214893
0.228
0.25025
0.215392
0.207896
0.235265
0.166334
0.246261
0.212861
0.222389
0.1305
0.2155
0.214893
0.191404
0.2215
0.193403
0.00399401
0.25
0.194
0.204398
0.176735
0.0144928
0.244633
0.223
0.179
0.2205
0.173327
0.216892
0.00749625
0.192404
0.168416
0.216
0.1825
0.173
0.26
0.176324
0.2015
0.0055
0.2175
0.208396
0.00949051
0.2075
0.00699301
0.232
0.241138
0.222
0.282218
0.18672
0.216068
0.204194
0.009
0.194903
0.1998
0.195402
0.236527
0.20979
0.237381
0.206294
0.215892
0.1765
0.221889
0.005
0.016
0.245377
0.263473
0.241879
0.005
0.186
0.1625
0.203398
0.258
0.207896
0.185315
0.218781
0.236146
0.198801
0.008
0.236882
0.176
0.222889
0.236763
0.229271
0.201798
0.248
0.197401
0.236
0.216783
0.203694
0.199601
0.232
0.193403
0.224052
0.165
0.2265
0.1895
0.211682
0.226887
0.202399
0.1475
0.205897
0.2009
0.218672
0.2205
0.229885
0.164418
0.231038
0.235
0.19601
0.174651
0.2065
0.188
0.2315
0.196304
0.222889
0.233
0.2205
0.0075
0.165417
0.162257
0.213893
0.223
0.215392
0.227659
0.247
0.208396
0.193903
0.229271
0.175912
0.1815
0.213893
0.1905
0.235265
0.2605
0.177323
0.173327
0.232767
0.190714
0.211894
0.205397
0.229
0.169915
0.2205
0.1865
0.178911
0.189122
0.253
0.228771
0.176148
0.249
0.213573
0.211394
0.165917
0.246
0.2315
0.24
0.172
0.237381
0.0104843
0.1925
0.234383
0.0135
0.1975
0.153
0.2
0.224663
0.18091
0.194306
0.213786
