0.21978
0.194209
0.251874
0.188
0.232
0.244378
0.203593
0.276
0.25987
0.224775
0.2145
0.198
0.2005
0.251874
0.191309
0.2335
0.196902
0.214393
0.241638
0.23938
0.203593
0.227159
0.204296
0.2175
0.2315
0.190405
0.236
0.2035
0.224551
0.124938
0.202797
0.247376
0.233
0.0149775
0.194
0.1895
0.225
0.225387
0.181909
0.255
0.226773
0.175912
0.256372
0.224276
0.242379
0.191404
0.229
0.205691
0.2395
0.1755
0.2225
0.0965
0.166168
0.175912
0.107446
0.251874
0.243
0.1855
0.196509
0.22028
0.201899
0.216567
0.1845
0.224888
0.217891
0.186035
0.23
0.1995
0.101
0.226
0.236
0.242757
0.210579
0.242879
0.226387
0.1835
0.180549
0.25
0.118941
0.214393
0.229271
0.212
0.191904
0.303348
0.185
0.227659
0.263368
0.236028
0.203796
0.233766
0.210895
0.169415
0.163337
0.2025
0.160679
0.243
0.283
0.255744
0.229042
0.223277
0.153423
0.238
0.262
0.178
0.217283
0.007
0.15984
0.012475
0.2455
0.207189
0.206897
0.2225
0.2165
0.237
0.223388
0.176412
0.182318
0.17991
0.222
0.1905
0.239
0.227
0.208292
0.214571
0.234883
0.211183
0.208
0.247376
0.191
0.234266
0.228386
0.237881
0.210684
0.234383
0.205897
0.242379
0.2065
0.24038
0.191
0.170245
0.21029
0.244755
0.2535
0.2445
0.009
0.226048
0.249375
0.214393
0.255117
0.1435
0.217782
0.2165
0.249
0.200897
0.203
0.23365
0.2405
0.230769
0.244
0.0134933
0.230385
0.236
0.237
0.258
0.234266
0.196206
0.222889
0.0129935
0.271093
0.221058
0.2455
0.224551
0.217782
0.208396
0.209
0.2
0.237644
0.2015
0.238761
0.218391
0.1655
0.187
0.236382
0.175912
0.203898
0.201399
0.201597
0.21978
0.0965
0.17973
0.262
0.255245
0.21
0.234
0.187
0.2025
0.167416
0.2165
0.0045
0.214393
0.184723
0.195402
0.205897
0.0154923
0.276946
0.193903
0.202696
0.2295
0.2005
0.18014
0.003998
0.232884
0.206897
0.273
0.254
0.192404
0.2003
0.23938
0.245255
0.2275
0.217283
0.227659
0.1405
0.1895
0.0175
0.223388
0.244256
0.181909
0.248252
0.1645
0.00499002
0.219281
0.200699
0.2145
0.155611
0.182635
0.176912
0.2185
0.0085
0.2095
0.178411
0.145927
0.0129935
0.170245
0.0234883
0.236882
0.213393
0.00549725
0.1715
0.212787
0.009
0.217283
0.21989
0.224164
0.2135
0.236882
0.175912
0.1994
0.175912
0.21
0.201399
0.2345
0.215892
0.251123
0.215892
0.188811
0.22089
0.225387
0.21
0.208396
0.174326
0.217891
0.242757
0.191808
0.2015
0.245877
0.00799201
0.220669
0.143357
0.1665
0.197303
0.249
0.199
0.015
0.1925
0.191
0.222555
0.282859
0.26024
0.197
0.155611
0.1835
0.2185
0.206897
0.26
0.248252
0.176912
0.167416
0.0069965
0.212394
0.2865
0.249126
0.232
0.202399
0.2075
0.189405
0.208583
0.213786
0.236382
0.2035
0.243378
0.178411
0.214393
0.192904
0.201299
0.2415
0.232384
0.220669
0.00999001
0.00699301
0.228
0.216392
0.11944
0.192404
0.212681
0.158421
0.171
0.219
0.197401
0.223776
0.233766
0.245377
0.2285
0.258
0.1735
0.2455
0.250374
0.22089
0.2415
0.201
0.24
0.2003
0.201697
0.021989
0.223
0.2455
0.217283
0.188312
0.2275
0.0065
0.155345
0.23988
0.188
0.223888
0.1825
0.22666
0.243257
0.218
0.1999
0.176236
0.247376
0.226
0.211183
0.201098
0.00699301
0.213287
0.196902
0.2475
0.22039
0.178
0.008
0.173
0.199
0.239
0.191808
0.176912
0.208896
0.232
0.221389
0.250125
0.146
0.238262
0.216675
0.2215
0.2405
0.185
0.2135
0.008
0.2195
0.171828
0.23
0.230155
0.193903
0.208396
0.243
0.201697
0.24014
0.241638
0.224
0.1665
0.237881
0.237263
0.176912
0.237
0.247752
0.167916
0.203694
0.224164
0.249
0.2415
0.182635
0.177
0.223165
0.1955
0.2175
0.209895
0.248376
0.23027
0.208188
0.235382
0.215892
0.221279
0.212
0.191
0.225887
0.196509
0.167416
0.223888
0.189405
0.225
0.228386
0.177733
0.2325
0.203
0.217782
0.245632
0.199301
0.262
0.200799
0.218391
0.221446
0.223
0.237881
0.176412
0.188906
0.217782
0.231653
0.226
0.218
0.229
0.1585
0.239
0.153423
0.188906
0.204
0.204795
0.2615
0.2285
0.177911
0.214785
0.22089
0.194209
0.213393
0.236
0.0114943
0.2285
0.0124938
0.25362
0.211183
0.241
0.199
0.213893
0.208583
0.231
0.1985
0.2265
0.2035
0.2385
0.196
0.187906
0.213893
0.21318
0.2295
0.221279
0.195402
0.168416
0.209
0.206
0.222889
0.0125
0.232268
0.223665
0.194514
0.170829
0.2075
0.2245
0.210579
0.193903
0.2465
0.185
