0.0938592
0.138293
0.041
0.03996
0.1345
0.1175
0.0465
0.0968064
0.073
0.027986
0.0959041
0.131934
0.1145
0.01
0.130305
0.1505
0.0978532
0.017991
0.16026
0.151924
0.119
0.083
0.0769231
0.111333
0.151924
0.147353
0.00748877
0.16092
0.1045
0.151924
0.108946
0.017991
0.0723192
0.0934066
0.0968064
0.0175
0.1545
0.00999001
0.125937
0.0204898
0.135796
0.136
0.0264868
0.09
0.147353
0.00748877
0.17515
0.108337
0.153923
0.132934
0.132302
0.108
0.106394
0.16
0.011477
0.0104843
0.0773839
0.096
0.13993
0.028
0.107339
0.017991
0.011477
0.0254873
0.137862
0.00449775
0.1535
0.0505
0.0135
0.182
0.111888
0.0095
0.205192
0.184631
0.133933
0.0215
0.131369
0.038
0.128372
0.00949051
0.144
0.0269865
0.156765
0.00649675
0.165335
0.0975
0.0265
0.0369446
0.0785
0.174326
0.133234
0.0304391
0.135796
0.00798802
0.127936
0.093
0.0908184
0.014
0.019
0.18041
0.136432
0.134
0.12044
0.139361
0.013
0.106394
0.1515
0.127
0.164
0.00799201
0.146
0.026
0.171
0.081959
0.107393
0.102398
0.0104948
0.143
0.133234
0.00898652
0.1255
0.0089955
0.017
0.104448
0.0985
0.118
0.0804598
0.115942
0.03996
0.1515
0.0763854
0.0124875
0.138293
0.157343
0.1335
0.0114943
0.0835
0.02
0.141
0.010978
0.0134865
0.136
0.108946
0.0989505
0.0115
0.143928
0.110889
0.013
0.115826
0.0983525
0.00848727
0.0209685
0.167333
0.131369
0.0135
0.132302
0.0264735
0.0935
0.165
0.164
0.082
0.128743
0.0975
0.1505
0.1215
0.13037
0.085957
0.0304695
0.119
0.137431
0.137431
0.0134933
0.0802993
0.137
0.151
0.0089955
0.143
0.101949
0.131934
0.082
0.0134865
0.091363
0.126311
0.1165
0.0349825
0.116883
0.133
0.114386
0.143928
0.0169661
0.142287
0.085
0.14043
0.155267
0.163
0.00949525
0.153423
0.005
0.054
0.0948104
0.0104948
0.108946
0.108
0.116708
0.1505
0.00399401
0.124438
0.121817
0.00549725
0.139
0.0104843
0.112388
0.0689655
0.05997
0.0015
0.132867
0.151
0.0944528
0.131369
0.0977069
0.139361
0.00949525
0.0909091
0.106234
0.086
0.156422
0.1435
0.13
0.00649351
0.192308
0.112388
0.1315
0.1345
0.0954046
0.0144928
0.0195
0.003998
0.1515
0.0655
0.124438
0.14093
0.01
0.163
0.102
0.148777
0.167333
0.1485
0.132
0.003998
0.00699301
0.025987
0.0314843
0.102897
0.108
0.0565
0.151924
0.124
0.0049975
0.16
0.048
0.0974513
0.14
0.0844578
0.12681
0.013
0.102346
0.0929535
0.0809191
0.155689
0.0169745
0.0889555
0.013
0.16018
0.109445
0.108337
0.1165
0.114
0.130435
0.16034
0.0689655
0.0984016
0.0815
0.03998
0.141858
0.101
0.161677
0.107393
0.1355
0.14985
0.0254873
0.157763
0.108837
0.1015
0.0977069
0.0755
0.039
0.113886
0.136863
0.01998
0.115
0.132867
0.16092
0.0975
0.135365
0.0115
0.0134933
0.153423
0.0975
0.0853719
0.0835
0.025987
0.0319521
0.1215
0.121257
0.12
0.0114885
0.00998502
0.146853
0.0195
0.0968064
0.135
0.09
0.096
0.0124938
0.00949051
0.13037
0.151
0.007
0.11982
0.0915
0.108
0.1095
0.151
0.134865
0.151424
0.0755
0.1225
0.0895
0.0314843
0.099
0.135796
0.1245
0.0694653
0.00449326
0.012
0.0974513
0.0935
0.085957
0.0254873
0.138293
0.129
0.121
0.165
0.0949525
0.026
0.0265
0.0534199
0.137656
0.0915
0.132368
0.15976
0.1125
0.0793809
0.096
0.11
0.161419
0.0175
0.161178
0.011
0.130175
0.1215
0.117882
0.1465
0.00649675
0.0709645
0.131934
0.1655
0.0215
0.00799201
0.104396
0.127
0.144428
0.0269865
0.0658683
0.131
0.139291
0.140789
0.1495
0.1115
0.0964518
0.117383
0.0909545
0.0505
0.023988
0.019
0.0379431
0.0728907
0.121257
0.124938
0.015992
0.1055
0.0114943
0.157343
0.0115
0.136863
0.0768463
0.0594703
0.130175
0.0738155
0.108
0.117647
0.067
0.088
0.117882
0.0354823
0.0189905
0.057
0.135
0.133
0.0195
0.153423
0.1335
0.1225
0.0895
0.0795
0.0749625
0.0614693
0.016
0.0904096
0.162257
0.091363
0.104396
0.110279
0.154423
0.02997
0.0964036
0.1435
0.115442
0.107393
0.12032
0.003996
0.1215
0.151924
0.1075
0.106234
0.0915
0.0714286
0.1195
0.1215
0.1065
0.0239641
0.151772
0.00749251
0.108337
0.124438
0.135
0.0749625
0.0195
0.132
0.137656
0.0095
0.0215
0.0965
0.207396
0.128
0.0314843
0.013
0.0464768
0.097354
0.118
0.0575
0.11333
0.100349
0.1215
0.0055
0.12094
0.013
0.1225
0.156
0.0395
0.035
0.00849575
0.108891
0.0129935
0.071
0.0184631
0.014
0.123377
0.1205
0.138653
0.09336
0.00698952
0.132434
0.137
0.01997
0.01
0.123438
0.0344828
0.0254873
0.0938592
0.011994
0.129371
0.172
0.1145
0.16026
0.004
0.00449775
0.0209895
0.118
0.0654673
0.182817
0.144855
0.1085
0.14093
0.0164753
0.0845
0.0105
0.0124938
0.0934533
0.12044
0.121
0.114271
0.128
0.0689311
0.106394
0.0095
0.143641
0.1145
0.013
0.1065
0.0204898
0.0294705
0.041
0.115826
0.0229885
0.114443
0.133234
0.107446
0.155922
0.117882
0.0109945
0.1135
0.1285
0.176236
0.16092
0.166833
0.16026
0.0334165
0.0095
0.006
0.166833
0.0264868
0.117
0.1455
0.0194805
0.0164753
0.03
0.137931
0.145282
0.12094
0.108337
0.138931
0.008
0.1285
0.0505
0.166334
0.14
0.1185
0.125937
0.0105
0.134865
0.131934
0.0975
0.0045
0.0654019
0.0105
0.0394605
0.0689655
0.121257
0.0774613
0.0264868
0.083
0.116708
0.135432
0.156422
0.0175
0.145
0.0995
0.129435
0.10634
0.123
0.152924
0.132
0.037
0.161339
0.00549176
0.0305
0.155345
0.13993
0.148
0.14093
0.155345
0.027
0.101
0.0859141
0.104895
0.145927
0.0774613
0.103345
0.04
0.038
0.164
0.0045
0.1255
0.0155
0.1215
0.081959
0.118441
0.0109945
0.0335
0.00349825
0.123876
0.0134865
0.0105
0.1355
0.157921
0.0134933
0.108837
0.086
0.096
0.108
0.156765
0.129371
0.137294
0.11982
0.013986
0.0935
0.0924538
0.117
0.16
0.0209895
0.0065
0.0404393
0.123876
0.1005
0.0104948
0.130935
0.0125
0.0923615
0.134933
0.126374
0.1245
0.047976
0.129
0.0209685
0.100299
0.1185
0.131934
0.0909091
0.0924076
0.16
0.026973
0.101949
0.0859141
0.146427
0.02997
0.128372
0.1325
0.141359
0.118382
0.165335
0.1115
0.00698603
0.1095
0.108946
0.0574139
0.00999001
0.1225
0.0115
0.097354
0.0134865
0.163418
0.137862
0.136296
0.13943
0.00998502
0.139291
0.0135
0.111888
0.1485
0.102897
0.102897
0.145927
0.0149925
0.0089955
0.095952
0.117
0.1195
0.088
0.128743
0.1015
0.013
0.0974026
0.11982
0.0149925
0.1625
0.118323
0.116825
0.00749251
0.1395
0.039
0.1185
0.165
0.0069965
0.0284858
0.102949
0.1055
0.127936
0.0505
0.1195
0.013
0.115442
0.077
0.010479
0.1015
0.100849
0.167916
0.136432
0.0934533
0.148851
0.1365
0.1535
0.107784
0.0209581
0.0344483
0.124875
0.0543641
0.1065
0.1375
0.065967
0.14043
0.1045
0.155689
0.136
0.0095
0.0945
0.0968064
0.133933
0.124
0.038
0.122439
0.118762
0.0768463
0.171914
0.1105
0.1515
0.136
0.114386
0.1535
0.144428
0.0889555
0.151
0.0505
0.164
0.1235
0.100849
0.05
0.026
0.0845
0.127
0.0999001
0.0134865
0.0654019
0.122877
0.0938592
0.0234883
0.022977
0.13037
0.0905
0.13
0.0729635
0.0654673
0.0164835
0.0114943
0.0324351
0.151924
0.1375
0.128807
0.102897
0.143928
0.013
0.124
0.00649675
0.0738892
0.037
0.134933
0.104448
0.175824
0.0104948
0.189216
0.128
0.155422
0.0815
0.1465
0.107446
0.1255
0.12
0.131369
0.00849575
0.00798005
0.0645
0.101949
0.127309
0.0949525
0.0953094
0.0145
0.01
0.00999001
0.100349
0.165
0.02
0.110279
0.125
0.0549725
0.045977
0.110834
0.0179641
0.146853
0.128372
0.0465
0.141429
0.151924
0.0869565
0.0809191
0.0234883
0.1025
0.103345
0.136863
0.138293
0.0554723
0.131
0.00848727
0.124
0.132867
0.0104948
0.007
0.102
0.0105
0.0274725
0.1255
0.0134798
0.0915
0.0954523
0.00649351
0.10634
0.127436
0.1165
0.095
0.135
0.102
0.108
0.112887
0.136863
0.0065
0.096
0.126374
0.164
0.101949
0.101
0.1165
0.0604094
0.1375
0.146853
0.132867
0.009
0.0824176
0.015992
0.132934
0.107339
0.124938
0.136296
0.108946
0.12
0.1145
0.089
0.106394
0.115442
0.118441
0.1225
0.14
0.0918622
0.0175
0.0109945
0.0229885
0.128
0.141429
0.102
0.135
0.004995
0.165417
0.023976
0.1055
0.0229885
0.149425
0.148
0.00949525
0.149351
0.0129935
0.1255
0.156
0.1645
0.143713
0.112831
0.112
0.028
0.146427
0.155422
0.1145
0.114386
0.0909091
0.153
0.118
0.136228
0.1145
0.161838
0.010989
0.00649351
0.0095
0.078
0.1215
0.0975
0.148851
0.0264735
0.0089955
0.111333
0.0234883
0.099351
0.148278
0.123876
0.114386
0.0815
0.109391
0.069965
0.129
0.013
0.10045
0.00349825
0.159341
0.1405
0.115
0.138653
0.147
0.0174913
0.140789
0.101
0.137862
0.142358
0.126437
0.0975
0.1525
0.115
0.013
0.112388
0.134865
0.00749251
0.148851
0.112
0.161339
0.158683
0.0694653
0.1285
0.075962
0.131434
0.119
0.0299401
0.128
0.132
0.1415
0.17973
0.165
0.0045
0.110445
0.035
0.129
0.081959
0.177911
0.145927
0.0649351
0.1645
0.005997
0.00649351
0.128871
0.168416
0.00749251
0.12681
0.097354
0.124938
0.144356
0.1595
0.153923
0.153
0.0574139
0.116825
0.135796
0.0364818
0.113886
0.132
0.130935
0.135
0.1255
0.0915
0.138723
0.0049975
0.13
0.139
0.117941
0.115442
0.1225
0.102949
0.122439
0.099
0.0675
0.1645
0.1145
0.0809191
0.136863
0.0114943
0.0464768
0.00648379
0.1495
0.1095
0.0768463
0.121817
0.149925
0.1025
0.108946
0.137
0.14
0.152924
0.133
0.0709645
0.142358
0.14985
0.117
0.0109945
0.132
0.0134865
0.0948104
0.036963
0.125437
0.165
0.114
0.129805
0.0105
0.12
0.0105
0.121939
0.01
0.135365
0.153
0.0729635
0.121
0.0983525
0.0195
0.108
0.0944056
0.1333
0.138792
0.118
0.025
0.0114943
0.0245
0.121257
0.149425
0.128436
0.1215
0.0364818
0.142929
0.135432
0.163
0.0105
0.1325
0.0915
0.003996
0.114
0.0904096
0.1215
0.0214678
0.0853719
0.134
0.00399401
0.0169661
0.117
0.132302
0.0209581
0.117647
0.009
0.00849575
0.0219561
0.128743
0.00749625
0.0909091
0.102949
0.01
0.0404393
0.007
0.00849575
0.135432
0.1335
0.1255
0.155766
0.128372
0.143285
0.143856
0.097354
0.0214785
0.0114943
0.1055
0.1485
0.0969515
0.04
0.0404595
0.03996
0.007
0.00349825
0.0968064
0.123876
0.116883
0.0114943
0.115826
0.144428
0.0768463
0.011994
0.15992
0.13943
0.0114885
0.0644678
0.147
0.111888
0.14985
0.101399
0.0195
0.1495
0.0899101
0.0115
0.00749251
0.14
0.0664668
0.124626
0.148851
0.1115
0.0579131
0.0114943
0.0655
0.1215
0.0204795
0.00698952
0.141
0.129805
0.0134933
0.0104895
0.133
0.1185
0.11
0.00798005
0.035
0.0264868
0.00748877
0.043978
0.0144855
0.0265
0.038
0.138931
0.137931
0.133933
0.00949051
0.00849151
0.003998
0.1665
0.003998
0.0115
0.0844156
0.12
0.157421
0.0609391
0.007
0.127
0.125
0.109445
0.00699301
0.124938
0.0215
0.103293
0.0124938
0.0745
0.104
0.092
0.11
0.1475
0.142929
0.098
0.14043
0.0649351
0.096
0.125375
0.0845
0.036
0.0844156
0.0154845
0.100299
0.069965
0.0749251
0.1025
0.0354645
0.0314843
0.124938
0.0844156
0.0129935
0.103948
0.0845
0.16092
0.024975
0.1035
0.0989505
0.061
0.103293
0.1285
0.110279
0.135
0.138931
0.115442
0.1255
0.013
0.1315
0.126311
0.1225
0.0639041
0.1205
0.0354823
0.14
0.0169915
0.1395
0.0349476
0.144855
0.146853
0.0823764
0.1505
0.119
0.003996
0.097
0.1635
0.0144855
0.137294
0.0179641
0.0773839
0.143
0.182
0.140859
0.0115
0.125937
0.124875
0.155345
0.0055
0.1025
0.056
0.12094
0.147778
0.144356
0.147353
0.133933
0.1315
0.0114943
0.0209581
0.0129805
0.111888
0.148926
0.1325
0.189216
0.112
0.0179641
0.125312
0.0314843
0.0544728
0.007
0.14043
0.147778
0.0944528
0.1445
0.1085
0.1625
0.108
0.0134663
0.0534199
0.0905
0.013
0.145
0.115826
0.108
0.024
0.102
0.0889555
0.116
0.0729635
0.0914543
0.131303
0.0294853
0.0844156
0.1255
0.126937
0.081
0.102398
0.02
0.117647
0.0195
0.144428
0.118146
0.156
0.108337
0.135432
0.123814
0.0225
0.0495
0.1515
0.1185
0.13037
0.034414
0.1125
0.008
0.0524738
0.149925
0.0689655
0.125375
0.072
0.1245
0.1285
0.0895
0.036963
0.121
0.1105
0.103
0.026
0.205192
0.110279
0.0114943
0.1145
0.119
0.157763
0.112
0.00449326
0.155345
0.143
0.0768463
0.0949525
0.0049975
0.118762
0.140859
0.135932
0.01
0.048
0.0814593
0.0924076
0.00898652
0.0895
0.1265
0.1445
0.11994
0.0659011
0.1645
0.158683
0.145927
0.013
0.12681
0.105
0.136
0.134865
0.0495
0.127436
0.006
0.0934533
0.14093
0.1125
0.1015
0.0285
0.0964518
0.0958084
0.144855
0.117441
0.127
0.127373
0.1335
0.152196
0.143428
0.12
0.0799201
0.151424
0.114
0.0839161
0.022977
0.0674326
0.11477
0.123938
0.118146
0.073
0.0738892
0.1675
0.12
0.015984
0.0614386
0.0015
0.0085
0.135432
0.147852
0.00449775
0.128807
0.108946
0.011
0.128436
0.144356
0.00449775
0.1645
0.118382
0.108
0.148926
0.107
0.0629056
0.0345
0.0744628
0.135365
0.124438
0.12032
0.102897
0.0728907
0.137
0.082
0.101
0.0575
0.0144783
0.0095
0.1335
0.139361
0.0944056
0.112444
0.0948104
0.121439
0.0114943
0.133799
0.101
0.097354
0.065
0.0264868
0.019
0.108
0.0738892
0.0124938
0.0344828
0.166833
0.0649351
0.165335
0.128436
0.0145
0.109
0.207396
0.085
0.177733
0.0114943
0.165917
0.151924
0.140789
0.0345
0.1885
0.004995
0.0905
0.0835
0.164
0.129
0.129805
0.061
0.0794603
0.143713
0.083958
0.0965
0.11982
0.061
0.1255
0.134232
0.00849575
0.16042
0.165
0.05997
0.108337
0.0309845
0.10989
0.122439
0.019
0.0898652
0.00899101
0.1365
0.1145
0.0915
0.0429785
