0.0245
0.0254618
0.137431
0.108
0.0955
0.0855
0.0044955
0.0723914
0.13993
0.0224888
0.0985
0.1555
0.0574426
0.037
0.0838742
0.00949051
0.1235
0.021967
0.127
0.158342
0.137862
0.109391
0.151848
0.112388
0.12
0.112
0.1315
0.0285
0.100748
0.12
0.0954046
0.022
0.107446
0.026973
0.0314371
0.019
0.0944528
0.0764618
0.118941
0.0105
0.0564436
0.1035
0.02
0.151848
0.019
0.084
0.00699301
0.14036
0.0285
0.046953
0.168831
0.15
0.0264603
0.158342
0.1085
0.124376
0.0154923
0.0364818
0.0924538
0.141929
0.14
0.174065
0.0848727
0.004
0.14043
0.0914543
0.0664668
0.128372
0.124688
0.0305
0.1015
0.080798
0.004
0.151848
0.106447
0.0479281
0.0454545
0.089955
0.142358
0.188811
0.0684658
0.1115
0.014
0.14043
0.135
0.0425
0.0555
0.118
0.023
0.0859141
0.083958
0.135432
0.0935
0.0154923
0.123
0.153423
0.1245
0.00848727
0.00799201
0.153194
0.089955
0.136863
0.116
0.151
0.108
0.14093
0.013993
0.087
0.103397
0.1395
0.0895
0.124938
0.022
0.0883674
0.031984
0.11994
0.097354
0.0194903
0.007996
0.132735
0.0555
0.179142
0.0975
0.129435
0.065
0.120879
0.112444
0.107
0.1005
0.14
0.141359
0.0894553
0.153923
0.0988517
0.0265
0.105447
0.0785
0.015
0.074
0.0605
0.022
0.16026
0.0075
0.0544456
0.0194903
0.0764618
0.0189905
0.093953
0.0765
0.086
0.0855
0.1305
0.083958
0.09336
0.0584708
0.0664004
0.0285
0.017982
0.163418
0.110279
0.160679
0.0189905
0.033983
0.0149925
0.12
0.1095
0.005997
0.1475
0.1105
0.136432
0.0509236
0.083
0.0205
0.0184908
0.0304695
0.01
0.00549725
0.163
0.108
0.023
0.0249875
0.0224663
0.142857
0.083958
0.114386
0.116
0.1235
0.148352
0.112444
0.1495
0.05
0.129935
0.100899
0.144855
0.051
0.019
0.0894553
0.01
0.1265
0.1255
0.113772
0.0414585
0.0829171
0.00798802
0.0285
0.125937
0.0265
0.014
0.0235
0.1215
0.01999
0.124
0.0165
0.1155
0.0964036
0.1215
0.188811
0.015984
0.0359461
0.1455
0.0265
0.107
0.0825
0.0954046
0.1195
0.09
0.107446
0.123876
0.148851
0.0874563
0.0595
0.0129935
0.023988
0.112
0.0144855
0.122439
0.0984508
0.0713929
0.132434
0.116883
0.100849
0.133
0.019
0.0985
0.00849575
0.151
0.144928
0.0324838
0.0144928
0.018981
0.009
0.00649026
0.118881
0.00849575
0.127
0.125
0.0884558
0.0114885
0.129
0.033
0.1165
0.020979
0.1185
0.1715
0.026973
0.1115
0.028971
0.100349
0.0364818
0.0355
0.0085
0.037
0.0114885
0.021989
0.13
0.0105
0.116
0.118382
0.023
0.0279441
0.1045
0.121318
0.0884558
0.132434
0.020979
0.0969515
0.147
0.0129935
0.09
0.028971
0.11
0.068
0.107892
0.103448
0.0584708
0.163
0.1465
0.152847
0.0214893
0.051
0.1285
0.1195
0.0889555
0.104291
0.1135
0.173413
0.16026
0.071964
0.14036
0.0868263
0.075962
0.0244633
0.125874
0.0954046
0.06
0.0115
0.099
0.0325
0.0983525
0.104291
0.143
0.117441
0.0234297
0.0704648
0.0325
0.0595
0.03
0.1155
0.026
0.1385
0.1065
0.1135
0.019
0.116209
0.087
0.0744628
0.137862
0.015
0.0309845
0.08
0.085957
0.0948577
0.0704648
0.084
0.0749251
0.1135
0.1365
0.00849151
0.08
0.137294
0.12
0.13
0.015984
0.0575
0.033
0.109445
0.00949051
0.082
0.00948577
0.1515
0.125
0.128936
0.0204693
0.0875
0.0715
0.021989
0.0884558
0.101847
0.124
0.00949525
0.095952
0.0988517
0.0335
0.117324
0.147926
0.015
0.038961
0.053
0.0115
0.0359461
0.153
0.0644356
0.0775
0.0664668
0.014
0.12
0.071
0.0579421
0.1165
0.156765
0.0948577
0.0624376
0.093953
0.009
0.126873
0.134366
0.04
0.0049975
0.1445
0.0364818
0.163418
0.1245
0.1635
0.112
0.0055
0.022
0.110945
0.0265
0.0934533
0.111944
0.151924
0.0508982
0.0085
0.0669331
0.0924076
0.101
0.0405
0.0065
0.0469765
0.0415
0.00898652
0.0264603
0.1215
0.0978532
0.00949051
0.142358
0.117324
0.1145
0.074
0.144783
0.105841
0.14093
0.146427
0.112444
0.1185
0.110834
0.122939
0.1455
0.0579421
0.114386
0.11
0.116825
0.003
0.142929
0.007996
0.0974513
0.00998004
0.0264603
0.0714643
0.074
0.0904548
0.163
0.11
0.033983
0.143928
0.0044955
0.0344828
0.041958
0.14093
0.106786
0.0469765
0.0225
0.071
0.1135
0.132934
0.105
0.0855
0.118382
0.0853719
0.013
0.0888667
0.0984016
0.0675
0.116825
0.111
0.116825
0.0804196
0.08
0.007
0.0124938
0.0474763
0.1005
0.0205
0.0854573
0.071
0.12
0.027972
0.145927
0.133799
0.0949051
0.0044955
0.0495
0.112
0.0804598
0.1075
0.103448
0.0888667
0.1135
0.1275
0.0664004
0.0589705
0.0075
0.0885
0.131802
0.105342
0.051
0.0774613
0.1255
0.0124938
0.074
0.128936
0.121
0.0887338
0.062
0.00799201
0.105894
0.151424
0.0174651
0.102897
0.167916
0.0669665
0.0964518
0.058
0.0085
0.0944056
0.0629371
0.0244878
0.062
0.010989
0.144
0.1235
0.114443
0.10684
0.116
0.0229885
0.095
0.109445
0.108337
0.01999
0.138362
0.129
0.0928607
0.144928
0.0669331
0.0983525
0.0134933
0.144
0.0544456
0.1315
0.0589705
0.0485
0.128936
0.149775
0.0774613
0.0774613
0.1035
0.091954
0.074
0.0508982
0.0115
0.119321
0.1245
0.115
0.12094
0.028
0.147426
0.0804598
0.0344828
0.138431
0.1485
0.022
0.065967
0.153423
0.0265
0.120819
0.0129805
0.143428
0.153423
0.114
0.0104948
0.126248
0.005997
0.0304695
0.019
0.021
0.166417
0.100349
0.1395
0.0185
0.100748
0.137431
0.0324838
0.0264471
0.0155
0.0314528
0.1515
0.125749
0.1135
0.0899101
0.0894553
0.154038
0.105841
0.138
0.135
0.085957
0.081959
0.0514229
0.0883674
0.12987
0.0794603
0.0114885
0.0969515
0.132368
0.151424
0.0544456
0.128372
0.137363
0.0384808
0.098
0.018
0.114
0.1495
0.109391
0.034
0.0933134
0.120879
0.125
0.11
0.0625
0.116384
0.0314685
0.015
0.011
0.163
0.0144783
0.089955
0.0865
0.0495
0.124688
0.081959
0.1135
0.104448
0.00549725
0.051
0.128436
0.0804598
0.0715
0.097
0.0554446
0.0629685
0.0104948
0.0365
0.102897
0.081959
0.132434
0.0714643
0.0384808
0.0264603
0.0825
0.0405
0.1405
0.024
0.1715
0.122939
0.0864568
0.0409795
0.0265
0.007
0.129371
0.12987
0.0784608
0.0165
0.1035
0.132434
0.1515
0.146
0.0855
0.0674663
0.11039
0.124875
0.111333
0.133799
0.0723914
0.113
0.0419162
0.1135
0.018
0.104396
0.0509236
0.0754623
0.0355
0.0384808
0.0149925
0.147
0.00749251
0.0883674
0.0975
0.022
0.0964518
0.1155
0.065967
0.0574426
0.0135
0.0734633
0.133367
0.0884558
0.0979021
0.0365
0.112944
0.0164918
0.124376
0.0704648
0.11039
0.023
0.0144928
0.0189905
0.0775
0.009
0.0474763
0.123438
0.084
0.042
0.088
0.102398
0.088
0.017991
0.118
0.0359461
0.100899
0.022
0.153423
0.1105
0.110889
0.0605
0.104948
0.0924076
0.168
0.126873
0.009
0.117441
0.0075
0.0149775
0.1705
0.08
0.135
0.127936
0.0469765
0.0124938
0.0115
0.0635
0.1245
0.0095
0.0104843
0.115
0.0964518
0.0305
0.038
0.128436
0.1435
0.13993
0.12094
0.0109835
0.1115
0.0124938
0.122877
0.0564436
0.153423
0.0499251
0.0975
0.0754623
0.127246
0.073
0.1085
0.166417
0.0998502
0.116766
0.0285
0.149925
0.126248
0.132867
0.144783
0.0848303
0.153423
0.095357
0.141288
0.12
0.147426
0.014
0.0474525
0.0938592
0.0729271
0.144
0.1315
0.0908637
0.183908
0.0124813
0.105342
0.0134798
0.114885
0.0874563
0.065
0.0988517
0.1455
0.0185
0.125
0.0929535
0.128871
0.1455
0.0154845
0.0125
0.0075
0.116384
0.015
0.123438
0.13993
0.00649351
0.0859141
0.124
0.108
0.0988517
0.0114943
0.114443
0.118
0.0919081
0.0289855
0.0304695
0.1035
0.0529735
0.114828
0.125937
0.0364818
0.014
0.116
0.0989505
0.0759241
0.0664336
0.126374
0.104343
0.022
0.12681
0.149925
0.0235
0.0085
0.0314528
0.1475
0.0594703
0.126
0.013993
0.011
0.0315
0.0425
0.138931
0.013993
0.149925
0.11994
0.0205
0.137363
0.0979021
0.084
0.074
0.108
0.11994
0.0065
0.0304695
0.00649026
0.029
0.0134933
0.065
0.144356
0.168
0.0384808
0.0514229
0.137294
0.0134933
0.047
0.117823
0.125375
0.058
0.092
0.037
0.0854146
0.17941
0.1445
0.1115
0.133
0.0793809
0.1285
0.131
0.171414
0.0425
0.021989
0.012
0.132934
0.1004
0.00699301
0.0829585
0.1525
0.128372
0.1545
0.126873
0.1085
0.138
0.11
0.127
0.1345
0.119321
0.0364818
0.14
0.137294
0.0713929
0.022
0.0704648
0.127
0.1505
0.102846
0.009995
0.0729271
0.0249626
0.006
0.0514229
0.005997
0.0255
0.074
0.125437
0.1305
0.01998
0.147
0.1045
0.0075
0.0384808
0.141429
0.154423
0.0804196
0.0785
0.1255
0.11994
0.1635
0.0095
0.0772682
0.021
0.112444
0.11994
0.033
0.011994
0.0195
0.1515
0.0814593
0.081959
0.0254745
0.054
0.0134933
0.0145
0.0859141
0.093953
0.0674663
0.00798802
0.168
0.13
0.115942
0.0489022
0.0934066
0.0134933
0.130435
0.148352
0.115
0.148352
0.0709645
0.10684
0.0989505
0.1115
0.004995
0.0814186
0.0224663
0.0265
0.115385
0.007996
0.0264868
0.0868263
0.0274863
0.0994006
0.0215
0.121817
0.0065
0.017991
0.197204
0.105841
0.033
0.0135
0.103448
0.082
0.0759241
0.0115
0.128372
0.105
0.0854573
0.128308
0.07
0.125
0.128436
0.137363
0.065967
0.104843
0.0114885
0.114885
0.142358
0.115
0.0874563
0.033983
0.0854573
0.003996
0.0309845
0.0909091
0.156266
0.115
0.0644678
0.015984
0.0129935
0.135932
0.031984
0.0109835
0.166417
0.032967
0.152847
0.146427
0.0219561
0.0615
0.0244878
0.0635
0.058
0.125437
0.0274863
0.0594406
0.0124938
0.111888
0.005997
0.106
0.114
0.135
0.0774613
0.0514229
0.107339
0.0554446
0.098
0.133799
0.141359
0.0345
0.0965
0.012
0.0644678
0.156422
0.105447
0.1245
0.0869131
0.0995
0.14985
0.091
0.102897
0.105
0.0579421
0.097951
0.091954
0.143428
0.106
0.0574426
0.022
0.028971
0.0115
0.0364453
0.126
0.054
0.120819
0.0289421
0.009995
0.116942
0.0694653
0.109336
0.011988
0.00748503
0.1605
0.0324675
0.138931
0.015984
0.122
0.0993014
0.0069965
0.062
0.0815
0.0299401
0.1045
0.065
0.136432
0.00748503
0.0929071
0.0988517
0.029
0.0225
0.114443
0.101949
0.0879121
0.0894553
0.0889555
0.022
0.0775
0.1465
0.0635
0.0299401
0.019
0.0975
0.0134865
0.014
0.0359461
0.109281
0.116825
0.0075
0.1045
0.127246
0.1495
0.118323
0.0144711
0.0868263
0.096
0.0564718
0.00699301
0.1275
0.0954046
0.0075
0.112388
0.0229885
0.0224888
0.129306
0.0988517
0.0134798
0.1135
0.0424788
0.0129805
0.00648703
0.041979
0.0564436
0.00799201
0.0925
0.1025
0.0869131
0.1435
0.006
0.114443
0.0989011
0.0594703
0.0294558
0.0184908
0.149775
0.105342
0.084
0.083958
0.1345
0.087956
0.018981
0.129741
0.019
0.118941
0.139361
0.137431
0.04
0.108446
0.02
0.1655
0.009995
0.155689
0.148851
0.0624688
0.131802
0.0329835
0.01999
0.00549725
0.031984
0.0624688
0.00698952
0.033983
0.0824588
0.054
0.109391
0.0514229
0.119
0.1055
0.096
0.00749251
0.112
0.021989
0.027972
0.105
0.1405
0.006
0.0435
0.111832
0.115
0.161838
0.115
0.118881
0.115942
0.0824588
0.1015
0.0848727
0.105788
0.0244633
0.115942
0.063968
0.15942
0.022
0.0954046
0.1185
0.112
0.149276
0.0895
0.0144711
0.0974513
0.0954046
0.0469765
0.100899
0.143928
0.0968547
0.00749251
0.152
0.118441
0.116766
0.0085
0.0815
0.136432
0.0335
0.007
0.0888667
0.031984
0.119
0.139361
0.153423
0.111277
0.0454773
0.0325
0.1185
0.007
0.0954523
0.073963
0.0644356
0.0655
0.033
0.132735
0.0065
0.1155
0.088
0.1195
0.0185
0.071964
0.13986
0.1045
0.12
0.082
0.1365
0.0704648
0.1135
0.00698603
0.0784216
0.0894553
0.125437
0.1245
0.1035
0.1345
0.1495
0.037
0.134865
0.0294558
0.116209
0.0414585
0.046953
0.0454545
0.111
0.148554
0.073
0.007
0.0244878
0.0775
0.0194903
0.109281
0.0848303
0.0129935
0.0055
0.0384615
0.142429
0.0884558
0.1085
0.124376
0.0249875
0.131
0.00698952
0.158
0.1025
0.161339
0.0485
0.0454545
0.133
0.005997
0.0229885
0.0745
0.131802
0.14678
0.067966
0.0804196
0.0934533
0.0279441
0.0204693
0.15942
0.013
0.115
0.163
0.1485
0.0355
0.0205
0.0205
0.027972
0.0969515
0.0734633
0.124438
0.131
0.122877
0.014
0.135932
0.118941
0.0784608
0.0325
0.1025
0.0745
0.0574426
0.129306
0.0995
0.1515
0.097
0.124376
0.0815
0.0329835
0.025974
0.1205
0.013
0.15942
0.13943
0.089
0.0355
0.0499251
0.091954
0.147778
0.046
0.017991
0.143928
0.026
0.1085
0.1345
0.0085
0.163418
0.0355
0.00998004
0.0075
0.0479281
0.112444
0.00399401
0.145355
0.00448878
0.1115
0.019
0.00549725
0.0305
0.0804598
0.019
0.113
0.096
0.00649026
0.011994
0.003
0.109391
0.0689655
0.087956
0.00649351
0.0589705
0.0329835
0.0185
0.021989
0.127436
0.0105
0.0585
0.0509745
0.1205
0.138931
0.0713573
0.124438
0.102398
0.096
0.0749625
0.101
0.0409795
0.118
0.007996
0.0325
0.122877
0.057971
0.134865
0.095
0.0704296
0.155267
0.0185
0.0723914
0.0625
0.105788
0.0135
0.0994006
0.157921
0.033
0.0984508
0.0835
0.00698952
0.085
0.0565
0.124376
0.0954523
0.0635
0.006
0.010978
0.087956
0.144356
0.102949
0.0614386
0.073
0.1525
0.0774613
0.0184631
0.0848727
0.015992
0.158342
0.00949051
0.068
0.105841
0.1325
0.125375
0.085957
0.0859141
0.113
0.054
0.110279
0.0674663
0.0589705
0.0414793
0.10045
0.1365
0.02997
0.129935
0.0889555
0.0244878
0.1115
0.110889
0.1105
0.108446
0.115442
0.094
0.0689655
0.102398
0.106
0.126248
0.081
0.1125
0.012
0.0854573
0.107446
0.073
0.0524214
0.091954
0.144855
0.104343
0.0664668
0.102949
0.0095
0.077
0.101
0.033
0.0933134
0.0614386
0.1455
0.130435
0.117441
0.026973
0.12044
0.087
0.109445
0.1045
0.0814593
0.051
0.0355
0.029
0.0125
0.15992
0.0784216
0.102949
0.102743
0.065
0.0145
0.0719281
0.113
