0.105395
0.146707
0.185907
0.153423
0.1475
0.160759
0.1415
0.173327
0.129
0.108
0.135432
0.169415
0.1355
0.152
0.192
0.152
0.122816
0.142715
0.019
0.188906
0.161757
0.1605
0.0954523
0.134433
0.2115
0.1575
0.159
0.0129935
0.157
0.188
0.1295
0.153923
0.0324675
0.171828
0.1725
0.111444
0.016
0.152
0.112944
0.188
0.1105
0.186407
0.005997
0.051974
0.149
0.150275
0.163
0.154768
0.0795
0.123
0.1465
0.160759
0.1435
0.159261
0.091363
0.1295
0.151424
0.013
0.1555
0.150425
0.125937
0.145
0.178911
0.116
0.145427
0.1605
0.1845
0.15984
0.208
0.1415
0.03998
0.168164
0.174651
0.146427
0.127
0.1075
0.00998502
0.140789
0.00898652
0.13993
0.0124875
0.151924
0.0895
0.197401
0.1735
0.1415
0.01998
0.146
0.015984
0.0274588
0.024
0.17941
0.174913
0.008
0.124376
0.181409
0.1675
0.11994
0.1255
0.0829585
0.152348
0.177
0.16034
0.1795
0.113943
0.0874563
0.164418
0.0989505
0.1435
0.098
0.170415
0.0069965
0.131934
0.132
0.0215
0.1385
0.150925
0.061
0.17941
0.158841
0.0814593
0.155922
0.162756
0.017982
0.188717
0.134865
0.130804
0.144
0.190405
0.028
0.167333
0.17941
0.165
0.139
0.143
0.1085
0.1845
0.183317
0.162338
0.147426
0.171914
0.107285
0.150925
0.026
0.21989
0.165
0.13943
0.167416
0.173413
0.156344
0.051974
0.154923
0.157921
0.2065
0.02
0.079
0.01998
0.00899101
0.0958562
0.13993
0.00798802
0.16
0.142429
0.177411
0.151848
0.163754
0.146927
0.0175
0.1745
0.152348
0.164671
0.184316
0.126374
0.1785
0.16092
0.0154768
0.156687
0.18041
0.168993
0.0954523
0.176912
0.0234765
0.183
0.132368
0.18014
0.0204693
0.2155
0.189
0.106
0.108946
0.151424
0.0965
0.112388
0.1915
0.0344311
0.125312
0.170415
0.17941
0.125811
0.033983
0.152348
0.1605
0.156422
0.127
0.158921
0.131303
0.117324
0.0204591
0.159
0.188906
0.166417
0.122378
0.154923
0.150849
0.148426
0.16983
0.0294705
0.009
0.149775
0.153693
0.0174913
0.1535
0.134433
0.182409
0.17941
0.141288
0.13943
0.167
0.0565
0.126937
0.177411
0.13943
0.171329
0.153923
0.123377
0.1775
0.128
0.1475
0.186407
0.11
0.218173
0.164
0.1655
0.045
0.123
0.11988
0.0069965
0.172
0.1675
0.1175
0.115
0.00948577
0.0878682
0.169
0.14036
0.114943
0.166334
0.019
0.169915
0.126747
0.0205
0.015
0.150425
0.026
0.131934
0.17941
0.193903
0.110445
0.176
0.178911
0.0909091
0.163918
0.017
0.1425
0.13993
0.150925
0.155766
0.13993
0.151848
0.141
0.0723914
0.0235
0.138861
0.142
0.154923
0.0774613
0.156188
0.10978
0.160759
0.123315
0.153846
0.142429
0.145355
0.157921
0.130935
0.16983
0.01999
0.154768
0.190905
0.174825
0.14036
0.153423
0.12038
0.129371
0.164918
0.159182
0.0664336
0.0224551
0.0869131
0.118881
0.138
0.168
0.167416
0.159
0.179052
0.168164
0.178643
0.1435
0.0145
0.1955
0.0884558
0.161838
0.1435
0.0554723
0.1475
0.011982
0.162419
0.156
0.0105
0.163
0.155922
0.1075
0.14036
0.1575
0.163
0.166917
0.147926
0.1885
0.165
0.143285
0.021
0.146281
0.177323
0.14036
0.175972
0.108337
0.01
0.0214785
0.1645
0.166
0.121439
0.0245
0.136432
0.1295
0.0134933
0.194903
0.16
0.190905
0.016
0.1845
0.00698952
0.13943
0.1605
0.108891
0.00648703
0.159
0.00899101
0.127936
0.131
0.165417
0.1655
0.163
0.139721
0.189311
0.178411
0.0848303
0.15992
0.124438
0.153846
0.161419
0.122
0.010989
0.0185
0.11039
0.097951
0.127936
0.14043
0.124938
0.1735
0.012
0.137
0.148
0.1605
0.147426
0.1095
0.023988
0.144356
0.015
0.0705
0.1375
0.216
0.01998
0.1355
0.018981
0.138723
0.137862
0.13986
0.197901
0.103293
0.15992
0.176
0.109445
0.149425
0.1345
0.09
0.185907
0.158921
0.199
0.1845
0.1745
0.1635
0.01
0.162
0.1425
0.16026
0.128372
0.153423
0.0214893
0.0864568
0.145854
0.156687
0.16042
0.169415
0.1625
0.136432
0.1365
0.187
0.177911
0.148851
0.008
0.2255
0.16
0.111944
0.174913
0.0209685
0.150925
0.176
0.181
0.18041
0.163
0.1285
0.152424
0.124
0.124438
0.153923
0.01998
0.16
0.11994
0.007
0.134
0.11994
0.061
0.143713
0.0324675
0.126937
0.167
0.143
0.118
0.136795
0.1535
0.1655
0.146281
0.164753
0.1075
0.112275
0.21989
0.165
0.05997
0.18041
0.1415
0.167
0.0929535
0.131802
0.134865
0.01998
0.163
0.159
0.124813
0.21989
0.156344
0.0244878
0.1945
0.127872
0.138723
0.153
0.1425
0.150925
0.14043
0.121
0.165417
0.152
0.126937
0.1295
0.1265
0.051974
0.126937
0.146427
0.152424
0.184908
0.1085
0.020979
0.183
0.1475
0.033983
0.1385
0.192308
0.173327
0.007
0.190905
0.006
0.18032
0.00749625
0.0645
0.1475
0.167916
0.1495
0.142358
0.15984
0.113772
0.134433
0.1555
0.0069965
0.163754
0.128372
0.0989505
0.152424
0.00949525
0.1705
0.1445
0.169745
0.0875
0.109445
0.168
0.117882
0.1645
0.156188
0.156344
0.118382
0.153423
0.173
0.0965
0.126
0.21989
0.00949525
0.136863
0.1775
0.1485
0.135932
0.1625
0.1955
0.107446
0.138
0.152924
0.146853
0.149
0.00698603
0.188
0.11039
0.144428
0.00998502
0.167
0.145355
0.128308
0.165
0.181409
0.033983
0.173
0.171414
0.06
0.161838
0.146
0.13943
0.006
0.107446
0.14022
0.17941
0.0444778
0.113886
0.170915
0.152924
0.1645
0.1885
0.031968
0.157921
0.130935
0.151424
0.190215
0.111832
0.161919
0.147
0.159
0.109336
0.165417
0.105342
0.146208
0.133234
0.1035
0.1605
0.017
0.1565
0.1885
0.0069965
0.188312
0.143
0.164753
0.1565
0.101399
0.170915
0.133433
0.015
0.143
0.15984
0.114329
0.0075
0.1385
0.142429
0.127
0.00599401
0.146
0.122816
0.1425
0.139651
0.131868
0.1605
0.127373
0.117
0.126747
0.1615
0.163918
0.190905
0.16092
0.14
0.018
0.179
0.178732
0.0165
0.154768
0.11994
0.18
0.13037
0.206897
0.1435
0.141288
0.107446
0.1485
0.1555
0.158683
0.153923
0.191404
0.126747
0.164254
0.158921
0.1355
0.161419
0.0115
0.181409
0.0065
0.152424
0.159261
0.198401
0.0929535
0.1175
0.162419
0.1795
0.129435
0.168
0.172
0.134
0.139721
0.015984
0.141359
0.169915
0.190405
0.0854573
0.188218
0.148
0.02
0.0274588
0.153693
0.146927
0.177911
0.146354
0.131802
0.148352
0.17941
0.166334
0.00948577
0.127
0.1075
0.175824
0.173
0.174825
0.144356
0.147
0.009
0.134865
0.125312
0.115327
0.177911
0.163337
0.145427
0.119202
0.178821
0.134
0.156188
0.153923
0.171914
0.17973
0.16018
0.171329
0.102
0.116267
0.1615
0.161677
0.128372
0.165
0.103948
0.05997
0.1415
0.147926
0.183317
0.165417
0.1385
0.1805
0.108946
0.129
0.1415
0.06
0.154269
0.182318
0.146281
0.156188
0.164254
0.011
0.0114885
0.163255
0.143357
0.011988
0.172242
0.174
0.077
0.149351
0.148
0.18041
0.158841
0.0984508
0.116
0.167
0.157343
0.124813
0.011988
0.181409
0.159
0.1315
0.127
0.0139721
0.133866
0.107285
0.208
0.0599401
0.1815
0.0075
0.189122
0.142929
0.144284
0.182318
0.166417
0.1395
0.169915
0.1295
0.0155
0.148777
0.139651
0.0154923
0.123438
0.0989505
0.16
0.1785
0.143
0.133866
0.097
0.2065
0.1145
0.164
0.0929535
0.035982
0.161919
0.198203
0.1245
0.0065
0.188717
0.163337
0.150925
0.005
0.0594406
0.171828
0.150849
0.143
0.017
0.139291
0.108946
0.0869131
0.167416
0.159341
0.145427
0.1645
0.191404
0.1195
0.18041
0.00698952
0.163418
0.1175
0.189405
0.126
0.157921
0.00899101
0.051974
0.1385
0.107946
0.1485
0.165834
0.174413
0.111944
0.184815
0.1395
0.166334
0.0209685
0.158421
0.1325
0.0429785
0.0049975
0.017
0.164254
0.173327
0.1105
0.173413
0.181
0.168416
0.127872
0.174913
0.183317
0.128871
0.145
0.1545
0.126
0.133433
0.174913
0.165417
0.0114885
0.1075
0.0855
0.0125
0.0114943
0.177911
0.157
0.152
0.131434
0.139291
0.143285
0.142429
0.017
0.170415
0.107446
0.016
0.1475
0.149
0.0205
0.162338
0.0225
0.142358
0.163418
0.135932
0.1185
0.165834
0.112944
0.00898652
0.130935
0.0294705
0.19202
0.019
0.1205
0.1155
0.1235
0.123
0.184408
0.0635
0.091363
0.160839
0.17991
0.181409
0.1715
0.005997
0.162
0.218173
0.1555
0.139721
0.17941
0.181409
0.167832
0.129435
0.118
0.14
0.1445
0.183
0.148
0.125
0.1785
0.133866
0.1635
0.00799201
0.0194903
0.142216
0.135365
0.00599401
0.009995
0.028
0.0664336
0.129177
0.129
0.1475
0.0599401
0.010989
0.190215
0.128372
0.174326
0.148426
0.1285
0.1415
0.123
0.186
0.148777
0.1435
0.143928
0.1165
0.1955
0.1325
0.146354
0.127
0.168164
0.0969515
0.0165
0.0114943
0.1775
0.145427
0.13993
0.156765
0.1175
0.0909091
0.17941
0.118382
0.200699
0.11994
0.0075
0.2003
0.129935
0.0209685
0.021
0.148851
0.131737
0.169915
0.151273
0.178411
0.16517
0.1555
0.142429
0.0209895
0.128871
0.1425
0.167416
0.165834
0.018
0.171
0.0089955
0.130869
0.1855
0.151
0.107446
0.163836
0.16042
0.142
0.14043
0.1615
0.134
0.134232
0.150774
0.116442
0.166
0.127
0.1365
0.185814
0.142216
0.09
0.105
0.0209685
0.0943585
0.163174
0.152424
0.0224888
0.182227
0.1395
0.162419
0.116883
0.0154923
0.139
0.0165
0.18041
0.00849151
0.138861
0.0615
0.169331
0.1475
0.0514486
0.14036
0.208
0.0444778
0.147926
0.1085
0.161419
0.173913
0.13
0.014
0.1465
0.14
0.11665
0.1165
0.0055
0.0154768
0.0324675
0.154
0.1885
0.157
0.003
0.144928
0.011988
0.125
0.141858
0.121439
0.0105
0.0865
0.158421
0.172
0.140648
0.143713
0.128308
0.16092
0.1845
0.0144783
0.123377
0.176
0.182136
0.13993
0.0865
0.009
0.136
0.097354
0.175412
0.1545
0.134
0.1845
0.152924
0.158921
0.1235
0.09
0.169915
0.1035
0.181409
0.1565
0.147926
0.129177
0.154768
0.187
0.226274
0.175824
0.152
0.163836
0.036
0.127309
0.144356
0.028
0.144284
0.191
0.12094
0.0884558
0.128436
0.189405
0.134
0.163836
0.00949525
0.181
0.0814593
0.0325
0.171329
0.134433
0.175412
0.158
0.143
0.1275
0.1775
0.208
0.026
0.1825
0.124813
0.178911
0.1595
0.138
0.166417
0.152924
0.1305
0.150849
0.0069965
0.17941
0.00949525
0.12094
0.164753
0.2065
0.154768
0.124813
0.178643
0.163918
0.0105
0.159
0.1115
0.150925
0.147926
0.1315
0.107285
0.007996
0.1625
0.135932
0.161919
0.127
0.0664336
0.15976
0.174
0.0214678
0.157
0.164753
0.113943
0.103896
0.1715
0.1285
0.1665
0.171414
0.1875
0.013
0.0798403
0.152
0.0324675
0.150699
0.14
0.129371
0.00849575
0.163918
0.185407
0.135661
0.103448
0.15992
0.15942
0.042
0.160759
0.1815
0.181228
0.1545
0.1235
0.12032
0.155
0.153
0.0175
0.1305
0.1475
0.1165
0.154923
0.179462
0.006
0.196705
0.178411
0.0114943
0.12
0.0204693
0.1785
0.016
0.167
0.0185
0.1545
0.147426
0.013986
0.165917
0.1
0.0239641
0.1445
0.02
0.004995
0.127
0.0075
0.176
0.1285
0.105
0.131934
0.1715
0.187219
0.009
0.1325
0.1425
0.1805
0.019
0.2003
0.153
0.146354
0.1515
0.1945
0.134865
0.241
0.12038
0.124438
0.14029
0.129805
0.164918
0.1785
0.144855
0.125375
0.126747
0.167832
0.1315
0.199002
0.016
0.1295
0.105894
0.13943
0.113886
0.153693
0.1785
0.175062
0.130804
0.0954046
0.098
0.124813
0.209895
0.131303
0.014
0.178911
0.149925
0.117441
0.1575
0.192
0.0909091
0.1295
0.145
0.009
0.165335
0.1705
0.0884558
0.168416
0.147852
0.166917
0.0325
0.114943
0.178911
0.1625
0.166334
0.0475
0.166
0.01
0.1595
0.0085
0.0114943
0.157921
0.111832
0.169246
0.197802
0.0604698
0.01999
0.188717
0.155
0.0215
0.152348
0.188906
0.122439
0.103948
0.015984
0.161919
0.152348
0.17324
0.178911
0.0154768
0.154923
0.126
0.1415
0.163337
0.1715
0.116
0.131934
0.135
0.0195
0.152924
0.143
0.116708
0.127
0.1275
0.1845
0.0549725
0.00848303
0.0174913
0.148
0.147
0.153347
0.1605
0.172914
0.0909091
0.1485
0.0185
0.1565
0.014
0.15
0.145427
0.0798403
0.111277
0.163174
0.159341
0.128936
0.007996
0.16092
0.171742
0.144428
0.0065
0.013979
0.0154923
0.163918
0.169915
0.0089955
0.171414
0.1425
0.174825
0.09
0.167416
0.008
0.1655
0.127309
0.17941
0.0994503
0.198203
0.0284858
0.1125
0.167748
0.035982
0.1145
0.152348
0.188312
0.0989011
0.0169915
0.15
0.0154768
0.115
0.1275
0.0963074
0.137793
0.022
0.121318
0.165
0.181909
0.129371
0.1555
0.154768
0.1295
0.166917
0.176912
0.0104843
0.1475
0.1905
0.17982
0.153923
0.123
0.157842
0.147
0.1435
0.0599401
0.1615
0.028
0.174413
0.1325
0.196304
0.0109945
0.163337
0.163918
0.170415
0.149425
0.2065
0.004995
0.13979
0.197802
0.190714
0.1635
0.145636
0.0124938
0.1105
0.139
0.143
0.174413
0.178911
0.0244878
0.10989
0.175736
0.1565
0.119
0.091363
0.1295
0.155922
0.103448
0.124813
0.0174913
0.0325
0.142
0.1655
0.164753
0.158921
0.16026
0.138431
0.130869
0.148352
0.168
0.16983
0.1825
0.181909
0.142929
0.174
0.005997
0.144284
0.0154768
0.203195
0.00599401
0.1635
0.03998
0.1265
0.178821
0.0215
0.161919
0.1395
0.142929
0.123
0.129935
0.00899101
0.1605
0.14043
0.149775
0.136432
0.117941
0.136932
0.010989
0.155422
0.151772
0.21989
0.194903
0.14043
0.16042
0.012987
0.15992
0.143856
0.14
0.0114943
0.176
0.143357
0.0144855
0.009
0.09
0.141429
0.0065
0.1035
0.1385
0.0865
0.1535
0.126374
0.161919
0.181228
0.123
0.162338
0.12094
0.184224
0.134
0.121817
0.138
0.00998502
0.1385
0.183633
0.11994
0.155345
0.0344311
0.1105
0.1395
0.173653
0.189905
0.1095
0.01
0.187
0.142
0.153923
0.03998
0.074
0.164254
0.197802
0.169415
0.150925
0.0394803
0.021978
0.1615
0.1705
0.226274
0.135365
0.174825
0.152
0.132368
0.158
0.174413
0.193806
0.139
0.15976
0.00949525
0.1885
0.176
0.171914
0.146
0.168416
0.0185
0.0809595
0.149425
0.143
0.0125
0.1695
0.136863
0.161919
0.1325
0.1415
0.127436
0.192
0.142429
0.00899101
0.0989011
0.1495
0.152196
0.169915
0.00998502
0.0514486
0.175
0.0155
0.148
0.142929
0.1195
0.167748
0.0635
0.1485
0.1415
0.116267
0.1355
0.1475
0.00849575
0.136
0.178911
0.146208
0.143
0.14043
0.1175
0.1435
0.137862
0.153423
0.173826
0.169331
0.114943
0.144428
0.185814
0.165417
0.0864568
0.019
0.12044
0.181818
0.115327
0.156687
0.141429
0.013979
0.143357
0.1475
0.160759
0.116942
0.17941
0.143928
0.111832
0.013
0.118
0.112275
0.171828
0.174825
0.169
0.132368
0.1645
0.1055
0.16042
0.161838
0.1055
0.175824
0.18981
0.1885
0.169
0.143
0.167916
0.148
0.1785
0.127
0.156188
0.182136
0.181409
0.156687
0.1175
0.109
0.115942
0.167416
0.15327
0.142
0.1615
0.006
0.103448
0.1425
0.017
0.149775
0.113
0.1495
0.1185
0.017
0.18032
0.1815
0.0965
0.153923
0.025987
0.149425
0.148
0.161677
0.15
0.13993
0.165335
0.142429
0.0144928
0.158105
0.0104843
0.12094
0.156422
0.0184815
0.1435
0.012987
0.079
0.087
0.139
0.019
0.181909
0.0849575
0.1525
0.164671
0.164254
0.1395
0.0325
0.195305
0.192308
0.2004
0.157921
0.188312
0.097951
0.118881
0.142715
0.1425
0.153423
0.168416
0.154
0.141929
0.16
0.115327
0.077
0.140648
0.007996
0.017
0.089
0.1095
0.1705
0.0149925
0.1815
0.1385
0.173327
0.142
0.214893
0.166833
0.166334
0.1635
0.156344
0.017
0.166417
0.01999
0.0804598
0.14036
0.0069965
0.121439
0.136432
0.0214893
0.1825
0.1355
0.172
0.0723914
0.115327
0.107285
0.124
0.19202
0.020979
0.162
0.13943
0.176
0.159182
0.134366
0.1555
0.126
0.184408
0.0814593
0.15
0.139721
0.1625
0.035982
0.128
0.17941
0.16
0.1305
0.178911
0.1365
0.0805
0.16034
0.0553892
0.126747
0.107285
0.1035
0.1775
0.153347
0.1435
0.15327
0.147426
0.117441
0.16092
0.1915
0.1675
0.023988
0.0865
0.1885
0.155844
0.149425
0.166833
0.2155
0.1055
0.00998502
0.00749251
0.153423
0.1425
0.151924
0.116942
0.0175
0.176
0.15992
0.199002
0.140789
0.00848303
0.1255
0.173
0.02
0.00449326
0.1345
0.125312
0.0174913
0.0215
0.1745
0.165
0.1185
0.175
0.167
0.1665
0.0085
0.139
0.1505
0.151
0.1025
0.177411
0.016
0.156344
0.122378
0.155
0.165
0.174913
0.197
0.131934
0.165417
0.1955
0.1565
0.1635
0.152
0.122939
0.084
0.19511
0.168
0.1575
0.1185
0.0105
0.121817
0.198901
0.107946
0.165
0.144855
0.118441
0.1165
0.0254618
0.124
0.0134731
0.184224
0.172914
0.1665
0.137294
0.121878
0.0495
0.123377
0.023988
0.123752
0.165417
0.1565
0.1425
0.187
0.17941
0.190405
0.16983
0.14
0.153923
0.124
0.158921
0.00648703
0.13993
0.188906
0.172242
0.146281
0.151924
0.1355
0.02
0.0774613
0.1605
0.014
0.163754
0.0105
0.0635
0.1175
0.150925
0.125811
0.00948577
0.147852
0.161419
0.112944
0.153
0.198901
0.169415
0.0599401
0.1775
0.135661
0.0883674
0.158683
0.1785
0.0444778
0.184908
0.168747
0.019
0.16042
0.1855
0.142929
0.107285
0.163337
0.12032
0.0519221
0.131303
0.1
0.0895
0.0344311
0.0605
0.0895
0.0878682
0.0114885
0.136932
0.1545
0.109336
0.148352
0.1805
0.126873
0.132934
0.1195
0.177
0.097354
0.178411
0.173327
0.111888
0.18981
0.143856
0.1555
0.025
0.122439
0.1785
0.17
0.0055
0.148
0.0309845
0.1575
0.1285
0.13943
0.149
0.109445
0.135365
0.144
0.0814593
0.131934
0.1105
0.011
0.130435
0.137862
0.163918
0.167748
0.153
0.152348
0.209
0.127872
0.128807
0.129371
0.151
0.183724
0.1635
0.135932
0.017
0.136932
0.129435
0.0485
0.2025
0.0224888
0.2015
0.188
0.0623752
0.165834
0.143713
0.125
0.150275
0.0089955
0.142929
0.153923
0.1635
0.1635
0.141
0.144428
0.159
0.0884558
0.162338
0.0963074
0.154346
0.163918
0.013
0.1875
0.108946
0.185
0.011
0.131802
0.0935
0.153423
0.0069965
0.138
0.149276
0.1355
0.166917
0.036
0.114329
0.1495
0.1325
0.131303
0.1675
0.154923
0.167832
0.155422
0.014
0.164418
0.165
0.163918
0.156344
0.141359
0.147
0.1605
0.135932
0.009
0.137862
0.009
0.0055
0.127
0.06
0.12038
