0.00349301
0.245877
0.168416
0.005
0.168
0.202197
0.210789
0.208
0.215892
0.202298
0.201399
0.197
0.0065
0.225
0.21318
0.206397
0.194
0.206397
0.241879
0.202899
0.2145
0.227886
0.207189
0.257
0.157421
0.211394
0.183908
0.19
0.212787
0.205897
0.0065
0.2065
0.262369
0.225887
0.19031
0.211
0.2505
0.205794
0.023
0.194903
0.245377
0.181409
0.205
0.197901
0.241
0.256872
0.225
0.214393
0.207189
0.192904
0.266367
0.201399
0.1735
0.2035
0.2125
0.245132
0.191
0.217891
0.0544184
0.199301
0.0089955
0.157343
0.245877
0.245377
0.186314
0.179
0.208896
0.182318
0.236264
0.003996
0.189905
0.217782
0.209895
0.2155
0.179
0.174413
0.235882
0.214
0.203898
0.223
0.01
0.1855
0.179321
0.177911
0.254873
0.249126
0.0184723
0.234383
0.262
0.215392
0.205794
0.229885
0.187
0.204591
0.21507
0.00898652
0.226887
0.0124875
0.198
0.0055
0.183908
0.0104895
0.262
0.245377
0.17941
0.190405
0.22039
0.208687
0.175736
0.174
0.215
0.1915
0.21029
0.194
0.192904
0.0065
0.00549451
0.230155
0.213393
0.1965
0.2025
0.195305
0.167916
0.2445
0.194
0.235382
0.139361
0.0104895
0.171414
0.190905
0.151349
0.176
0.197901
0.2045
0.250873
0.234765
0.208791
0.1755
0.1875
0.1485
0.175
0.218891
0.2595
0.211894
0.2325
0.209
0.1935
0.174413
0.209
0.211289
0.1855
0.239
0.0104895
0.256615
0.213786
0.25
0.217891
0.225
0.241879
0.1135
0.211289
0.195305
0.1999
0.18091
0.214893
0.00848303
0.245877
0.187906
0.183134
0.191904
0.157921
0.147206
0.250375
0.209895
0.195305
0.156922
0.217565
0.214893
0.21029
0.254873
0.193613
0.1635
0.216
0.1985
0.19031
0.2475
0.183408
0.0215
0.187812
0.2515
0.184
0.2295
0.2355
0.248
0.255372
0.182909
0.202797
0.1998
0.208479
0.241
0.1935
0.25937
0.188811
0.228886
0.00849151
0.006
0.2005
0.191
0.199301
0.2515
0.158184
0.189216
0.244256
0.206294
0.0125
0.1965
0.225
0.2345
0.238761
0.198
0.236
0.204
0.179321
0.23988
0.0215
0.242879
0.246
0.0605
0.209685
0.227886
0.2
0.242137
0.198203
0.159182
0.156
0.2125
0.187625
0.21
0.182409
0.197
0.2255
0.156
0.18091
0.24014
0.242137
0.21
0.251748
0.205192
0.132934
0.1845
0.176412
0.210895
0.194
0.0055
0.208396
0.161919
0.175912
0.225887
0.190905
0.2175
0.231884
0.192
0.188
0.147
0.235147
0.233915
0.22089
0.170915
0.1955
0.239261
0.189405
0.190905
0.234383
0.212
0.110889
0.2005
0.218781
0.239261
0.246
0.225
0.196206
0.2285
0.229885
0.1965
0.00549725
0.242137
0.219
0.2065
0.216
0.238
0.211394
0.21
0.245377
0.241895
0.198702
0.1825
0.2345
0.253373
0.178911
0.153117
0.178821
0.0184908
0.247876
0.1495
0.18981
0.228771
0.107946
0.2355
0.231653
0.232
0.181818
0.18091
0.185
0.0125
0.0075
0.2265
0.2055
0.245754
0.225
0.222
0.201399
0.169415
0.226274
0.1725
0.246377
0.218891
0.245255
0.2085
0.170744
0.223388
0.0124875
0.144928
0.242
0.215784
0.0095
0.178322
0.007996
0.214
0.212394
0.174
0.257
0.215892
0.241
0.1998
0.168416
0.215392
0.198702
0.266
0.225
0.236
0.009995
0.204898
0.203
0.154192
0.2655
0.231884
0.237381
0.224775
0.213287
0.208
0.245377
0.198401
0.171
0.198702
0.186221
0.167916
0.264
0.197
0.221
0.011994
0.245754
0.2175
0.163
0.1975
0.007
0.227886
0.185814
0.221778
0.206897
0.207896
0.238
0.005997
0.174738
0.231884
0.207896
0.181
0.234765
0.0964518
0.270095
0.1905
0.227159
0.192807
0.1805
0.2005
0.011994
0.195207
0.0049975
0.145
0.303
0.262369
0.218891
0.211394
0.203898
0.178
0.183816
0.212787
0.207396
0.0075
0.004
0.2025
0.153846
0.0125
0.2375
0.173739
0.188406
0.208396
0.228158
0.2235
0.21029
0.213
0.008
0.1875
0.227886
0.21318
0.144428
0.2105
0.19031
0.229
0.255872
0.21318
0.177057
0.190405
0.1975
0.194403
0.212394
0.18672
0.207896
0.187126
0.185315
0.23988
0.006
0.235382
0.007996
0.231768
0.252874
0.205794
0.143357
0.1815
0.184
0.206
0.211
0.190905
0.1999
0.225
0.203
0.168
0.204
0.2425
0.258741
0.18672
0.203898
0.0149925
0.178911
0.248
0.011994
0.202696
0.208084
0.153117
0.231884
0.250749
0.181
0.1945
0.196402
0.225
0.257
0.217565
0.214393
0.219281
0.229885
0.1955
0.139361
0.2025
0.194
0.202899
0.00898652
0.189
0.251748
0.224388
0.198
0.17991
0.288567
0.15976
0.0194903
0.2345
0.258741
0.214785
0.1915
0.197
0.175325
0.0049975
