0.0169915
0.126
0.197802
0.0954523
0.117882
0.027972
0.1435
0.0085
0.184
0.019
0.12475
0.0175
0.163836
0.0109945
0.11
0.144
0.112887
0.174913
0.191
0.0189905
0.138861
0.169661
0.1495
0.011976
0.151198
0.141
0.1385
0.10989
0.155
0.134
0.024975
0.154
0.172414
0.112388
0.1815
0.140859
0.0985
0.1265
0.155922
0.00449775
0.1795
0.081959
0.175736
0.122
0.19
0.1255
0.1005
0.114386
0.167416
0.145927
0.116326
0.0034965
0.062
0.10095
0.121939
0.0124813
0.131172
0.0044955
0.182136
0.0125
0.0115
0.106
0.129306
0.0944528
0.1265
0.158921
0.1695
0.10989
0.145927
0.1305
0.151924
0.101
0.025974
0.0065
0.00798802
0.168
0.1235
0.166417
0.126
0.149425
0.15992
0.1545
0.00749625
0.116
0.0139721
0.0135
0.155922
0.135932
0.182136
0.006
0.143428
0.00848727
0.171329
0.166
0.0449775
0.075
0.0204898
0.0205
0.170245
0.163255
0.0369815
0.015
0.1235
0.1275
0.164
0.1345
0.0694306
0.117882
0.191404
0.0685
0.0834583
0.147926
0.027986
0.0944528
0.166417
0.117882
0.00999001
0.117441
0.1315
0.1205
0.00997009
0.18
0.1715
0.00849575
0.13993
0.13943
0.1425
0.0905
0.042
0.136364
0.0789605
0.1055
0.149
0.114885
0.1315
0.156422
0.1435
0.2225
0.1185
0.0925
0.1405
0.0798403
0.009
0.157
0.1755
0.1575
0.151122
0.163255
0.154768
0.135432
0.118941
0.0865
0.171
0.150925
0.1395
0.1565
0.129
0.131868
0.149202
0.106947
0.0289566
0.138653
0.1705
0.132934
0.1415
0.127
0.1325
0.103948
0.1385
0.116883
0.1265
0.107946
0.1495
0.0174913
0.013
0.0254745
0.0834166
0.015
0.188906
0.172414
0.158342
0.133799
0.1245
0.1665
0.0154768
0.0434565
0.122317
0.147778
0.144428
0.1575
0.0124938
0.1405
0.116883
0.07996
0.00949525
0.194
0.156922
0.1175
0.0174913
0.132302
0.176
0.131868
0.059
0.122
0.1385
0.1265
0.0154923
0.00849575
0.0135
0.173913
0.0114943
0.115
0.025
0.0085
0.153923
0.184316
0.135796
0.0764618
0.0339491
0.145927
0.118382
0.0269461
0.117324
0.135432
0.135432
0.0105
0.151349
0.109
0.00849575
0.1155
0.013
0.113886
0.0135
0.17991
0.1105
0.0444555
0.157421
0.1
0.148352
0.1275
0.118822
0.135932
0.0904548
0.163418
0.191904
0.154
0.114943
0.128936
0.14043
0.151349
0.158841
0.148278
0.12475
0.02
0.145854
0.1525
0.156843
0.138431
0.154768
0.008
0.0545
0.132302
0.204898
0.124813
0.00949051
0.149351
0.0885
0.079
0.1385
0.011
0.0903645
0.0868697
0.1455
0.113443
0.0255
0.0125
0.107446
0.089
0.149
0.161419
0.1375
0.0139721
0.008
0.005
0.122
0.029
0.1525
0.125937
0.129935
0.12987
0.148426
0.1665
0.106447
0.158421
0.138431
0.0114828
0.014
0.1325
0.018981
0.179
0.148352
0.143856
0.158921
0.109
0.021978
0.1825
0.00699301
0.017991
0.149351
0.17
0.0174913
0.104448
0.1785
0.082
0.149925
0.146927
0.00649675
0.146427
0.171
0.00449775
0.0105
0.1405
0.138861
0.146427
0.16
0.13943
0.168
0.147
0.0565
0.132934
0.138
0.116883
0.151924
0.126248
0.2225
0.137363
0.15
0.1405
0.16042
0.1275
0.0964518
0.147206
0.157842
0.165917
0.164254
0.153693
0.158921
0.133
0.127
0.149
0.127
0.169661
0.188218
0.136296
0.0164671
0.162
0.158421
0.1455
0.110334
0.148426
0.024975
0.118
0.00949525
0.148
0.14043
0.1625
0.104895
0.134865
0.142
0.147426
0.1335
0.1795
0.07996
0.102295
0.117383
0.12662
0.19
0.0965
0.0834166
0.168
0.13
0.126
0.00999001
0.0195
0.133
0.0154923
0.162095
0.136
0.108946
0.1245
0.130935
0.165917
0.1225
0.1405
0.1685
0.00798005
0.131
0.129935
0.089
0.155422
0.0134865
0.107
0.17991
0.130435
0.1285
0.0874563
0.156843
0.0764618
0.1395
0.00649351
0.128308
0.176823
0.148926
0.152424
0.0854573
0.024975
0.154
0.0184815
0.156422
0.122317
0.017982
0.0884558
0.0834166
0.161419
0.127
0.00849575
0.118441
0.089
0.0169915
0.183
0.152424
0.104
0.029
0.1605
0.1225
0.0129935
0.135432
0.1475
0.1335
0.00799201
0.132434
0.2225
0.114885
0.1405
0.130935
0.144356
0.018
0.1955
0.13
0.132934
0.018
0.1215
0.147926
0.101898
0.1525
0.148426
0.0115
0.0565
0.128936
0.102449
0.0544728
0.122
0.007
0.127872
0.115442
0.147426
0.159
0.112831
0.13523
0.1455
0.143428
0.1335
0.1333
0.127373
0.18091
0.0369815
0.156344
0.105947
0.0449775
0.116883
0.120638
0.096
0.1545
0.0864568
0.103948
0.147926
0.1345
0.0069965
0.1495
0.010978
0.148777
0.019
0.14093
0.107339
0.102949
0.117441
0.129435
0.153846
0.126937
0.14093
0.092
0.174
0.11
0.107946
0.0654673
0.0955
0.012987
0.0169492
0.14
0.0769615
0.153
0.0154845
0.156843
0.142287
0.0109835
0.0184815
0.170245
0.165252
0.19321
0.144928
0.163337
0.173
0.023
0.0189905
0.1195
0.126
0.153693
0.11976
0.003996
0.0065
0.0974026
0.1255
0.142
0.156422
0.19
0.0884558
0.00898204
0.1495
0.134433
0.0635
0.188
0.018981
0.143428
0.075962
0.1205
0.147
0.132434
0.123
0.133433
0.0809191
0.146427
0.154
0.144928
0.116883
0.0948577
0.147353
0.157264
0.045977
0.0175
0.130935
0.137431
0.130935
0.149
0.1335
0.12662
0.160759
0.138931
0.102897
0.170245
0.114443
0.118382
0.1355
0.157842
0.1485
0.018
0.159341
0.112887
0.127
0.0985
0.0269461
0.0164918
0.15
0.0669331
0.127246
0.191404
0.156422
0.1475
0.0938124
0.176912
0.14
0.169
0.129435
0.109
0.148777
0.0194903
0.0795
0.172328
0.125375
0.151424
0.1105
0.1865
0.128871
0.005
0.143428
0.1485
0.127
0.0944528
0.113443
0.1495
0.0843734
0.151424
0.143
0.1275
0.166417
0.188218
0.143357
0.1105
0.0075
0.1695
0.136364
0.15992
0.110889
0.1695
0.114
0.14093
0.147353
0.1715
0.177411
0.143428
0.132434
0.0855
0.081
0.167249
0.119
0.116942
0.136364
0.1045
0.0245
0.116442
0.00999001
0.106
0.1695
0.121878
0.137363
0.17033
0.167249
0.0225
0.0164918
0.136
0.0124875
0.021967
0.1502
0.157264
0.011976
0.064
0.117324
0.0204898
0.148426
0.126
0.171742
0.102449
0.143428
0.1335
0.110889
0.17
0.158421
0.153
0.147926
0.1865
0.128936
0.00998502
0.144928
0.0364635
0.156922
0.126873
0.0809191
0.137363
0.0999001
0.147
0.1655
0.172414
0.0929535
0.0085
0.172827
0.203398
0.163418
0.007996
0.164254
0.1495
0.154346
0.128308
0.139
0.1025
0.112887
0.143856
0.182
0.165
0.0933134
0.172
0.0909091
0.107339
0.144928
0.0965
0.16
0.075
0.0773839
0.117441
0.1333
0.00949525
0.10095
0.0069965
0.151349
0.151
0.1275
0.145355
0.12
0.152424
0.1395
0.09995
0.1495
0.0189905
0.113943
0.108446
0.144
0.026973
0.182817
0.134
0.1515
0.1435
0.1425
0.0035
0.00799201
0.172
0.1805
0.1285
0.167
0.033983
0.146427
0.1355
0.11994
0.0145
0.147206
0.0085
0.0145
0.1325
0.112887
0.1405
0.1575
0.148703
0.0824588
0.164
0.132934
0.092
0.116
0.0334665
0.0324838
0.0239641
0.158421
0.00898204
0.047
0.152
0.118
0.111444
0.123938
0.155267
0.142429
0.0124875
0.00749625
0.157421
0.122378
0.01
0.130435
0.1275
0.1625
0.166417
0.0864568
0.145854
0.0869565
0.179
0.127
0.023
0.103
0.00849575
0.1185
0.0664336
0.146427
0.00649351
0.00749625
0.0105
0.113443
0.106447
0.1265
0.10095
0.018
0.149
0.141929
0.141929
0.145427
0.1625
0.1315
0.176
0.0883674
0.1245
0.155345
0.123438
0.1295
0.1635
0.135432
0.122877
0.1395
0.00748877
0.116
0.160759
0.130435
0.181546
0.1685
0.1415
0.1385
0.162095
0.1375
0.12
0.162
0.1355
0.0104948
0.0129935
0.131934
0.157921
0.146853
0.0877805
0.102449
0.1415
0.148777
0.133799
0.0254618
0.142857
0.1685
0.027986
0.1205
0.0164918
0.0869565
0.152424
0.124314
0.144855
0.146853
0.014
0.1915
0.153846
0.126
0.0885
0.172827
0.152424
0.109227
0.137431
0.089955
0.1385
0.0395
0.176324
0.106
0.1815
0.109
0.0369815
0.157921
0.103
0.014
0.177411
0.117383
0.105447
0.0174913
0.0775
0.1205
0.12044
0.146354
0.1795
0.179
0.131737
0.124314
0.1235
0.00999001
0.15984
0.1495
0.0974513
0.188406
0.1355
0.0354645
0.0654673
0.142287
0.107946
0.148
0.143856
0.1235
0.114443
0.141787
0.0184908
0.0164918
0.024975
0.1535
0.117441
0.131172
0.157
0.013
0.1165
0.1585
0.00999001
0.0105
0.132434
0.1395
0.117882
0.154768
0.165751
0.151198
0.173
0.1415
0.12681
0.121318
0.0674326
0.125187
0.0085
0.162919
0.0095
0.130869
0.024
0.0795
0.1205
0.146427
0.0184815
0.160759
0.0989505
0.1385
0.173739
0.155766
0.0035
0.149425
0.00799201
0.0804598
0.0865
0.116326
0.197802
0.158421
0.121
0.0269461
0.161
0.1495
0.1625
0.0124938
0.106394
0.0124875
0.118941
0.0985
0.123438
0.0705
0.1165
0.132302
0.133799
0.0139721
0.142287
0.1435
0.0114943
0.147206
0.104895
0.0864568
0.183
0.1575
0.167
0.011976
0.1515
0.149701
0.177411
0.131
0.133
0.149351
0.0929535
0.1525
0.00699301
0.1625
0.109
0.171243
0.131
0.171329
0.095
0.141929
0.0305
0.1275
0.138861
0.102295
0.0255
0.120638
0.106
0.095
0.00748877
0.141929
0.1435
0.135297
0.02
0.018
0.0674663
0.0309845
0.146927
0.137793
0.0689311
0.0184908
0.1235
0.0885
0.124
0.146927
0.1345
0.171
0.0225
0.0874563
0.0065
0.009995
0.0095
0.153423
0.1595
0.157343
0.147926
0.084
0.164336
0.107
0.153347
0.102
0.1405
0.137793
0.1655
0.102949
0.037962
0.112831
0.1385
0.1355
0.151924
0.157
0.155422
0.1625
0.157921
0.0863704
0.138431
0.153846
0.149351
0.1595
0.122378
0.0449775
0.144928
0.139222
0.00699301
0.171
0.1305
0.137
0.0349301
0.1355
0.0164835
0.1805
0.008
0.115442
0.1005
0.135932
0.049975
0.0805
0.081
0.1715
0.113443
0.123938
0.1315
0.152924
0.137363
0.0969515
0.172328
0.0129935
0.01
0.128807
0.133
0.128936
0.00649675
0.151424
0.137793
0.124438
0.124
0.131434
0.132934
0.134865
0.0124813
0.007996
0.161419
0.00599101
0.126873
0.167416
0.15992
0.144928
0.146853
0.142929
0.176324
0.1205
0.158921
0.128
0.157
0.158921
0.0964518
0.152348
0.0154845
0.0859141
0.130435
0.138861
0.155422
0.144
0.15942
0.14093
0.17
0.0309845
0.163418
0.1515
0.107446
0.024975
0.133
0.1445
0.1333
0.0225
0.132934
0.0145
0.0798403
0.174326
0.047976
0.1205
0.181138
0.161
0.116
0.154
0.0974026
0.131
0.104895
0.125375
0.1525
0.124938
0.155345
0.0694306
0.1065
0.0809191
0.093953
0.124
0.1395
0.1365
0.168916
0.113
0.151697
0.1405
0.0814593
0.17991
0.1585
0.0855
0.00849575
0.136296
0.157264
0.0169915
0.0205
0.0035
0.158
0.112887
0.17016
0.106893
0.1575
0.109336
0.024
0.154423
0.107
0.14043
0.027986
0.1395
0.0404393
0.138931
0.006
0.127872
0.11994
0.155422
0.16092
0.152272
0.151848
0.121318
0.116
0.128
0.164336
0.149775
0.19
0.0104895
0.152847
0.079
0.0304695
0.136
0.109
0.134
0.012987
0.0859141
0.144
0.0989505
0.139
0.176
0.0908637
0.127872
0.147852
0.069
0.137431
0.149202
0.194903
0.204898
0.1305
0.15
0.1685
0.0944528
0.0104895
0.115942
0.1955
0.161419
0.188218
0.048
0.143
0.15942
0.132
0.188
0.173739
0.0885
0.1605
0.0065
0.0169745
0.126873
0.108837
0.115826
0.1535
0.103448
0.152272
0.162
0.00549725
0.134299
0.178
0.135432
0.144
0.1333
0.091
0.157
0.127436
0.146927
0.1635
0.007
0.147852
0.1345
0.116
0.181319
0.151697
0.1065
0.110334
0.131868
0.1335
0.0903645
0.123315
0.188
0.128
0.142
0.003996
0.0164835
0.11
0.120638
0.0114828
0.145927
0.0189905
0.161419
0.161757
0.157186
0.1285
0.075962
0.102897
0.018981
0.110945
0.10095
0.147
0.146853
0.0384615
0.1
0.109
0.1625
0.123438
0.0773839
0.1445
0.093953
0.0774226
0.173739
0.023
0.17
0.1525
0.132302
0.1525
0.1425
0.0075
0.136364
0.0805
0.179
0.123938
0.125937
0.119
0.113443
0.17
0.158
0.114885
0.107446
0.173
0.136
0.145355
0.0105
0.160759
0.0773839
0.163418
0.1755
0.144
0.136
0.137363
0.0109945
0.169915
0.106
0.157921
0.0774226
0.00749625
0.064
0.12681
0.0125
0.1165
0.158421
0.1485
0.15992
0.143428
0.017982
0.1285
0.0874563
0.1915
0.089955
0.144
0.125937
0.137
0.157
0.1745
0.0885
0.1335
0.131434
0.1505
0.102897
0.029
0.00849575
0.133
0.148426
0.167
0.0324838
0.0804598
0.145355
0.146354
0.137725
0.172414
0.143856
0.147852
0.0124813
0.0935
0.1805
0.151424
0.179
0.13979
0.0755
0.143357
0.00549725
0.042
0.0164835
0.0674663
0.0584708
0.1615
0.018
0.13979
0.101898
0.126
0.143856
0.041
0.145
0.154
0.124
0.007996
0.0868263
0.1235
0.115269
0.1065
0.17033
0.147353
0.1215
0.084
0.0595
0.114943
0.142715
0.1425
0.061969
0.115
0.0957606
0.207293
0.110778
0.0164753
0.1485
0.1525
0.124813
0.1105
0.109
0.162
0.1165
0.112831
0.1355
0.0245
0.057
0.144
0.1655
0.108837
0.154768
0.007996
0.164254
0.173826
0.135297
0.121
0.153846
0.142857
0.0254618
0.1355
0.125
0.127373
0.089955
0.1405
0.142929
0.135932
0.142
0.148204
0.00949051
0.147852
0.164254
0.103
0.134299
0.167
0.1685
0.0655
0.1475
0.0974513
0.00849575
0.144
0.037962
0.013
0.107
0.0919081
0.1955
0.02
0.138931
0.171914
0.189216
0.138861
0.148426
0.0929535
0.154269
0.113829
0.0174913
0.136
0.167249
0.136432
0.157421
0.0773839
0.145
0.165751
0.106
0.0164918
0.135297
0.155422
0.107946
0.182817
0.122877
0.166251
0.148204
0.145
0.1925
0.154423
0.1225
0.163418
0.0909545
0.0594406
0.148278
0.0194611
0.176
0.131303
0.15992
0.123
0.0235
0.008
0.132302
0.150425
0.085
0.116442
0.1275
0.162919
0.164418
0.0545
0.127436
0.114
0.157
0.0144783
0.1665
0.15992
0.104843
0.1355
0.141
0.15327
0.0105
0.0805
0.0085
0.179
0.17033
0.02
0.0189905
0.1515
0.1515
0.15992
0.161339
0.138861
0.0169745
0.182136
0.118
0.1385
0.171243
0.120638
0.192
0.075
0.126
0.0985
0.154
0.110945
0.178963
0.1515
0.1575
0.164336
0.147926
0.132
0.0294853
0.157
0.0104948
0.136863
0.122317
0.120259
0.026973
0.005
0.14093
0.148352
0.129935
0.162919
0.127
0.148426
0.0185
0.141
0.1435
0.0984508
0.168
0.124
0.125375
0.118
0.137431
0.0974513
0.156922
0.142857
0.0705
0.126
0.136
0.128436
0.157685
0.096
0.021967
0.134433
0.113443
0.1525
0.1685
0.128807
0.204898
0.0045
0.062
0.133799
0.066
0.116883
0.0339491
0.1515
0.1045
0.0264868
0.126248
0.118
0.0425
0.0124938
0.114443
0.142929
0.167748
0.147926
0.0174913
0.1955
0.19
0.111
0.1615
0.157421
0.1355
0.13993
0.00748877
0.158921
0.011976
0.1595
0.131802
0.146354
0.157685
0.13943
0.089
0.17982
0.117882
0.00949525
0.168416
0.161919
0.142929
0.17033
0.146427
0.123938
0.161419
0.00949525
0.169915
0.136364
0.157421
0.121318
0.123438
0.0295
0.123938
0.0124938
0.13
0.183
0.065
0.0868697
0.149202
0.104
0.1315
0.1575
0.145854
0.148703
0.1385
0.127
0.174913
0.1235
0.0085
0.13993
0.116883
0.0325
0.1335
0.1
0.116
0.0239641
0.1495
0.007
0.1325
0.142
0.13
0.158263
0.0294558
0.025974
0.166334
0.1065
0.1355
0.0134798
0.1285
0.0264471
0.11
0.113443
0.118382
0.144428
0.133933
0.1405
0.118822
0.134865
0.139
0.17016
0.13
0.1335
0.126937
0.156843
0.0674326
0.101
0.0883234
0.151924
0.125937
0.008
0.091954
0.0938124
0.099
0.149425
0.1475
0.105947
0.142429
0.091363
0.1525
0.136
0.1535
0.121
0.00749625
0.1255
0.163836
0.147426
0.164418
0.142358
0.127
0.107946
0.1055
0.130869
0.144855
0.111333
0.1675
0.131
0.143214
0.00949525
0.147
0.148
0.0194611
0.12525
0.125937
0.005
0.104448
0.0949525
0.12
0.138
0.166334
0.1355
0.0254745
0.137431
0.146927
0.1455
0.154691
0.125937
0.106733
0.188
0.135932
0.0124938
0.1765
0.157
0.14043
0.033983
0.12038
0.0149925
0.106
0.176324
0.0145
0.1115
0.021967
0.143428
0.1625
0.144
0.147426
0.124314
0.176912
0.1235
0.121696
0.148426
0.163918
0.141359
0.188218
0.118382
0.11988
0.0169915
0.013979
0.0669331
0.115826
0.113443
0.129935
0.103448
0.151924
0.0105
0.126747
0.155267
0.175912
0.183
0.118441
0.0895
0.141929
0.115942
0.148426
0.135932
0.11994
0.118382
0.189216
0.157
0.165335
0.0569431
0.1365
0.15327
0.107
0.153846
0.0843734
0.00949525
0.161757
0.1333
0.0514486
0.1335
0.153693
0.129935
0.1695
0.1435
0.108946
0.154845
0.1585
0.00898204
0.157842
0.0789605
0.0925
0.158841
0.042
0.13
0.00749625
0.133
0.0664336
0.005
0.142287
0.167416
0.0404393
0.099351
0.14
0.0154923
0.132302
0.148204
0.00649675
0.1925
0.125874
0.0985
0.156422
0.117441
0.0075
0.0125
0.188218
0.153693
0.146427
0.119
0.115826
0.137793
0.123253
0.122
0.008
0.130435
0.0169745
0.064
0.0709645
0.18
0.144
0.1195
0.1795
0.133
0.133367
0.1755
0.1425
0.1635
0.174913
0.0354645
0.09995
0.144928
0.155345
0.114386
0.106
0.112831
0.157921
0.158342
0.0909545
0.150925
0.113443
0.168
0.00549176
0.191404
0.007
0.157921
0.110945
0.00799201
0.110945
0.125
0.075
0.132302
0.1585
0.0174913
0.0824588
0.0289566
0.156843
0.158921
0.127436
0.143428
0.0935
0.138861
0.117882
0.135432
0.1575
0.152424
0.1655
0.133933
0.148204
0.023
0.157421
0.1045
0.14093
0.0095
0.131802
0.00898204
0.0169745
0.1333
0.175824
0.0384615
0.143856
0.123253
0.128807
0.142216
0.132934
0.0169915
0.0114885
0.010978
0.147926
0.133933
0.145781
0.162919
0.1525
0.1405
0.163918
0.168
0.0485
0.116384
0.138
0.134
0.154
0.127
0.104895
0.124438
0.0085
0.13986
0.176
0.167416
0.154
0.0877805
0.152847
0.143428
0.191309
0.00549725
0.125375
0.110445
0.129306
0.167
0.182409
0.182136
0.123
0.0395
0.144928
0.1365
0.108
0.123377
0.165751
0.1615
0.125937
0.032
0.171742
0.133866
0.157421
0.1065
0.021967
0.0185
0.013993
0.0124938
0.0929535
0.12525
0.037962
0.113772
0.0114943
0.126
0.107446
0.124688
0.197
0.1745
0.0985
0.0853719
0.137793
0.16
0.0075
0.0309845
0.17033
0.00948104
0.0674326
0.132
0.1333
0.15976
0.143
0.110889
0.137431
0.158
0.166417
0.092
0.1925
0.143428
0.152424
0.14093
0.1455
0.15
0.164418
0.0109835
0.1525
0.133
0.121
0.175912
0.173739
0.155345
0.0115
0.152
0.14093
