0.284573
0.256743
0.2015
0.328836
0.259241
0.246254
0.213393
0.277584
0.244633
0.2435
0.257243
0.271093
0.2535
0.2985
0.21318
0.256615
0.2735
0.244
0.2255
0.267866
0.208292
0.3025
0.265235
0.157763
0.265867
0.264
0.274226
0.238
0.197901
0.248627
0.270865
0.208896
0.22977
0.268
0.2195
0.209895
0.251374
0.268366
0.2455
0.246507
0.206397
0.283358
0.2745
0.234
0.027986
0.265867
0.176912
0.244378
0.241638
0.262238
0.274089
0.223776
0.251372
0.2225
0.305347
0.2435
0.221279
0.212787
0.00599401
0.157763
0.247
0.236
0.285572
0.24
0.205397
0.206397
0.211289
0.269865
0.234383
0.203796
0.223776
0.232152
0.238
0.244878
0.256872
0.226773
0.293353
0.212681
0.279
0.246254
0.203796
0.211788
0.246877
0.257
0.204
0.22977
0.289855
0.2835
0.269
0.276
0.234648
0.219171
0.295
0.2805
0.27023
0.269365
0.2285
0.278721
0.246
0.230885
0.228
0.216
0.208188
0.2465
0.22666
0.259
0.256743
0.237381
0.24
0.263736
0.242879
0.255
0.178911
0.3035
0.219
0.247253
0.2225
0.0284858
0.237881
0.232152
0.2004
0.177411
0.231
0.2735
0.228771
0.261
0.251874
0.216
0.188
0.2545
0.1955
0.257742
0.248751
0.209
0.2215
0.276
0.266467
0.225774
0.2635
0.220837
0.282717
0.2505
0.275225
0.264368
0.277361
0.257
0.242137
0.267866
0.282717
0.23
0.235147
0.25362
0.2545
0.2625
0.0104895
0.244378
0.006
0.015
0.232384
0.225662
0.2465
0.233267
0.2455
0.278861
0.226
0.227
0.266234
0.282859
0.211183
0.235
0.184316
0.277
0.221
0.2395
0.216
0.2185
0.279
0.241379
0.239141
0.2405
0.235882
0.299201
0.216
0.2395
0.224388
0.223776
0.226887
0.311688
0.2725
0.215784
0.258242
0.2785
0.232767
0.267
0.0284858
0.2615
0.2125
0.2565
0.00549451
0.262238
0.00649026
0.2585
0.2285
0.1775
0.227
0.241
0.275
0.2895
0.3055
0.255117
0.2405
0.183816
0.25937
0.272228
0.222666
0.282
0.00849575
0.235
0.272228
0.008
0.278
0.266733
0.236
0.181228
0.2555
0.236
0.232384
0.241879
0.195804
0.2415
0.246
0.209395
0.249
0.244378
0.251874
0.202
0.232152
0.243378
0.2365
0.23365
0.1955
0.301349
0.278361
0.281078
0.283151
0.257984
0.261
0.219171
0.266833
0.134165
0.231384
0.193403
0.196402
0.245
0.241
0.2295
0.266
0.204
0.205397
0.2045
0.247629
0.249251
0.2455
0.314685
0.301349
0.223776
0.212394
0.2405
0.252248
0.238761
0.259241
0.2255
0.249
0.177411
0.262369
0.268597
0.247752
0.263
0.277361
0.2225
0.264735
0.257485
0.261369
0.279
0.264735
0.209395
0.302849
0.236
0.23988
0.2045
0.26037
0.228
0.215784
0.250125
0.232
0.2785
0.283217
0.2135
0.267866
0.237263
0.244878
0.1994
0.2445
0.242137
0.263
0.24975
0.271229
0.1815
0.253873
0.247876
0.2125
0.2445
0.290918
0.207688
0.281718
0.224
0.2505
0.27986
0.220837
0.264368
0.2495
0.266367
0.237381
0.241879
0.2525
0.0135
0.272591
0.235382
0.2555
0.2505
0.211394
0.229885
0.227886
0.234383
0.304196
0.234383
0.211183
0.238262
0.2365
0.247
0.233
0.254745
0.245377
0.261
0.249
0.1999
0.263
0.2495
0.227772
0.208896
0.228
0.314685
0.0155
0.270865
0.235882
0.238
0.227386
0.212894
0.282359
0.256872
0.2175
0.247129
0.22039
0.277361
0.27309
0.265867
0.265867
0.256743
0.217391
0.28036
0.282717
0.263736
0.245
0.2685
0.2375
0.247
0.2375
0.253
0.248876
0.267
0.25987
0.276
0.240759
0.263
0.215285
0.214
0.2525
0.231884
0.221389
0.0135
0.259111
0.243
0.188811
0.254745
0.212681
0.2415
0.174913
0.235764
0.21
0.243
0.255872
0.247
0.243257
0.196206
0.219451
0.242515
0.2265
0.257614
0.250749
0.259
0.203694
0.2445
0.245132
0.2305
0.252747
0.283217
0.25974
0.241138
0.2775
0.227046
0.2675
0.253865
0.245
0.229541
0.244
0.23976
0.243635
0.267866
0.202
0.256743
0.255372
0.265367
0.219
0.195305
0.241
0.253746
0.244633
0.2325
0.259241
0.259
0.279
0.290855
0.282359
0.235382
0.2115
0.215892
0.295557
0.205897
0.277861
0.211183
0.288778
0.284858
0.269365
0.25937
0.212182
0.246377
0.208188
0.0089955
0.263105
0.2495
0.246
0.2875
0.237881
0.241758
0.243378
0.264735
0.2805
0.2505
0.233883
0.221389
0.201899
0.240639
0.164
0.255
0.223888
0.194403
0.2495
0.264735
0.28971
0.202
0.273863
0.245255
0.276
0.232384
0.235
0.231038
0.282717
0.249251
0.258371
0.272228
0.230654
0.244378
0.217391
0.218891
0.291708
0.275087
0.235882
0.258371
0.183816
0.274863
0.22089
0.282359
0.2205
0.1895
0.245
0.217391
0.221667
0.2365
0.244378
0.28493
0.2375
0.255872
0.276362
0.271728
0.299201
0.183816
0.2325
0.184408
0.254373
0.2455
0.2675
0.241259
0.23938
0.276362
0.293853
0.256244
0.2325
0.22
0.284216
0.197901
0.26037
0.004
0.304196
0.197401
0.195609
0.198104
0.296352
0.214
0.215
0.263972
0.246753
0.2135
0.24038
0.279
0.278222
0.221
0.267366
0.2455
0.26037
0.21029
0.2075
0.264735
0.2075
0.251123
0.253
0.255872
0.272
0.324
0.243135
0.235764
0.294853
0.281078
0.257
0.237762
0.26037
0.274863
0.214
0.305347
0.279
0.278
0.265867
0.252994
0.282717
0.224388
0.1875
0.233883
0.273363
0.244878
0.2815
0.217174
0.303
0.2835
0.255
0.285572
0.2625
0.244
0.236882
0.245877
0.0055
0.251497
0.17991
0.2295
0.2885
0.253247
0.2485
0.250624
0.012
0.256743
0.292854
0.264868
0.193613
0.287356
0.241758
0.244378
0.242515
0.249875
0.261738
0.2745
0.248252
0.22089
0.255
0.297
0.203796
0.0164835
0.27581
0.2175
0.2525
0.2625
0.261608
0.249626
0.2135
0.215
0.247253
0.2135
0.2355
0.245
0.209895
0.2365
0.00749625
0.226773
0.238404
0.2805
0.238881
0.2585
0.1994
0.251874
0.211
0.248252
0.282359
0.216392
0.2315
0.2495
0.1805
0.250875
0.253873
0.280579
0.206397
0.23938
0.236146
0.278222
0.244633
0.248379
0.286214
0.224
0.254873
0.222666
0.229
0.2205
0.221
0.196909
0.248376
0.2735
0.278861
0.286857
0.219281
0.251
0.248376
0.207688
0.236
0.211
0.273
0.224
0.203
0.264735
0.2755
0.215676
0.197303
0.254745
0.250749
0.2065
0.268597
0.2455
0.222
0.2375
0.209895
0.2375
0.295704
0.244378
0.257614
0.298
0.3035
0.284216
0.2375
0.28022
0.2775
0.2375
0.2255
0.256
0.284
0.277861
0.26
0.275225
0.2175
0.248
0.205397
0.250749
0.246
0.1925
0.286357
0.209895
0.274089
0.221889
0.221889
0.166251
0.250624
0.295557
0.262869
0.2965
0.232
0.008
0.298
0.248128
0.249
0.2375
0.248876
0.237762
0.244378
0.238761
0.21978
0.265367
0.234383
0.2195
0.2285
0.290564
0.0065
0.00749625
0.224888
0.264735
0.2655
0.245132
0.264236
0.2435
0.291708
0.279
0.23027
0.2575
0.205397
0.233383
0.216
0.281859
0.249
0.219451
0.2175
0.230885
0.25987
0.204898
0.241018
0.270865
0.289066
0.243257
0.0135
0.256
0.250624
0.281859
0.276
0.254863
0.271
0.204296
0.248379
0.285572
0.241
0.246877
0.2455
0.278222
0.228886
0.2395
0.197401
0.0065
0.273
0.282359
0.204693
0.246
0.2525
0.195804
0.2415
0.284
0.288778
0.25
0.214785
0.008
0.259241
0.2505
0.226773
0.00649675
0.242379
0.182
0.290855
0.153
0.0155
0.2545
0.295852
0.238
0.236
0.223776
0.237
0.248876
0.2285
0.2895
0.246
0.254745
0.283151
0.244378
0.0209685
0.239
0.264735
0.266
0.232767
0.226161
0.2625
0.2765
0.2505
0.246254
0.2445
0.242379
0.01
0.244878
0.276
0.275862
0.238
0.26037
0.211788
0.2905
0.2045
0.0155
0.245132
0.217174
0.253746
0.275862
0.236382
0.263972
0.294558
0.2385
0.26087
0.244378
0.23027
0.264
0.278861
0.25937
0.289066
0.208292
0.254
0.2155
0.28971
0.235382
0.242879
0.259611
0.2365
0.265867
0.266367
0.248876
0.266367
0.259241
0.2465
0.192904
0.257
0.220779
0.2275
0.262
0.23976
0.286214
0.270365
0.2625
0.250624
0.226161
0.261369
0.3055
0.2525
0.219171
0.1975
0.243135
0.226161
0.255372
0.2935
0.216
0.2625
0.197
0.278721
0.265
0.264368
0.2325
0.286857
0.282
0.266367
0.27359
0.253373
0.245255
0.259241
0.2495
0.276224
0.2255
0.236146
0.193709
0.291209
0.286857
0.263237
0.194708
0.265867
0.251874
0.262737
0.1975
0.261869
0.174913
0.212894
0.251874
0.275862
0.264471
0.2475
0.226773
0.244878
0.22089
0.243878
0.253865
0.232884
0.236763
0.299201
0.263237
0.205397
0.2465
0.2375
0.290419
0.228886
0.24
0.241895
0.256872
0.265
0.239141
0.221
0.215784
0.276224
0.2635
0.297203
0.243257
0.23938
0.00649026
0.232651
0.299201
0.234648
0.245
0.261738
0.268
0.210895
0.209581
0.284
0.19
0.23
0.1955
0.282218
0.218563
0.1925
0.269231
0.2625
0.2525
0.28036
0.2685
0.28493
0.2395
0.224888
0.285572
0.237381
0.241379
0.237263
0.237762
0.257742
0.2385
0.240759
0.196909
0.244
0.257
0.275087
0.233766
0.21978
0.261738
0.243257
0.264
0.224388
0.212681
0.00999001
0.2435
0.212182
0.2295
0.23976
0.216
0.230885
0.244878
0.189905
0.276
0.232767
0.2335
0.2975
0.240639
0.290419
0.2005
0.215784
0.194403
0.196909
0.276723
0.290355
0.235
0.2205
0.277361
0.0065
0.00898652
0.233267
0.28036
0.248252
0.24
0.262
0.237381
0.222777
0.0124938
0.249875
0.219171
0.24038
0.216567
0.2635
0.21029
0.2465
0.28022
0.208896
0.233766
0.288778
0.229541
0.2215
0.268866
0.28971
0.255872
0.244888
0.2225
0.211894
0.261
0.225
0.23988
0.248
0.229
0.2535
0.24088
0.242879
0.250499
0.2935
0.251
0.25937
0.243
0.239
0.161757
0.1835
0.244
0.234648
0.243257
0.00549725
0.27
0.2205
0.261608
0.259
0.234383
0.232152
0.0104948
0.246753
0.266101
0.251
0.252874
0.224
0.275724
0.198104
0.2315
0.2735
0.2375
0.216
0.2795
0.283716
0.238761
0.235882
0.235882
0.275225
0.268366
0.28971
0.29021
0.248627
0.259
0.230155
0.243135
0.204795
0.182
0.269231
0.3005
0.225275
0.256872
0.1775
0.234883
0.2405
0.238881
0.2205
0.011477
0.304196
0.21989
0.265
0.265235
0.224
0.23027
0.2425
0.275724
0.22089
0.246254
0.275
0.235265
0.264735
0.2245
0.277361
0.250624
0.303
0.241
0.243878
0.198801
0.224388
0.251497
0.22039
0.201899
0.298351
0.0135
0.238143
0.230769
0.246377
0.2265
0.236264
0.242879
0.2175
0.2665
0.21
0.192904
0.257742
0.252747
0.237263
0.212
0.282359
0.242757
0.221279
0.248128
0.2445
0.246008
0.278222
0.263868
0.257
0.207896
0.295704
0.238881
0.1995
0.270729
0.245877
0.2335
0.274
0.0104948
0.2635
0.223054
0.012
0.197802
0.247876
0.246
0.161757
0.282859
0.214893
0.267233
0.248876
0.2465
0.00649026
0.294558
0.252747
0.232
0.258741
0.255117
0.237144
0.262606
0.267866
0.244878
0.276362
0.24
0.241
0.247
0.226773
0.2885
0.21978
0.236
0.249251
0.264868
0.144
0.249
0.2675
0.267
0.2465
0.203297
0.213287
0.264471
0.0215
0.261738
0.259111
0.264735
0.221058
0.25937
0.21029
0.246377
0.250375
0.267866
0.220779
0.013986
0.2795
0.265867
0.231038
0.248876
0.277361
0.257243
0.208292
0.2815
0.209581
0.257742
0.251123
0.233883
0.304348
0.305347
0.252742
0.253
0.2445
0.205
0.255
0.236763
0.261869
0.252621
0.245
0.248252
0.262606
0.248751
0.210185
0.26024
0.265734
0.1875
0.2025
0.23938
0.212681
0.2495
0.264
0.250375
0.244378
0.2505
0.227886
0.2375
0.258871
0.2395
0.249
0.2545
0.241379
0.274
0.211183
0.258242
0.245632
0.223776
0.286713
0.250125
0.245
0.223388
0.243513
0.287069
0.255872
0.273
0.00849575
0.1975
0.29021
0.247629
0.261738
0.247629
0.251874
0.248
0.268366
0.0215
0.26024
0.245377
0.0115
0.2675
0.2525
0.298351
0.00849575
0.277361
0.239
0.188811
0.21
0.215
0.00499251
0.271229
0.236763
0.184316
0.2955
0.253746
0.213287
0.241895
0.239141
0.246377
0.219
0.2235
0.248876
0.0164835
0.229
0.22039
0.281359
0.263
0.289066
0.281437
0.015
0.263237
0.278861
0.2295
0.286357
0.266234
0.2795
0.246877
0.2155
0.221
0.2255
0.2605
0.278
0.267866
0.226161
0.244
0.261738
0.267366
0.241758
0.239141
0.266867
0.230885
0.22977
0.2275
0.268366
0.265367
0.250749
0.225275
0.221279
0.0175
0.261608
0.22039
0.270865
0.0069965
0.230654
0.211394
0.204795
0.224388
0.240639
0.205691
0.2445
0.223054
0.256743
0.2125
0.269231
0.267866
0.271093
0.262
0.005
0.275225
0.248376
0.246
0.298851
0.229
0.276
0.2585
0.252874
0.26024
0.21
0.245877
0.235882
0.27359
0.203796
0.209895
0.0284858
0.245377
0.319521
0.28493
0.011477
0.227886
0.25
0.253247
0.225387
0.247752
0.253865
0.2525
0.278222
0.211788
0.211788
0.291209
0.247876
0.212288
0.205
0.267866
0.255872
0.2545
0.272228
0.2895
0.276224
0.302849
0.2009
0.243
0.2435
0.249375
0.21
0.264368
0.2455
0.201697
0.236382
0.2075
0.228386
0.253
0.1925
0.247
0.231884
0.2485
0.0115
0.0124938
0.231038
0.2525
0.1925
0.185907
0.272092
0.2245
0.223277
0.2465
0.296852
0.235
0.251123
0.257
0.233267
0.21939
0.2505
0.286857
0.2895
0.247876
0.234765
0.270865
0.297
0.281859
0.250499
0.0124938
0.2295
0.1875
0.278
0.2375
0.253873
0.249002
0.239261
0.244878
0.289066
0.234383
0.28022
0.229
0.229
0.290355
0.264735
0.2525
0.2435
0.207688
0.282359
0.290564
0.251
0.213
0.275
0.254
0.230385
0.1925
0.269
0.2885
0.2855
0.25937
0.2575
0.229042
0.205
0.249875
0.255372
0.216392
0.238404
0.26024
0.243378
0.2735
0.007
0.275724
0.257
0.261738
0.229
0.274863
0.288
0.234383
0.2605
0.267866
0.2485
0.257
0.28
0.226887
0.291708
0.264
