0.0819181
0.00998502
0.1295
0.012
0.1355
0.0115
0.104948
0.168747
0.133933
0.10634
0.0894553
0.126937
0.098
0.00949525
0.0814186
0.0704648
0.158603
0.098
0.0845
0.017
0.0409795
0.0075
0.0514743
0.0085
0.0625
0.1085
0.107838
0.0625
0.126873
0.132434
0.0564436
0.111888
0.106893
0.007996
0.120698
0.145854
0.0985
0.0869131
0.122939
0.098
0.0629056
0.121439
0.00949525
0.0484758
0.124938
0.0309845
0.124938
0.140859
0.00649026
0.0104948
0.0738523
0.114
0.0205
0.01
0.00998502
0.0154923
0.106447
0.0139581
0.1185
0.0744256
0.112444
0.130435
0.107838
0.112444
0.144928
0.094
0.123
0.065
0.0614693
0.134798
0.0875
0.1085
0.0995
0.0514486
0.165917
0.0923615
0.049
0.0635
0.125437
0.015992
0.019
0.115385
0.0945
0.0809191
0.017
0.1055
0.0515
0.019
0.033983
0.0785
0.127
0.100349
0.128807
0.0065
0.0515
0.177911
0.123
0.051974
0.0184723
0.137431
0.111888
0.127936
0.00649351
0.11988
0.0075
0.063968
0.1105
0.0149775
0.0364818
0.0065
0.1465
0.00549725
0.142929
0.00699301
0.00848303
0.1015
0.0164835
0.116
0.155267
0.117941
0.01999
0.104948
0.0134798
0.0145
0.091
0.1405
0.110945
0.011
0.088
0.0189715
0.1255
0.0205
0.058
0.111
0.097951
0.0215
0.012987
0.0349825
0.115
0.105395
0.0295
0.149425
0.124938
0.14
0.140719
0.0584124
0.073
0.010479
0.0569146
0.0389416
0.0105
0.03
0.108946
0.0115
0.0354823
0.0105
0.01
0.104
0.113
0.137
0.0995
0.0205
0.101796
0.0055
0.0795
0.111832
0.126
0.0935
0.129935
0.0085
0.0209685
0.164918
0.127
0.0794603
0.148
0.0385
0.1365
0.162419
0.017991
0.0484515
0.0564436
0.0399202
0.0194903
0.024975
0.0619071
0.0104948
0.109835
0.112944
0.1215
0.00898652
0.138431
0.0124938
0.117
0.103397
0.111888
0.0394408
0.0585
0.12014
0.0605
0.09
0.122439
0.021978
0.165335
0.112444
0.0524476
0.127436
0.058
0.12
0.067
0.0185
0.143713
0.152
0.0879121
0.1375
0.088
0.0169915
0.116
0.105841
0.0805
0.0285
0.12
0.126
0.0214571
0.120819
0.0164918
0.009
0.0154923
0.136432
0.0955
0.0314843
0.1515
0.0988517
0.0534733
0.10989
0.118
0.0718563
0.00949525
0.0955
0.121318
0.065
0.0264735
0.136932
0.0124875
0.0535
0.0155
0.00798802
0.023976
0.005997
0.077
0.0109945
0.163
0.131605
0.0355
0.134433
0.154
0.0214571
0.116883
0.114
0.0884558
0.0354823
0.110945
0.104948
0.123438
0.00849151
0.0144783
0.0763854
0.0305
0.0169915
0.0254873
0.113943
0.09995
0.130435
0.00599401
0.0985
0.134
0.1175
0.136932
0.00849151
0.1435
0.00898652
0.058
0.129435
0.017
0.049
0.118441
0.106947
0.0995
0.0269865
0.1755
0.142929
0.112831
0.0465
0.1135
0.1
0.089
0.102449
0.106947
0.0949051
0.12014
0.098
0.101847
0.003996
0.0325
0.112388
0.149925
0.1145
0.1055
0.0818772
0.129435
0.0284858
0.143
0.010978
0.083
0.1285
0.0109945
0.0224888
0.14043
0.0314685
0.017991
0.078
0.1125
0.0564436
0.018981
0.073
0.11
0.0175
0.01
0.015992
0.0134798
0.081
0.0875
0.134798
0.016
0.011994
0.125375
0.102449
0.107838
0.088
0.014
0.13
0.1465
0.106786
0.113
0.12
0.0754623
0.119
0.0065
0.13943
0.0884116
0.0155
0.133933
0.13986
0.013
0.136
0.0065
0.116442
0.0169915
0.0155
0.0609086
0.015984
0.0905
0.00699301
0.1035
0.08
0.109
0.0234883
0.0905
0.091954
0.0738523
0.043
0.0175
0.00399202
0.0144855
0.0989011
0.13037
0.0275
0.071
0.041
0.0769615
0.0889111
0.00949525
0.0154923
0.0329835
0.014
0.00599401
0.103
0.178
0.113772
0.0289855
0.0569431
0.132236
0.0713929
0.085957
0.0738523
0.13943
0.0994503
0.00749625
0.073963
0.1185
0.0465
0.1125
0.00749251
0.073
0.12044
0.1135
0.0104948
0.112
0.12044
0.14043
0.033983
0.135432
0.00798005
0.118
0.065
0.0275
0.146281
0.0035
0.144284
0.0718563
0.1405
0.0135
0.109835
0.0224888
0.112887
0.0244878
0.1105
0.0264471
0.114943
0.155844
0.0294853
0.1065
0.115
0.0415
0.0839161
0.13943
0.1
0.113943
0.138431
0.136
0.00749625
0.0105
0.099351
0.125312
0.0619071
0.081
0.0904096
0.0808787
0.104291
0.1515
0.05
0.111
0.116942
0.0908184
0.0819181
0.0205
0.116825
0.091
0.064
0.048
0.0885
0.0907278
0.013993
0.0825
0.0085
0.00598802
0.0205
0.1395
0.117882
0.122877
0.099
0.0794603
0.13943
0.144
0.0114943
0.140859
0.118941
0.0075
0.1225
0.127936
0.112444
0.011
0.111888
0.116442
0.1605
0.0085
0.0174913
0.1185
0.0594703
0.141
0.007
0.122
0.0394408
0.0689655
0.142
0.0165
0.00849151
0.12014
0.104448
0.083958
0.0169745
0.023
0.1145
0.173413
0.0354823
0.0095
0.009
0.1365
0.0354823
0.0895
0.105841
0.118
0.0399401
0.118
0.0184723
0.0954046
0.118441
0.10045
0.0089955
0.0135
0.0934533
0.0689655
0.165335
0.0154923
0.0709645
0.1365
0.0574713
0.105
0.0414585
0.0385
0.00748877
0.178
0.1155
0.1065
0.116825
0.00849575
0.0584124
0.137
0.124938
0.119
0.00648056
0.118382
0.1065
0.12014
0.0834583
0.0939061
0.042
0.111944
0.067
0.0934533
0.107838
0.015984
0.129435
0.115
0.12987
0.0275
0.0115
0.115
0.0384808
0.103
0.106947
0.113
0.102
0.031984
0.0364818
0.0154845
0.0255
0.1185
0.129
0.012
0.118382
0.111277
0.00798802
0.0934533
0.0974513
0.133866
0.167416
0.11994
0.13993
0.0595
0.031984
0.123938
0.0954046
0.109445
0.0389416
0.0085
0.0945
0.0275
0.13943
0.017
0.1345
0.0194708
0.124314
0.0649675
0.152424
0.0165
0.081959
0.00848727
0.106447
0.0614693
0.05997
0.0275
0.108
0.0685
0.118941
0.10634
0.113886
0.1465
0.118941
0.0619071
0.113943
0.0808787
0.0149925
0.0395
0.0214785
0.0749625
0.1375
0.0275
0.13993
0.111
0.1265
0.104291
0.0949525
0.0165
0.0065
0.112944
0.0904096
0.1045
0.096
0.0698603
0.0174913
0.163
0.0124813
0.00549725
0.0134798
0.00998502
0.0424575
0.0829585
0.108283
0.108946
0.116442
0.12987
0.0065
0.113
0.1545
0.136
0.13943
0.0105
0.106947
0.0935
0.1255
0.10095
0.00899101
0.018981
0.0115
0.0965
0.121439
0.177
0.072
0.103
0.1295
0.03
0.02997
0.00748503
0.0134798
0.1575
0.009
0.089955
0.0509491
0.0349476
0.149425
0.095952
0.106947
0.0603792
0.0569431
0.0664336
0.1285
0.0599101
0.00899101
0.015984
0.13993
0.168
0.0335
0.0144928
0.152
0.106947
0.0915
0.116442
0.0935
0.11
0.135432
0.124438
0.0699301
0.155345
0.154
0.0164918
0.091954
0.089
0.0144855
0.0474525
0.0135
0.0865
0.0135
0.0375
0.142216
0.0949525
0.0135
0.1105
0.11994
0.124314
0.0124813
0.0114943
0.095952
0.0834583
0.0279581
0.127246
0.102846
0.0678982
0.0295
0.036963
0.1085
0.055
0.118881
0.007
0.0284573
0.00849575
0.0194805
0.0834583
0.0925
0.158603
0.0075
0.106893
0.043956
0.0965
0.143
0.0409795
0.0794206
0.0124875
0.00949525
0.0814186
0.025
0.011994
0.0224888
0.0404595
0.0115
0.1145
0.100849
0.0875
0.1095
0.109945
0.023976
0.115826
0.112944
0.158421
0.0344483
0.00699301
0.1005
0.017
0.0235
0.0725
0.126937
0.0869131
0.0414793
0.0509491
0.0865
0.1055
0.097951
0.0933134
0.0785
0.115768
0.124938
0.1315
0.1445
0.057
0.0124875
0.089955
0.093
0.0375
0.0949525
0.106947
0.0184908
0.122439
0.0095
0.0649675
0.107
0.138
0.0075
0.13986
0.143928
0.158
0.108392
0.133866
0.102846
0.141
0.0915
0.131934
0.0095
0.0984508
0.0923154
0.0144783
0.124938
0.0985
0.0314528
0.0085
0.036
0.1515
0.108946
0.04
0.0314685
0.0224888
0.09995
0.00648056
0.0608782
0.0793809
0.089
0.129371
0.0698603
0.016983
0.13986
0.116883
0.137431
0.0889555
0.00849151
0.0834583
0.112
0.014
0.087
0.0334833
0.007
0.151621
0.0154923
0.116825
0.0603792
0.1255
0.0585
0.0555
0.023
0.0124813
0.116442
0.067
0.099
0.1045
0.0275
0.144928
0.0989505
0.112887
0.0889111
0.0438903
0.0114943
0.1105
0.104948
0.0355
0.0289855
0.162419
0.124938
0.0325
0.061
0.0895
0.127936
0.09
0.0324838
0.13986
0.117706
0.1145
0.141
0.051974
0.0129935
0.101898
0.0989505
0.03996
0.02
0.13993
0.0215
0.0918622
0.0629056
0.00698952
0.0794206
0.100349
0.032
0.1
0.0994503
0.033966
0.00748877
0.013993
0.0255
0.007996
0.1105
0.092
0.006
0.00549725
0.0155
0.153347
0.015
0.0795
0.101
0.007
0.0764618
0.1395
0.1115
0.11982
0.0654019
0.1635
0.1255
0.136
0.0654673
0.018
0.117441
0.1215
0.0065
0.0319521
0.0839161
0.106287
0.0964518
0.144284
0.0928607
0.0115
0.095
0.0814186
0.0865
0.142216
0.013993
0.0753493
0.0564436
0.069965
0.021989
0.011
0.1245
0.0943114
0.102897
0.106947
0.00698603
0.0928607
0.112887
0.141
0.0989011
0.1385
0.014
0.1015
0.0784216
0.143
0.00849151
0.0115
0.102846
0.11333
0.006
0.131
0.0909091
0.102846
0.11988
0.00449775
0.00549451
0.125937
0.104343
0.131737
0.124938
0.0124813
0.132735
0.108283
0.1355
0.108946
0.081959
0.1165
0.0885
0.123938
0.119261
0.106394
0.1055
0.1135
0.1285
0.138431
0.113943
0.0139721
0.10095
0.04
0.0714643
0.0114943
0.0829585
0.013993
0.004995
0.0414793
0.00849575
0.10045
0.132368
0.118881
0.0955
0.00849151
0.10684
0.0164918
0.0185
0.098
0.1165
0.049
0.087956
0.12987
0.107446
0.079
0.0825
0.104895
0.151424
0.112388
0.10045
0.150925
0.0104948
0.0165
0.00698952
0.1045
0.107339
0.047
0.011
0.0895
0.15035
0.0943114
0.0548902
0.141288
0.123
0.0745
0.1385
0.00649351
0.0985
0.0569146
0.106447
0.0114943
0.091954
0.1225
0.0793809
0.1575
0.0255
0.0844578
0.114
0.0224888
0.0965
0.120819
0.00549451
0.097951
0.140859
0.0155
0.0414378
0.106947
0.120819
0.0665
0.0574426
0.10989
0.14
0.0225
0.1265
0.072
0.137431
0.073
0.127246
0.0339491
0.118941
0.043956
0.1405
0.107
0.00849151
0.09
0.0189905
0.120819
0.0289566
0.112831
0.0705
0.126
0.167416
0.123377
0.0978532
0.0815
0.0598802
0.0414585
0.0089955
0.105
0.134933
0.0115
0.0114943
0.0214571
0.0784608
0.072
0.076
0.1315
0.0364818
0.00649351
0.149925
0.0244878
0.097
0.138431
0.0933134
0.0105
0.1105
0.118822
0.010978
0.0114828
0.047976
0.0965
0.13943
0.0165
0.007
0.017
0.035982
0.117706
0.0444778
0.015
0.00949525
0.1015
0.0929071
0.11988
0.146927
0.127
0.0484515
0.0915
0.0794206
0.0085
0.124
0.1485
0.014
0.113772
0.0294705
0.073963
0.0375
0.118382
0.106
0.115442
0.1135
0.0109945
0.121939
0.135864
0.00998502
0.042
0.0275
0.0329835
0.025
0.0175
0.12
0.124
0.113886
0.104
0.0945
0.105395
0.117706
0.081959
0.0875
0.0988517
0.112944
0.015984
0.0969031
0.06
0.09995
0.106447
0.04
0.111444
0.0115
0.119381
0.109445
0.0109945
0.015984
0.0235
0.121817
0.135864
0.015992
0.012
0.158421
0.0065
0.105
0.1135
0.0875
0.1105
0.1195
0.104895
0.0164835
0.13943
0.026
0.12044
0.0969031
0.089
0.0149925
0.0414585
0.10684
0.0184908
0.0294853
0.127936
0.0354823
0.114885
0.0784608
0.047976
0.0095
0.105894
0.0135
0.131303
0.036963
0.12014
0.149425
0.0254745
0.0115
0.1485
0.0864568
0.0594109
0.0674663
0.0364818
0.00949525
0.116942
0.10684
0.012
0.1265
0.00899101
0.0984508
0.129435
0.0994503
0.0325
0.0154845
0.0335
0.1135
0.0869565
0.0785
0.1185
0.0909545
0.0225
0.100249
0.00898652
0.0878682
0.115826
0.106447
0.014
0.014
0.1295
0.1605
0.1115
0.10634
0.129306
0.11994
0.00849151
0.12044
0.0839161
0.0465
0.1255
0.088
0.087
0.106394
0.0914086
0.0115
0.00748877
0.0553892
0.0915
0.1125
0.00949525
0.121439
0.0115
0.105841
0.145854
0.093
0.135432
0.088
0.083
0.121817
0.0955
0.126437
0.125937
0.017991
0.0805
0.127
0.141787
0.125
0.134933
0.112887
0.076808
0.03996
0.161419
0.111888
0.122939
0.1015
0.115385
0.126937
0.106
0.0694653
0.02
0.121439
0.137862
0.102897
0.0164918
0.00549725
0.0329835
0.0869131
0.134
0.1375
0.0704648
0.0758862
0.105841
0.111444
0.00849151
0.00449326
0.0789605
0.128807
0.0224888
0.143713
0.036963
0.01
0.116
0.134232
0.125375
0.042957
0.1305
0.0659011
0.085957
0.0624688
0.0409795
0.117882
0.118382
0.178
0.0205
0.021
0.1635
0.007996
0.0264735
0.091954
0.0795
0.11944
0.0649675
0.124
0.0955
0.007996
0.0215
0.1375
0.0144855
0.10989
0.182909
0.091954
0.118323
0.085957
0.131737
0.0945
0.0895
0.057
0.036963
0.121817
0.0589705
0.0524476
0.0065
0.0169915
0.0065
0.106947
0.0284858
0.0399202
0.0055
0.0154923
0.0194903
0.04
0.0189905
0.0484515
0.0309536
0.0745
0.144638
0.075
0.121817
0.0884558
0.1045
0.178732
0.0994503
0.0615
0.10684
0.1115
0.116942
0.00949525
0.1455
0.1455
0.106394
0.0724638
0.1085
0.0665
0.09995
0.111888
0.01
0.146427
0.01
0.013993
0.1485
0.0914086
0.033983
0.0095
0.025
0.115
0.0608782
0.0115
0.021978
0.112887
0.097
0.0809191
0.0255
0.00949525
0.00549451
0.0819181
0.109445
0.167416
0.0195
0.124813
0.115884
0.133866
0.0275
0.0104948
0.112887
0.105395
0.1315
0.177911
0.0294853
0.020979
0.0085
0.096
0.017991
0.142
0.1295
0.023
0.108392
0.166251
0.113886
0.0484515
0.106
0.118323
0.0864136
0.0434132
0.101898
0.079
0.139361
0.0704648
0.124938
0.1055
0.107446
0.16983
0.1575
0.0769615
0.158603
0.0114943
0.105841
0.0065
0.0754623
0.096
0.1125
0.0089955
0.1345
0.0329835
0.106
0.156843
0.013993
0.00849575
0.0075
0.1345
0.0085
0.13943
0.150925
0.002997
0.0994503
0.059
0.0784216
0.0685
0.01
0.0914086
0.0275
0.0244878
0.0225
0.124938
0.014
0.1005
0.00698952
0.12987
0.010978
0.0889111
0.155922
0.00949525
0.061
0.115884
0.004995
0.022
0.0235
0.134798
0.0085
0.0784608
0.011
0.0404798
0.0438903
0.124314
0.107446
0.0598802
0.013993
0.0869565
0.089
0.0989505
0.008
0.129
0.1295
0.136
0.0314843
0.00899101
0.011
0.136
0.142358
0.124938
0.122439
0.114443
0.0545
0.153347
0.0649026
0.1045
0.015992
0.1215
0.0805
0.142358
