0.195207
0.1595
0.206
0.218891
0.213786
0.19
0.209895
0.184224
0.224388
0.212787
0.006
0.2765
0.236
0.209082
0.23988
0.194903
0.201198
0.2205
0.254119
0.212
0.231768
0.236
0.226
0.004
0.19
0.1935
0.251374
0.2275
0.1994
0.015
0.2135
0.207086
0.225887
0.232268
0.252874
0.221168
0.25937
0.202696
0.258242
0.204898
0.262606
0.235764
0.229385
0.241879
0.22039
0.2275
0.245632
0.241879
0.208292
0.213287
0.193
0.2425
0.1994
0.264735
0.2275
0.2185
0.25974
0.248128
0.189905
0.23027
0.226387
0.24038
0.226387
0.279081
0.221
0.260739
0.22039
0.265102
0.229385
0.2055
0.239261
0.238
0.206397
0.2195
0.2395
0.184408
0.2075
0.218282
0.23
0.240639
0.208583
0.235382
0.22017
0.264
0.232
0.247876
0.215892
0.2765
0.198901
0.22039
0.249002
0.228158
0.0255
0.266101
0.237263
0.197401
0.262869
0.244
0.222167
0.222889
0.2165
0.1955
0.202899
0.2425
0.237381
0.2375
0.183408
0.237381
0.224888
0.2
0.250499
0.218781
0.243878
0.2785
0.2255
0.2565
0.213393
0.232
0.252122
0.1755
0.194403
0.216392
0.224276
0.210395
0.162338
0.192212
0.199201
0.2065
0.229656
0.247258
0.2695
0.2445
0.185
0.212394
0.2615
0.228771
0.22028
0.311
0.216392
0.235411
0.2295
0.182318
0.235147
0.2575
0.214893
0.0115
0.264
0.0174651
0.165
0.2004
0.247
0.252747
0.228
0.272864
0.203398
0.252248
0.203
0.238881
0.207
0.2645
0.2395
0.158841
0.203
0.022
0.245
0.272864
0.237026
0.2003
0.242137
0.2004
0.250375
0.174825
0.236264
0.197605
0.224276
0.240759
0.274863
0.238262
0.232651
0.22039
0.23315
0.212
0.2565
0.211183
0.224888
0.215392
0.0095
0.272864
0.196902
0.26973
0.198
0.253
0.207896
0.189
0.229271
0.265102
0.262606
0.244134
0.211682
0.247376
0.00899101
0.199301
0.208
0.221389
0.0044955
0.0225
0.146
0.2675
0.231269
0.1915
0.195706
0.010989
0.224276
0.232268
0.225275
0.268232
0.201798
0.213679
0.222889
0.2235
0.254873
0.235647
0.2425
0.197401
0.24
0.151848
0.175412
0.195902
0.006
0.209
0.184815
0.0085
0.204898
0.209395
0.227273
0.0089955
0.241879
0.189
0.264
0.277584
0.2555
0.245377
0.0069965
0.227
0.185
0.252874
0.246377
0.203297
0.244378
0.208
0.202899
0.241379
0.285
0.181
0.218891
0.26
0.254373
0.233883
0.239641
0.2755
0.202797
0.243257
0.242636
0.281
0.218282
0.209
0.235147
0.247752
0.2
0.203297
0.22089
0.244256
0.243878
0.2565
0.20669
0.0109945
0.219561
0.1895
0.216783
0.223388
0.266367
0.1905
0.231884
0.00947159
0.2455
0.237762
0.246877
0.23938
0.247876
0.171243
0.233883
0.222889
0.252747
0.003996
0.23
0.2415
0.234266
0.205794
0.212575
0.195
0.256487
0.2225
0.00899101
0.211
0.219451
0.206897
0.269
0.2003
0.208583
0.256487
0.0025
0.189
0.244378
0.212288
0.217
0.230385
0.205
0.00649026
0.231
0.0169915
0.222889
0.209082
0.218282
0.133799
0.2505
0.259241
0.25
0.191
0.195804
0.197901
0.2655
0.2115
0.162338
0.2285
0.1997
0.20979
0.243014
0.2795
0.221778
0.209395
0.2595
0.196402
0.278
0.010989
0.248876
0.2385
0.2125
0.212
0.0225
0.2009
0.2535
0.187313
0.25937
0.193903
0.2045
0.256116
0.153423
0.222278
0.233766
0.23988
0.2445
0.246254
0.225162
0.224663
0.2395
0.205397
0.247258
0.194903
0.258741
0.25987
0.205
0.169246
0.234883
0.0075
0.230385
0.0244633
0.226387
0.244633
0.20979
0.246877
0.196402
0.207896
0.275362
0.230885
0.238
0.262369
0.218391
0.214893
0.217891
0.236763
0.225
0.205897
0.215892
0.0055
0.2245
0.230155
0.00649675
0.243878
0.272864
0.187906
0.237263
0.215177
0.209685
0.2455
0.234149
0.24
0.1985
0.230654
0.218064
0.262737
0.218282
0.227
0.192
0.216392
0.1845
0.223388
0.262369
0.22039
0.2105
0.243756
0.205794
0.225275
0.2555
0.25
0.226547
0.215392
0.2495
0.23
0.214893
0.189905
0.230885
0.227386
0.208
0.232
0.234531
0.244134
0.252122
0.228386
0.237
0.2655
0.248252
0.243878
0.229385
0.2115
0.202
0.226387
0.257
0.192404
0.255872
0.252374
0.122
0.23
0.169415
0.218
0.2425
0.204
0.2535
0.255117
0.239
0.257371
0.287712
0.214
0.2365
0.201
0.248252
0.133799
0.222889
0.194903
0.223388
0.226387
0.0055
0.2625
0.258113
0.2005
0.2155
0.187406
0.196
0.216892
0.162338
0.262606
0.2045
0.206
0.185
0.223
0.208
0.228429
0.223165
0.23027
0.00549451
0.211394
0.2285
0.2225
0.243
0.239
0.234
0.221389
0.255744
0.2325
0.190809
0.201
0.209395
0.209395
0.2225
0.1775
0.191617
0.165
0.213393
0.223388
0.264
0.233883
0.228272
0.241259
0.230769
0.211078
0.209895
0.228771
0.258871
0.234383
0.206
0.237881
0.205
0.247
0.2345
0.2325
0.173566
0.23988
0.241758
0.262737
0.244
0.204898
0.202
0.2235
0.242757
0.235764
0.238881
0.179
0.232651
0.2455
0.2185
0.237381
0.252874
0.2235
0.1885
0.247253
0.23
0.24038
0.251874
0.182
0.215784
0.253247
0.2305
0.216892
0.0065
0.222
0.233383
0.2465
0.234883
0.23938
0.1725
0.243257
0.181319
0.249875
0.213393
0.276362
0.211078
0.16
0.2365
0.238642
0.195
0.278582
0.256872
0.218891
0.2315
0.209395
0.218891
0.235147
0.238381
0.134
0.1998
0.226
0.211078
0.247
0.230385
0.2385
0.221389
0.1745
0.2
0.22666
0.231
0.233383
0.224775
0.272864
0.2625
0.228158
0.2235
0.173566
0.0244633
0.226547
0.238381
0.2495
0.2565
0.287856
0.212288
0.238262
0.192404
0.216392
0.235147
0.202797
0.0075
0.25937
0.1985
0.251374
0.244134
0.253493
0.226274
0.022
0.243756
0.260739
0.2245
0.278304
0.252747
0.28086
0.253493
0.215
0.2025
0.241879
0.171914
0.22089
0.181319
0.212182
0.1995
0.21989
0.161919
0.245509
0.226274
0.241
0.218891
0.222
0.245632
0.205
0.00699301
0.212394
0.1865
0.006
0.22
0.224663
0.239
0.188906
0.23988
0.2565
0.189
0.24002
0.188
0.194306
0.2235
0.00849151
0.211894
0.23
0.2795
0.252
0.0055
0.2105
0.17941
0.269
0.00649026
0.221667
0.2175
0.243257
0.193903
0.1875
0.0125
0.198
0.22039
0.2365
0.0384808
0.228
0.235265
0.249
0.267233
0.2125
0.0085
0.2245
0.194903
0.254373
0.190405
0.2475
0.242258
0.230769
0.202899
0.203398
0.2315
0.197802
0.245877
0.205897
0.246
0.2375
0.202797
0.231269
0.2565
0.223888
0.2545
0.244134
0.2325
0.266367
0.234149
0.224276
0.248503
0.2495
0.213287
0.23
0.184224
0.208
0.2315
0.2315
0.285
0.2695
0.230155
0.205
0.228386
0.1895
0.245
0.205
0.222167
0.205295
0.247376
0.252874
0.146
0.005
0.133799
0.254373
0.252248
0.00449775
0.272864
0.238381
0.2385
0.247258
0.280719
0.234266
0.23
0.234266
0.146927
0.243
0.276362
0.258483
0.2245
0.220669
0.0124938
0.1985
0.237881
0.214
0.264735
0.23
0.204398
0.252122
0.26011
0.247
0.194903
0.226274
0.208396
0.237881
0.311
0.23988
0.013979
0.1985
0.191904
0.258483
0.207896
0.249
0.223388
0.262238
0.264
0.249875
0.2035
0.266367
0.204
0.234648
0.00649026
0.263368
0.0115
0.2005
0.222
0.251
0.1985
0.2215
0.2305
0.174413
0.246
0.2355
0.149425
0.182409
0.26
0.224
0.182
0.22039
0.00948104
0.163337
0.254373
0.1999
0.013
0.2355
0.2275
0.261239
0.272864
0.2305
0.255
0.194403
0.233034
0.210684
0.243257
0.216176
0.24026
0.183408
0.243
0.23988
0.2345
0.206
0.2245
0.2475
0.192
0.221778
0.234383
0.208
0.2745
0.151848
0.1915
0.213393
0.0095
0.2495
0.234
0.205397
0.224388
0.237263
0.2345
0.198
0.231269
0.255117
0.2515
0.2565
0.178322
0.227386
0.249377
0.205897
0.241879
0.2235
0.2565
0.211
0.235265
0.211
0.276
0.2235
0.1925
0.279081
0.281
0.182
0.252
0.173413
0.231269
0.213393
0.213786
0.2315
0.225387
0.218282
0.291854
0.226
0.22039
0.00549176
0.1995
0.2505
0.258871
0.22017
0.225662
0.254
0.234032
0.224276
0.239
0.2095
0.281
0.169
0.144
0.2025
0.186907
0.2055
0.0095
0.205397
0.2285
0.246377
0.213287
0.223888
0.2295
0.227318
0.194903
0.227273
0.223388
0.2235
0.244878
0.192404
0.2215
0.192212
0.224888
0.2285
0.238381
0.226773
0.205794
0.0125
0.1855
0.218282
0.157
0.254
0.2255
0.247376
0.2645
0.2155
0.1855
0.2075
0.0149775
0.212394
0.220559
0.2265
0.243257
0.25
0.213393
0.0069965
0.1925
0.214393
0.213393
0.188623
0.2
0.00549176
0.282
0.195305
0.25987
0.226161
0.270865
0.244
0.264
0.196902
0.222167
0.22
0.0244633
0.242
0.212394
0.276362
0.234032
0.21989
0.1895
0.229885
0.171914
0.194209
0.233883
0.25937
0.2
0.2695
0.238881
0.233883
0.0044955
0.234
0.2395
0.2275
0.212394
0.2395
0.20669
0.1995
0.223553
0.228
0.189405
0.213679
0.2315
0.242137
0.216892
0.223888
0.2015
0.2335
0.242515
0.230654
0.2105
0.219281
0.2365
0.263237
0.2235
0.2595
0.2335
0.21
0.23365
0.2265
0.228158
0.199
0.242016
0.238262
0.0055
0.2365
0.162919
0.1997
0.23
0.242258
0.239521
0.248876
0.259481
0.226773
0.2365
0.246254
0.214
0.28086
