0.2325
0.196
0.258
0.207896
0.213287
0.241379
0.19
0.174651
0.249
0.0169745
0.193403
0.203094
0.1115
0.239
0.245877
0.00399401
0.2215
0.166
0.304543
0.232884
0.206294
0.180819
0.22028
0.149
0.143428
0.25
0.203694
0.2025
0.2375
0.00799201
0.188906
0.1965
0.156
0.00649351
0.211788
0.184316
0.278721
0.2425
0.217782
0.187406
0.188406
0.00648703
0.1905
0.223388
0.00949051
0.216176
0.235382
0.1855
0.2
0.232152
0.225774
0.210895
0.187406
0.257614
0.228771
0.1625
0.184408
0.165
0.223
0.0104948
0.170915
0.1994
0.2425
0.187625
0.186
0.169
0.2135
0.227386
0.2075
0.195
0.226387
0.1555
0.2635
0.192
0.176823
0.2345
0.238
0.201899
0.2105
0.225
0.238143
0.211078
0.196
0.188906
0.188
0.190714
0.192212
0.197
0.2335
0.249875
0.237381
0.193307
0.251623
0.008
0.216892
0.270729
0.249
0.210395
0.154923
0.109445
0.223
0.193
0.2185
0.224775
0.209
0.00649351
0.185907
0.173826
0.156922
0.147
0.229
0.0104948
0.21008
0.26
0.169
0.1965
0.264368
0.255
0.225387
0.199
0.211183
0.251623
0.176
0.0144928
0.1675
0.2705
0.00749625
0.201399
0.198901
0.201399
0.19031
0.162919
0.248252
0.1995
0.215
0.21939
0.007
0.0105
0.286357
0.201299
0.21989
0.214
0.202399
0.0144928
0.1955
0.222889
0.230769
0.219
0.184908
0.203898
0.208
0.209
0.226773
0.219281
0.190405
0.208896
0.1995
0.198
0.153117
0.184408
0.2025
0.211
0.243513
0.1475
0.2005
0.156
0.009995
0.169
0.234383
0.191
0.237
0.182
0.2445
0.0169745
0.188406
0.1915
0.1925
0.178411
0.1905
0.192
0.1635
0.1965
0.215892
0.182318
0.153117
0.1615
0.178322
0.181409
0.192
0.207189
0.198901
0.168
0.267366
0.235382
0.1905
0.174913
0.254364
0.243
0.225887
0.239
0.249875
0.208
0.1905
0.185814
0.26087
0.237881
0.236
0.224551
0.167
0.2025
0.214855
0.2455
0.1535
0.244755
0.191
0.1955
0.166
0.23938
0.223054
0.24975
0.1195
0.210395
0.194903
0.256372
0.235382
0.203398
0.191404
0.2003
0.190714
0.208188
0.196402
0.204
0.012987
0.229271
0.205295
0.185721
0.016
0.1997
0.241259
0.164418
0.249875
0.193403
0.2305
0.211788
0.024
0.181
0.2325
0.191
0.193403
0.2485
0.232884
0.171243
0.0044955
0.196402
0.1825
0.2075
0.175237
0.235382
0.232767
0.1755
0.249
0.2475
0.1975
0.206793
0.222
0.005
0.2325
0.223388
0.241379
0.246753
0.201798
0.214785
0.2125
0.207
0.211894
0.210185
0.1755
0.169915
0.2005
0.196402
0.205589
0.188124
0.023
0.188
0.183633
0.225162
0.223441
0.253493
0.251874
0.247
0.1585
0.0174825
0.164418
0.210185
0.178322
0.1835
0.0035
0.19031
0.162257
0.197401
0.139361
0.187906
0.227386
0.246
0.264368
0.165252
0.173327
0.2285
0.203898
0.162756
0.221168
0.144855
0.169915
0.19031
0.242879
0.2365
0.0015
0.237
0.0089955
0.184815
0.230385
0.2125
0.197
0.212894
0.198801
0.0095
0.25
0.0194903
0.194
0.186907
0.186
0.198
0.1735
0.00649675
0.208
0.0035
0.256244
0.2175
0.215177
0.222666
0.185907
0.1905
0.194903
0.2345
0.2105
0.1985
0.226887
0.184815
0.228272
0.192308
0.226
0.186
0.0185
0.225387
0.251623
0.225887
0.173826
0.2135
0.187
0.250624
0.146
0.199301
0.2525
0.198901
0.1935
0.1195
0.23988
0.186314
0.223441
0.160759
0.147426
0.217
0.2125
0.23976
0.134933
0.261239
0.194903
0.2165
0.194
0.241259
0.2765
0.212
0.213
0.177323
0.210895
0.218672
0.1955
0.255
0.171243
0.2125
0.177411
0.279
0.1495
0.1945
0.00549725
0.177411
0.231384
0.1825
0.00949525
0.265367
0.223054
0.182
0.223888
0.257871
0.232384
0.1845
0.228886
0.208
0.218891
0.2265
0.137
0.00598802
0.238262
0.22089
0.173739
0.188
0.186
0.178
0.207396
0.191404
0.207792
0.00649675
0.0185
0.233383
0.184908
0.2435
0.248503
0.203
0.0055
0.216284
0.2165
0.185407
0.264368
0.1585
0.0075
0.176
0.233
0.193307
0.1995
0.1965
0.0115
0.156266
0.1905
0.225387
0.218173
0.00899101
0.2485
0.0855
0.174913
0.2205
0.2
0.2025
0.208396
0.17941
0.1475
0.211894
0.2305
0.214893
0.185315
0.225
0.2705
0.185721
0.00999001
0.251623
0.180819
0.175
0.2605
0.194903
0.1994
0.198
0.216068
0.2005
0.149
0.251874
0.1795
0.201399
0.2075
0.178732
0.188906
0.1585
0.236763
0.224
0.187
0.204
0.243
0.2705
0.0114885
0.284358
0.147
0.18981
0.2585
0.255489
0.207
0.216783
0.154923
0.1795
0.2335
0.185
0.1675
0.218891
