0.0994503
0.115327
0.005997
0.0804598
0.0969031
0.133367
0.04
0.00848303
0.1205
0.0254745
0.00598802
0.0564436
0.0085
0.0865
0.0634366
0.0758862
0.10989
0.110445
0.00849575
0.009995
0.0985
0.0389805
0.136364
0.134
0.00698952
0.125937
0.0229656
0.0135
0.0534733
0.161419
0.11039
0.0909091
0.0755
0.0149551
0.0834583
0.0895
0.0109945
0.1085
0.01998
0.0335
0.016
0.029
0.022
0.0854146
0.0635
0.0583832
0.025987
0.015976
0.0055
0.0055
0.0424788
0.114828
0.020979
0.09995
0.0325
0.0885
0.111
0.086
0.01
0.111
0.0125
0.0444778
0.010989
0.031968
0.016
0.035982
0.0474763
0.1055
0.0943585
0.0799201
0.107446
0.00349476
0.0969515
0.1015
0.0269865
0.0474289
0.0105
0.086
0.106
0.0559441
0.101348
0.093953
0.153846
0.115826
0.011
0.00749625
0.013
0.11
0.046
0.123438
0.0254618
0.0359461
0.0115
0.00749251
0.0229885
0.0145
0.0389805
0.11477
0.00948577
0.029
0.0135
0.1545
0.0175
0.0249626
0.136863
0.0145
0.1255
0.0934533
0.00549725
0.025987
0.013
0.0085
0.107946
0.0874563
0.0194903
0.048
0.009995
0.0515
0.0264603
0.0184815
0.0125
0.0929535
0.132801
0.00949525
0.132368
0.133
0.118
0.01999
0.0204898
0.121
0.03996
0.0809595
0.019
0.025974
0.0764236
0.011994
0.00749251
0.0865
0.148851
0.0265
0.127373
0.0863273
0.110445
0.125437
0.0864568
0.1185
0.013993
0.041
0.105788
0.102398
0.00997506
0.129435
0.0718563
0.0619381
0.134299
0.0525
0.0524476
0.051
0.0958562
0.0645
0.0785
0.0879121
0.121
0.026
0.0735
0.0184815
0.0265
0.009995
0.14036
0.138431
0.124314
0.0638723
0.0989011
0.0895
0.1055
0.038961
0.0445
0.142358
0.0354468
0.00949525
0.1225
0.069965
0.1095
0.0315
0.0828757
0.0335
0.0144783
0.0894106
0.020979
0.0165
0.017
0.07
0.0165
0.0229885
0.00449775
0.031968
0.0424788
0.0474289
0.0955
0.0793809
0.0389805
0.052
0.00997506
0.077961
0.0185
0.0105
0.113443
0.0985
0.12044
0.0769615
0.0135
0.0154923
0.0339491
0.0943585
0.129371
0.11039
0.0985
0.0669665
0.13943
0.0314685
0.1545
0.108946
0.1195
0.071964
0.01
0.0713573
0.006
0.0864568
0.012
0.0484515
0.00999001
0.0165
0.106
0.0889555
0.045
0.0104895
0.0809595
0.132368
0.0344311
0.008
0.00749251
0.0895
0.0654673
0.148851
0.0714643
0.048951
0.128436
0.142929
0.0109945
0.0109945
0.0619381
0.013979
0.011994
0.0124938
0.151
0.129371
0.00797607
0.0339491
0.013979
0.02
0.0124938
0.024
0.0229885
0.073
0.0748877
0.0325
0.021989
0.0055
0.0409795
0.0264603
0.152424
0.07
0.0774613
0.130804
0.0379242
0.019
0.0134933
0.0989505
0.1
0.118822
0.1
0.0229885
0.0239641
0.00599101
0.04
0.101449
0.0764236
0.0709645
0.129371
0.0874563
0.0904548
0.0194903
0.130435
0.1225
0.0124813
0.00997506
0.031
0.118941
0.0624064
0.0414793
0.0924538
0.0394605
0.031968
0.123438
0.114443
0.104948
0.0935
0.0914543
0.0234531
0.021989
0.153423
0.0244755
0.0175
0.1235
0.112388
0.129935
0.148703
0.072
0.1255
0.1235
0.086
0.1135
0.00948577
0.168
0.136863
0.0968547
0.0344311
0.0863273
0.0205
0.08
0.154269
0.00849575
0.0194708
0.0725
0.011976
0.0505
0.0215
0.0774226
0.0325
0.0055
0.10989
0.0194903
0.0694653
0.0334665
0.089955
0.071
0.105289
0.0104895
0.153846
0.123438
0.00849151
0.11
0.0834166
0.102897
0.0695
0.0095
0.0954523
0.0185
0.0955
0.0144928
0.0534733
0.0214893
0.01
0.074
0.0875
0.00949051
0.0504748
0.0855
0.10668
0.007996
0.0644356
0.044
0.0974513
0.116942
0.11994
0.0925
0.122439
0.0124813
0.116766
0.105947
0.135864
0.031984
0.106287
0.0234883
0.0935
0.0354645
0.0309536
0.112718
0.0738892
0.0889555
0.0125
0.007996
0.097
0.0189715
0.142358
0.0955
0.122877
0.012
0.0524476
0.02
0.00849151
0.126937
0.0663673
0.0953094
0.0809595
0.07
0.0389805
0.0685
0.079
0.138431
0.0134933
0.0755
0.1175
0.111277
0.0325
0.106
0.068
0.0214893
0.075962
0.0134933
0.0209895
0.0285
0.0805
0.096
0.131303
0.013
0.0894553
0.129805
0.0625
0.0384615
0.0109945
0.013
0.0165
0.185907
0.102897
0.0915
0.0834166
0.114443
0.155345
0.036
0.094
0.054
0.012
0.086
0.0294558
0.118
0.01
0.0379242
0.0265
0.0875
0.08
0.0129805
0.121939
0.0994006
0.0909091
0.0514229
0.075962
0.011994
0.0865
0.117441
0.017
0.089955
0.0429356
0.0165
0.0625
0.0924538
0.130804
0.045
0.0285
0.0764236
0.00799201
0.0124938
0.0639361
0.053
0.077
0.128936
0.118382
0.0863273
0.132934
0.127373
0.0114943
0.0289566
0.027986
0.00549725
0.094
0.0994503
0.0894106
0.0804598
0.1305
0.0325
0.0584708
0.095
0.059
0.0135
0.0674663
0.0049975
0.0585
0.130804
0.00998004
0.106
0.0799201
0.0309845
0.0495
0.0755
0.114943
0.0069965
0.00649026
0.122439
0.0129935
0.0254618
0.00799201
0.1075
0.0429356
0.102398
0.013993
0.147631
0.0169661
0.013993
0.171329
0.00849151
0.1265
0.158
0.118441
0.00949051
0.045954
0.009
0.0125
0.027
0.0974513
0.07
0.0474289
0.136364
0.1745
0.142929
0.0714286
0.0683974
0.013
0.007
0.105
0.0445
0.0995
0.07996
0.10989
0.0045
0.013979
0.112718
0.0734266
0.102346
0.0674326
0.0195
0.1165
0.0733899
0.0974026
0.07996
0.10684
0.0837905
0.0105
0.1055
0.0744256
0.0654346
0.0205
0.0834583
0.08
0.035
0.0234531
0.0095
0.0429356
0.141
0.153423
0.036963
0.095
0.0969515
0.12044
0.116442
0.0854146
0.036
0.105289
0.107838
0.0894553
0.0709645
0.105788
0.0284715
0.0985
0.0698952
0.063
0.102398
0.0778832
0.00349476
0.112
0.157186
0.0704296
0.0085
0.0625
0.0175
0.110945
0.144855
0.0669665
0.1085
0.157264
0.114443
0.118941
0.12
0.117441
0.0154613
0.0465
0.0814186
0.00849151
0.0875
0.0035
0.0958562
0.112944
0.131303
0.0785
0.107
0.0234883
0.0095
0.0095
0.072
0.0955
0.1055
0.0798403
0.0169915
0.011
0.106287
0.1415
0.146
0.128936
0.0225
0.03
0.0629685
0.0744256
0.1305
0.11039
0.0255
0.0175
0.116942
0.0114828
0.126937
0.141359
0.0785
0.125874
0.112
0.0199601
0.0114943
0.0749625
0.00849151
0.105947
0.02
0.101449
0.072
0.124
0.088
0.117
0.033983
0.0344828
0.0265
0.128936
0.058
0.0804598
0.0129935
0.00549176
0.088
0.0893214
0.0975
0.0865
0.0344828
0.0968547
0.1265
0.1625
0.0035
0.126
0.162419
0.143928
0.0124875
0.18014
0.0124813
0.011994
0.0074813
0.107946
0.0874563
0.10684
0.168
0.03998
0.0774613
0.0639361
0.133367
0.155
0.00349476
0.0714643
0.029985
0.12094
0.0889111
0.0115
0.015
0.0184631
0.0314843
0.11477
0.0144855
0.111389
0.0938592
0.0805
0.00949525
0.0319521
0.00449775
0.036
0.011988
0.0105
0.024
0.122939
0.023976
0.1235
0.178821
0.0135
0.18014
0.00349476
0.0844578
0.0229656
0.0275
0.06
0.0135
0.00997506
0.112
0.0189715
0.0184631
0.091
0.139
0.069965
0.12094
0.011
0.105947
0.072
0.121
0.095
0.020979
0.102949
0.136364
0.0844578
0.0114828
0.0924538
0.107838
0.0753869
0.0505
0.0154613
0.0184631
0.0605
0.0544184
0.0825
0.00649026
0.0634366
0.046
0.0115
0.0205
0.0475
0.1265
0.144855
0.0164506
0.148851
0.0535
0.105788
0.0554446
0.0095
0.0465
0.01
0.0644678
0.084788
0.0109945
0.0609391
0.00949525
0.094
0.01
0.0723553
0.115327
0.0269865
0.045954
0.122939
0.130804
0.0649026
0.096
0.094
0.111776
0.0404595
0.1255
0.099
0.081
0.016
0.0758862
0.0625
0.113
0.0234531
0.124813
0.073
0.132934
0.091954
0.112444
0.023
0.020979
0.111
0.038
0.0035
0.0694653
0.0069965
0.1585
0.128743
0.10989
0.00998502
0.0884558
0.081
0.139
0.0174913
0.0205
0.08
0.0973054
0.031968
0.11
0.0904548
0.0814593
0.093
0.01997
0.112718
0.0354645
0.0934066
0.0783824
0.128
0.031968
0.0044955
0.0115
0.054
0.0234531
0.133799
0.0105
0.0345
0.00849151
0.126311
0.1185
0.1015
0.0809595
0.12094
0.0165
0.00449775
0.017991
0.0165
0.092
0.0924538
0.148851
0.125
0.014985
0.011988
0.0669665
0.009995
0.0169661
0.0855
0.155345
0.036
0.0104948
0.0818772
0.18014
0.117441
0.0114828
0.0354823
0.0834583
0.021989
0.0894106
0.0305
0.0069965
0.0379242
0.125375
0.0894553
0.10989
0.099
0.137931
0.125
0.094
0.1305
0.045977
0.0169915
0.128936
0.1225
0.112388
0.11039
0.129371
0.1055
0.011988
0.124938
0.005
0.095
0.14093
0.089955
0.13037
0.134433
0.0069965
0.07
0.0204693
0.0189905
0.1405
0.077
0.0454773
0.096
0.0245
0.0154613
0.00799201
0.0044955
0.0979021
0.08
0.0969515
0.1265
0.00749625
0.0154768
0.086
0.00798403
0.12044
0.0945
0.14093
0.108
0.139
0.094
0.0509745
0.0629685
0.027972
0.042957
0.0524738
0.00948577
0.10989
0.01
0.109
0.104895
0.0755
0.106287
0.138792
0.047
0.0735
0.120819
0.0969031
0.0959041
0.133367
0.0174913
0.058
0.0385
0.0185
0.0535
0.129371
0.121939
0.0669665
0.0943585
0.149
0.00649675
0.102
0.0943585
0.114443
0.0669665
0.0354823
0.010989
0.1085
0.0489755
0.0315
0.0194708
0.12044
0.1745
0.0514229
0.007996
0.00849151
0.029985
0.0755
0.011994
0.00549451
0.130435
0.0804598
0.08
0.1265
0.075962
0.0404595
0.0165
0.1375
0.0849151
0.0939061
0.0674326
0.0464304
0.0694653
0.010479
0.096
0.0579421
0.0529735
0.081
0.0085
0.0124938
0.0174913
0.00799201
0.0435
0.013979
0.1075
0.135
0.00799201
0.1095
0.0733899
0.1155
0.036963
0.0895
0.0254745
0.0205
0.0988024
0.0809595
0.00449775
0.015
0.095
0.1365
0.06
0.117324
0.0764618
0.0569715
0.122
0.008
0.014985
0.0469296
0.0969031
0.147631
0.0824176
0.0269327
0.141359
0.043
0.120879
0.057
0.0225
0.0949051
0.1225
0.105788
0.037962
0.131934
0.0625
0.12
0.056
0.034
0.0095
0.146
0.126937
0.0309845
0.00949525
0.113443
0.0904548
0.015
0.1055
0.111888
0.01
0.0608479
0.123938
0.036
0.0974513
0.04
0.0424788
0.0144928
0.0904548
0.0149925
0.102398
0.0354645
0.0379242
0.0135
0.0554169
0.112944
0.121939
0.0345
0.0718563
0.0635
0.069965
0.0735
0.146
0.004995
0.1075
0.139
0.0444778
0.0994006
0.10989
0.127
0.0948577
0.101847
0.153423
0.0779221
0.073
0.0924538
0.0925
0.18014
0.152847
0.0525
0.069
0.123814
0.162
0.039
0.0649675
0.094
0.105788
0.144855
0.0144928
0.011976
0.0344828
0.0474763
0.017
0.0822943
0.103397
0.0404595
0.004995
0.111776
0.093
0.054
0.129935
0.096
0.0295
0.124
0.093
0.121
0.034965
0.157343
0.0979021
0.0943114
0.00549451
0.00749251
0.143928
0.023976
0.099
0.0109945
0.051
0.123938
0.127436
0.0615
0.0335
0.0969031
0.0834583
0.1055
0.135
0.071
0.017991
0.100299
0.0144783
0.0654346
0.0575
0.0774613
0.0124938
0.087956
0.1485
0.0239641
0.017
0.104
0.0654346
0.0625
0.127373
0.125437
0.132434
0.0275
0.0085
0.0354468
0.023976
0.02
0.00999001
0.11994
0.1395
0.00549451
0.0055
0.0234531
0.117441
0.0719281
0.0109945
0.105947
0.0935
0.01
0.00949051
0.007996
0.048
0.0325
0.111888
0.038961
0.035
0.0364818
0.0469765
0.1145
0.0154613
0.0684316
0.0385
0.013993
0.011976
0.1195
0.0773839
0.038961
0.00949525
0.0109945
0.1255
0.0764618
0.0229885
0.048
0.0314685
0.015992
0.013979
0.1185
0.048
0.0395
0.011994
0.036963
0.036
0.133367
0.1085
0.129
0.1075
0.010989
0.0794206
0.0125
0.0145
0.135
0.0069965
0.110279
0.136863
0.0434783
0.009
0.017991
0.11944
0.0965
0.103397
0.00849575
0.0615
0.0114943
0.0144928
0.0085
0.0365
0.0684658
0.0125
0.064
0.0185
0.0705
0.014985
0.00849575
0.1325
0.00698952
0.0135
0.1225
0.098
0.0174913
0.0673989
0.011976
0.011
0.096
0.0583832
0.0069965
0.0104895
0.1225
0.045
0.0908637
0.0135
0.141359
0.00848727
0.128436
0.127436
0.0894106
0.0824588
0.0135
0.124
0.02997
0.033983
0.0145
0.0889555
0.0888667
0.0035
0.113443
0.029985
0.0624064
0.0774613
0.1115
0.0435
0.048
0.0124938
0.112718
0.0945
0.117324
0.107
0.00849151
0.0399401
0.0774226
0.029
0.146
0.0354645
0.0704296
0.112944
0.054
0.019
0.0959041
0.0385
0.036
0.0164753
0.00799201
0.145282
0.00798403
0.0655
0.0728907
0.0429356
0.0485
0.0469765
0.0444778
0.042957
0.0808787
0.152847
0.102398
0.009995
0.011994
0.025
0.0985
0.0554169
0.158
0.1005
0.116942
0.020979
0.150425
0.0364453
0.0184723
0.0169915
0.138792
0.0684658
0.132434
0.027986
0.0674326
0.0245
0.007
0.007996
0.1205
0.00698952
0.095
0.134433
0.106
0.118
0.1265
0.048
0.114943
0.027
0.130435
0.0629685
0.00349476
0.1255
0.0129935
0.135432
0.111888
0.1065
0.0189905
0.0095
0.12094
0.116442
0.128743
0.0755
0.0539461
0.1075
0.11944
0.114
0.0829171
0.0144855
0.0125
0.0325
0.0385
0.015984
0.0109945
0.132934
0.081
0.073963
0.093
0.0619071
0.0803794
0.1305
0.022
0.065
0.0943585
0.148926
0.0989505
0.0425
0.00948104
0.148703
0.0825
0.009995
0.133367
0.0114828
0.093
0.117441
0.0145
0.122
0.0425
0.087
0.0874563
0.107285
0.091363
0.00749625
0.123938
0.00949525
0.109945
0.128436
0.015992
0.012
0.1075
0.0435
0.0129935
0.1015
0.045
0.0194514
0.039
0.0855
0.047
0.0154923
0.103
0.0844578
0.0325
0.00749251
0.081
0.0354468
0.023976
0.021989
0.1015
0.005997
0.0134933
0.0149551
0.022
0.07
0.075962
0.0289855
0.131434
0.010479
0.0085
0.111
0.047
0.142929
0.0999001
0.11039
0.138431
0.136
0.125811
0.109445
0.0144855
0.116442
0.0344311
0.086
0.0215
0.0254618
0.0674663
0.00849575
0.0468828
0.036963
0.00949051
0.02
0.0625
0.0105
0.0204795
0.0129935
0.009995
0.00999001
0.01999
0.004
0.107
0.011477
0.12094
0.005
0.0204898
0.0994503
0.107838
0.07
0.1005
0.0175
0.0229885
0.1055
0.0124938
0.127
0.137363
0.081959
0.0934066
0.011994
0.1005
0.12044
0.01999
0.0229885
0.0834166
0.0889111
0.0514229
0.0764618
0.0165
0.0224775
0.00799201
0.10479
0.03996
0.101348
0.009995
0.159341
0.1185
0.11
0.1075
0.1045
0.007
0.11
0.0895
0.0109945
0.021989
0.1135
0.0225
0.11
0.0284858
0.149
0.131934
0.133799
0.0564436
0.0509491
0.043978
0.0134865
0.01
0.0274725
0.111389
0.0874126
0.135864
0.054
0.126311
0.0815
0.112444
0.124875
0.112332
0.102449
0.0934066
0.1
0.107838
0.038961
0.0055
0.005997
0.100299
0.014985
0.138931
0.1075
0.117
0.012
0.0105
0.0174913
0.1085
0.0174651
0.022
0.0865
0.13986
0.0075
0.0834583
0.0849151
0.0974513
0.025987
0.0195
0.0249626
0.146
0.0785
0.0095
0.1155
0.157
0.096
0.0695
0.0945
0.102398
0.0344828
0.146
0.125874
0.0324675
0.103448
0.0619381
0.122939
0.024
0.135729
0.126937
0.005
0.0134933
0.150425
0.0909091
0.115
0.169246
0.0673989
0.0415
0.07
0.00549451
0.0135
0.12094
0.00549451
0.0889111
0.127936
0.137
0.0749625
0.0265
0.111944
0.0638723
0.0165
0.0569431
0.0494753
0.0588822
0.110445
0.096
0.113387
0.00799201
0.011994
0.028971
0.0974513
0.012
0.0614079
0.0104895
0.00749251
0.136364
0.130804
0.0955
0.114828
0.126437
0.0968547
0.023976
0.012
0.0954046
0.008
0.013979
0.0965
0.012
0.1205
0.0864136
0.0604698
0.1135
0.013
0.107946
0.0994503
0.088
0.0105
0.035982
0.154691
0.083958
0.073
0.128936
0.0314843
0.0874563
0.0959041
0.08
0.00499251
0.0739261
0.0115
0.11
0.0189905
0.017
0.109445
0.107393
0.085
0.044
0.0985
0.109726
0.039
0.0425
0.0764236
0.0115
0.0174825
0.09
0.111888
0.0554723
0.0764618
0.108
0.0424575
0.122816
0.0605
0.00849575
0.021989
0.128936
0.071
0.0539461
0.011994
0.135
0.0364635
0.0729635
0.0663673
0.012
0.120879
0.089955
0.0125
0.0205
0.0174913
0.023976
0.0165
0.0114943
0.0364635
0.095
0.116442
0.0055
0.109445
0.0215
0.102398
0.127436
0.027986
0.157
0.0709645
0.1185
0.0234648
0.071964
0.0189715
0.112944
0.0975
0.078
0.036963
0.0525
0.13037
0.1635
0.0124875
0.034414
0.132434
0.095
0.125937
0.1415
0.027986
0.0255
0.0425
0.0124875
0.0904096
0.0805
0.0095
0.146927
0.037981
0.096
0.131934
0.12094
0.122939
0.0413759
0.0124938
0.0314843
0.011994
0.093953
0.1
0.021
0.0525
0.0105
0.129371
0.0609391
0.161419
0.0245
0.144855
0.1225
0.00798403
0.116442
0.0554169
0.0144855
0.031
0.1135
0.0294558
0.152847
0.078
0.0673653
0.00949051
0.0505
0.128436
0.077
0.0405
0.025987
0.10479
0.004
0.120879
0.0124938
0.077
0.166417
0.0245
0.1205
0.082
0.122
0.0449775
0.022
0.0075
0.081
0.095
0.077
0.0674663
0.0834583
0.1185
0.114443
0.0265
0.109445
0.0939061
0.106
0.1
0.0134865
0.074
0.0495
0.0948577
0.005
0.0894106
0.07
0.1275
0.1205
0.114
0.10684
0.069
0.0114943
0.0994503
0.0174825
0.0713573
0.0174825
0.0175
0.00849151
0.1095
0.0284715
0.127436
0.1075
0.00599101
0.0085
0.0805
0.0813779
0.111
0.0355
0.0854573
0.1235
0.0194903
0.121439
0.063
0.117
0.1105
0.147926
0.1065
0.138362
0.00898204
0.0589705
0.011994
0.0735
0.0464304
0.0134933
0.108
0.120879
0.096
0.0154845
0.0264603
0.013
0.0165
0.021989
0.1015
0.00549451
0.091
0.0179641
0.0805
0.0089955
0.011994
0.112
0.0855
0.0074813
0.1195
0.134098
0.004995
0.0185
0.0735
0.113
0.115826
0.0979021
0.1004
0.1185
0.112388
0.129
0.0245
0.013
0.1125
0.0115
0.0344311
0.105
0.117764
0.0953094
0.011994
0.0748877
0.168
0.11976
0.0189715
0.0095
0.058
0.025974
0.007
0.121939
0.007996
0.0245
0.0169661
0.131934
0.0805
0.0773839
0.048951
0.111888
0.0635
0.0575
0.105947
0.0954523
0.0285
0.007996
0.058
0.0069965
0.0505
0.0044955
0.116326
0.096
0.0109945
0.0135
0.0489755
0.0304848
0.0485
0.123938
0.00998004
0.048951
0.116442
0.0629685
0.00897756
0.0554169
0.06
0.012
0.017
0.0709645
0.138431
0.095
0.00798802
0.0605
0.1055
0.1205
0.113
0.007
0.0055
0.0255
0.093953
0.0955
0.0645
0.1005
0.128436
0.0884558
0.0335
0.0815
0.0339491
0.005
0.135864
0.0925
0.0379431
0.0639041
0.087
0.00848303
0.1065
0.151
0.116766
0.0525
0.0744256
0.0245
0.0114943
0.031968
0.048
0.0175
0.031
0.117441
0.0925
0.0134865
0.121939
0.118382
0.013
0.123438
0.154269
0.0964036
0.124938
0.0939061
0.0309845
0.010989
0.12094
0.0749625
0.0579421
0.104
0.0254745
0.114443
0.0468828
0.103448
0.042957
0.026
0.0109945
0.017
0.0264868
0.107446
0.0745
0.1185
0.0815
0.14036
0.1115
0.0844578
0.147852
0.0534733
0.125811
0.113943
0.093
0.0185
0.010989
0.00649351
0.0834583
0.1535
0.0205
0.136863
0.0149775
0.0204693
0.0145
0.072
0.1055
0.081
0.100899
0.132934
0.105947
0.073963
0.02
0.0675
0.0444778
0.0195
0.0385
0.018
0.147426
0.115327
0.102846
0.021
0.0629685
0.112444
0.01
0.123438
0.0285
0.0839161
0.0285
0.011988
