0.154
0.2185
0.1845
0.242
0.269825
0.233383
0.222
0.268866
0.249626
0.2265
0.197901
0.212894
0.231537
0.237
0.226387
0.273
0.218563
0.195402
0.231653
0.216068
0.296
0.234883
0.235529
0.190905
0.306847
0.201399
0.162419
0.228657
0.205
0.188124
0.237381
0.163918
0.0169745
0.208896
0.227886
0.225
0.224388
0.244378
0.262869
0.221
0.224
0.00799201
0.255
0.1925
0.13
0.235382
0.250499
0.2795
0.240759
0.17991
0.199201
0.184316
0.22017
0.1845
0.207896
0.268962
0.231
0.169915
0.193
0.168916
0.2725
0.257243
0.234883
0.179
0.214
0.261369
0.265867
0.228886
0.261869
0.184316
0.258242
0.2195
0.2395
0.2585
0.22505
0.242
0.231
0.2185
0.23
0.244878
0.228657
0.162419
0.212394
0.242757
0.269865
0.167832
0.242379
0.209186
0.1175
0.149202
0.248751
0.0109945
0.199201
0.227886
0.218781
0.2705
0.227
0.182909
0.182909
0.235882
0.269
0.247
0.229385
0.2085
0.269
0.2225
0.23
0.248379
0.265
0.232651
0.216
0.2465
0.2695
0.170245
0.2565
0.203297
0.201399
0.136432
0.1935
0.2745
0.242757
0.193806
0.228
0.2275
0.193403
0.169415
0.2325
0.267
0.208
0.2465
0.270729
0.1755
0.219281
0.226387
0.2545
0.252874
0.193403
0.203898
0.223388
0.221667
0.167916
0.1925
0.01999
0.240759
0.234648
0.229885
0.224
0.231653
0.241138
0.130935
0.253373
0.22
0.232
0.128936
0.237
0.215
0.196
0.2305
0.2555
0.283358
0.216068
0.199301
0.293
0.223388
0.226387
0.0144928
0.2535
0.2335
0.2255
0.26037
0.244755
0.191808
0.26037
0.263
0.206
0.255
0.238381
0.19
0.233
0.205192
0.24014
0.11944
0.2725
0.0354115
0.232152
0.249252
0.261845
0.209395
0.211788
0.24014
0.169915
0.178322
0.211
0.255617
0.170245
0.266234
0.2255
0.235882
0.22028
0.1975
0.259
0.192807
0.2185
0.247376
0.228386
0.253873
0.285
0.262107
0.245
0.1925
0.1965
0.255
0.243878
0.225
0.2685
0.255489
0.2195
0.207688
0.268232
0.197901
0.2455
0.197
0.255245
0.2335
0.208084
0.209
0.251
0.1845
0.2145
0.206897
0.237762
0.228272
0.236
0.17991
0.2235
0.01
0.260479
0.216068
0.209291
0.2315
0.224
0.242
0.244012
0.275449
0.261608
0.202899
0.236382
0.268
0.223665
0.278582
0.153923
0.215892
0.253873
0.2525
0.1825
0.207896
0.225
0.2625
0.0729635
0.2015
0.2445
0.2045
0.214
0.282359
0.236
0.197901
0.234531
0.234383
0.246
0.196
0.261108
0.249875
0.1765
0.243513
0.23
0.16675
0.184
0.0354115
0.2009
0.2105
0.2545
0.268597
0.268
0.230155
0.23988
0.1375
0.235
0.2105
0.1695
0.218282
0.2405
0.233383
0.227273
0.254
0.2004
0.2265
0.246
0.257871
0.226
0.197
0.227273
0.23988
0.194209
0.222
0.272591
0.246
0.2735
0.203796
0.213
0.235882
0.209186
0.216567
0.213
0.219281
0.22
0.2435
0.205397
0.2255
0.257742
0.243878
0.243756
0.225387
0.2
0.218
0.275225
0.213893
0.22089
0.223388
0.246
0.227886
0.1375
0.212182
0.258853
0.28022
0.183816
0.226387
0.238262
0.231
0.22
0.209895
0.235647
0.273
0.2205
0.214
0.194903
0.187219
0.1935
0.0789605
0.202399
0.271364
0.211
0.223665
0.189905
0.174413
0.238262
0.24038
0.01997
0.269865
0.230385
0.2745
0.2275
0.2455
0.194306
0.277
0.21596
0.01
0.2035
0.228
0.194611
0.210895
0.1905
0.24088
0.2365
0.2205
0.198
0.236264
0.240759
0.223888
0.243378
0.251748
0.209581
0.2205
0.23315
0.2385
0.207896
0.2415
0.182817
0.244878
0.198603
0.237
0.235529
0.01999
0.246
0.269865
0.228386
0.17991
0.214357
0.23976
0.2295
0.216176
0.2325
0.156266
0.177411
0.277722
0.244378
0.249
0.245132
0.223388
0.0055
0.00549725
0.202696
0.143
0.197
0.2035
0.246753
0.2335
0.222
0.251249
0.252747
0.276
0.01
0.0144928
0.00899101
0.230885
0.263
0.230385
0.1675
0.22089
0.221667
0.259611
0.233416
0.228386
0.177
0.146427
0.26
0.10634
0.188906
0.267
0.013993
0.234266
0.244
0.235265
0.275362
0.00849575
0.228386
0.236382
0.181409
0.196402
0.231
0.218
0.251748
0.2055
0.2085
0.268232
0.243378
0.202399
0.258242
0.273227
0.2205
0.251
0.239
0.252
0.231384
0.2575
0.0354115
0.249875
0.189405
0.272
0.263
0.266234
0.2285
0.236146
0.228657
0.253247
0.2015
0.171914
0.0105
0.243378
0.2255
0.2145
0.2205
0.2455
0.2235
0.2305
0.187
0.242
0.18981
0.1725
0.194903
0.1725
0.1905
0.184815
0.2235
0.205
0.265867
0.2365
0.24
0.254373
0.186
0.271
0.2535
0.212182
0.305847
0.194209
0.255872
0.2515
0.234
0.2565
0.294853
0.197
0.229271
0.2565
0.2615
0.15942
0.228657
0.237144
0.197802
0.17991
0.23
0.184908
0.2295
0.227886
0.252122
0.247376
0.162419
0.195402
0.265734
0.243
0.214
0.038
0.2995
0.207
0.1795
0.0105
0.247752
0.195609
0.21939
0.232884
0.2515
0.231
0.2155
0.152272
0.230385
0.269865
0.26037
0.249126
0.214785
0.177
0.2535
0.254618
0.23
0.2004
0.229541
0.2205
0.198
0.255117
0.243378
0.1805
0.242757
0.272591
0.0295
0.268866
0.2575
0.236382
0.205295
0.249626
0.191
0.266234
0.2465
0.193403
0.257742
0.25025
0.245132
0.211289
0.2495
0.23
0.2515
0.217
0.2085
0.2265
0.2215
0.01999
0.282077
0.209
0.1655
0.251374
0.2255
0.251249
0.24038
0.1655
0.00848727
0.2315
0.220779
0.197703
0.2205
0.296352
0.283858
0.199301
0.233383
0.222666
0.172827
0.004995
0.189
0.199
0.198
0.189
0.178411
0.267
0.2185
0.257742
0.234883
0.255
0.00899101
0.24088
0.10634
0.268366
0.0095
0.2855
0.234883
0.0774226
0.2335
0.2475
0.276585
0.2715
0.2695
0.2165
0.212
0.21029
0.00949525
0.212288
0.197703
0.143
0.255
0.169745
0.241879
0.23
0.203796
0.249252
0.229885
0.2105
0.269865
0.16
0.199
0.216
0.247
0.243756
0.2335
0.235
0.2375
0.237263
0.218672
0.208396
0.195
0.268366
0.2625
0.227886
0.275
0.231384
0.264368
0.267099
0.2745
0.240759
0.18
0.196402
0.227886
0.214785
0.242
0.2445
0.266234
0.214785
0.1945
0.181409
0.1675
0.230885
0.217782
0.199
0.256615
0.022
0.216892
0.238
0.2675
0.221778
0.209395
0.1998
0.252994
0.005997
0.201
0.253
0.169915
0.234
0.215784
0.252
0.217
0.0354115
0.194403
0.186813
0.243378
0.217283
0.217
0.220779
0.255617
0.194209
0.259
0.246877
0.2
0.232384
0.23976
0.226887
0.0729635
0.234648
0.174413
0.256372
0.196206
0.2355
0.192
0.2995
0.2835
0.2105
0.233383
0.242757
0.253247
0.212394
0.2125
0.242879
0.244012
0.242258
0.0225
0.1765
0.236146
0.226161
0.018
0.182817
0.2295
0.2425
0.233915
0.28022
0.205897
0.235382
0.199201
0.234765
0.254246
0.216284
0.0169745
0.1845
0.232
0.262869
0.23
0.201899
0.1995
0.201098
0.15
0.197703
0.263
0.16675
0.232
0.236882
0.23
0.20979
0.1997
0.262107
0.2075
0.22505
0.144356
0.266
0.236146
0.226
0.204898
0.236382
0.2455
0.206587
0.226887
0.212182
0.253873
0.228272
0.209291
0.2215
0.18
0.2625
0.212394
0.240759
0.245877
0.231
0.268866
0.255
0.194
0.186407
0.23315
0.208
0.226387
0.243756
0.289277
0.216284
0.243756
0.249875
0.251748
0.222
0.225275
0.227386
0.246
0.2145
0.248376
0.204898
0.235265
0.202399
0.2145
0.2705
0.236382
0.225774
0.248376
0.167665
0.259241
0.1835
0.216892
0.185315
0.2085
0.1925
0.253247
0.241758
0.227886
0.249252
0.196902
0.0665
0.306847
0.232651
0.231537
0.128936
0.25362
0.23
0.2525
0.013993
0.00649026
0.24663
0.24014
0.257243
0.261369
0.2495
0.196
0.243513
0.1845
0.1925
0.253247
0.2285
0.156
0.210895
0.192904
0.214
0.2445
0.207293
0.197703
0.205397
0.208791
0.2805
0.184815
0.205295
0.2475
0.185315
0.221
0.25362
0.268866
0.2004
0.217283
0.1905
0.192
0.2135
0.1535
0.1535
0.232767
0.2002
0.248128
0.209186
0.2185
0.2325
0.1985
0.006
0.249875
0.195402
0.23938
0.205192
0.213
0.26
0.247376
0.225162
0.237
0.225
0.171914
0.2105
0.236264
0.232651
0.01
0.206088
0.236382
0.216892
0.2615
0.249375
0.235147
0.2085
0.238881
0.2185
0.225275
0.153347
0.263868
0.2285
0.264
0.197
0.209
0.256872
0.114443
0.2215
0.2425
0.232651
0.257742
0.189905
0.217
0.23
0.18032
0.0135
0.226387
0.289
0.22
0.193
0.2125
0.194611
0.2425
0.205794
0.205794
0.192308
0.231884
0.0154768
0.258
0.0144783
0.18
0.283716
0.182409
0.228771
0.265867
0.228158
0.243
0.1755
0.198
0.221
0.253
0.162419
0.2075
0.007996
0.254
0.24026
0.2075
0.218
0.255117
0.239
0.232884
0.2255
0.233416
0.206397
0.258242
0.169415
0.225774
0.231884
0.181409
0.221
0.230885
0.2115
0.241638
0.2085
0.209895
0.234414
0.231
0.209
0.245377
0.10634
0.24975
0.1705
0.226773
0.24038
0.195402
0.218
0.2705
0.0789605
0.2585
0.2445
0.2255
0.215892
0.233383
0.283358
0.185721
0.211
0.2205
0.216
0.159
0.223888
0.251
0.235147
0.202
0.187219
0.215892
0.1695
0.242258
0.256872
0.208896
0.226387
0.234648
0.268597
0.216567
0.234765
0.193017
0.202298
0.00848727
0.26037
0.209186
0.225387
0.248
0.237
0.2085
0.283358
0.238761
0.221889
0.238
0.191309
0.208292
0.257614
0.207688
0.233383
0.2445
0.258
0.213
0.236882
0.205397
0.217
0.25937
0.225387
0.185721
0.192807
0.283858
0.172
0.249875
0.265867
0.2495
0.2805
0.22089
0.254618
0.189405
0.2745
0.2195
0.205794
0.215784
0.0295
0.195804
0.243756
0.244134
0.204
0.194611
0.235
0.192904
0.205
0.185
0.231
0.26024
0.2505
0.215392
0.239261
0.1965
0.235265
0.237
0.2465
0.249251
0.153923
0.2565
0.216
0.235265
0.236146
0.199
0.268866
0.2275
0.259611
0.198
0.2435
0.150125
0.243
0.2655
0.2445
0.224775
0.232
0.166417
0.223888
0.1885
0.214179
0.201899
0.225387
0.223277
0.212394
0.1675
0.24014
0.2395
0.007
0.247376
0.226
0.208084
0.2455
0.2545
0.135
0.1755
0.228
0.21
0.2085
0.183816
0.2145
0.24975
0.246
0.2125
0.23
0.222
0.22666
0.204693
0.238881
0.2615
0.2215
0.172
0.247
0.243878
0.228
0.2525
0.221
0.219
0.268597
0.196
0.296
0.1665
0.213679
0.213786
0.211577
0.2265
0.281859
0.216
0.11944
0.129
0.256372
0.198401
0.215892
0.234883
0.190905
0.230885
0.175912
0.22
0.2365
0.202
0.242
0.2285
0.251374
0.2205
0.247
0.1715
0.198901
0.207896
0.197
0.2255
0.21939
0.247376
0.0114828
0.223776
0.21
0.22
0.19
0.233383
0.199
0.254246
0.2075
0.2445
0.235647
0.230885
0.150125
0.254246
0.26087
0.2095
0.2445
0.216284
0.2535
0.1955
0.2295
0.197
0.229885
0.136432
0.247376
0.207688
0.0144783
0.206
0.212394
0.00849151
0.011994
0.270365
0.2435
0.212394
0.217283
0.193806
0.234266
0.25
0.1915
0.236382
0.2715
0.252122
0.221
0.20979
0.248
0.2015
0.26
0.219
0.2135
0.235764
0.232535
0.216892
0.2235
0.2135
0.2375
0.209395
0.232767
0.248252
0.273863
0.271593
0.235764
0.204693
0.247
0.130935
0.211894
0.195902
0.268
0.229885
0.267697
0.193307
0.25
0.249251
0.232884
0.254246
0.277722
0.184
0.26087
0.269865
0.217782
0.2325
0.2095
0.2475
0.216892
0.230654
0.253373
0.225275
0.182635
0.247376
0.1825
0.242757
0.258853
0.2215
0.2075
0.23
0.2405
0.28
0.01
0.2125
0.254373
0.2495
0.2205
0.251374
0.290355
0.197901
0.199201
0.248376
0.196
0.2004
0.243
0.160679
0.209395
0.2265
0.243878
0.182
0.25987
0.177323
0.243878
0.1955
0.2325
0.007
0.225774
0.256372
0.265367
0.2725
0.211
0.244
0.216
0.2795
0.203796
0.247
0.2645
0.253373
0.246
0.209
0.202899
0.005997
0.187
0.306847
0.202899
0.237263
0.2725
0.241758
0.159341
0.199201
0.276
0.2355
0.249251
0.178821
0.192
0.265367
0.218
0.231384
0.261369
0.2225
0.2035
0.2075
0.14
0.248
0.00849575
0.236146
0.207
0.212
0.146281
0.263736
0.244256
0.2365
0.2045
0.168332
0.1755
0.2225
0.197204
0.197901
0.230385
0.163918
0.255
0.187812
0.276862
0.258853
0.2275
0.086
0.1998
0.241638
0.21596
0.1975
0.242757
0.225162
0.1975
0.209395
0.249875
0.249875
0.1375
0.194
0.246377
0.249875
0.238262
0.235764
0.234
0.207896
0.007
0.187812
0.24026
0.226887
0.265867
0.232884
0.214357
0.2435
0.283075
0.1535
0.230385
0.255117
0.283358
0.189905
0.193
0.212894
0.2285
0.246
0.1875
0.285714
0.237644
0.2004
0.222389
0.2225
0.202298
0.187406
0.2475
0.199
0.231153
0.2225
0.167832
0.268
0.1825
0.2315
0.19
0.194
0.270729
0.238881
0.241259
0.234414
0.2185
0.228657
0.251123
0.215892
0.239
0.242879
0.275449
0.244378
0.003998
0.243635
0.182817
0.174913
0.2325
0.2835
0.261347
0.24026
0.252874
0.229885
0.225774
0.243756
0.238761
0.24975
0.2515
0.2445
0.192
0.251374
0.228543
0.202096
0.23
0.00799201
0.28086
0.223054
0.233883
0.2355
0.2215
0.235147
0.242636
0.189905
0.242258
0.0234648
0.182635
0.2455
0.182909
0.271593
0.229271
0.26037
0.26497
0.2465
0.216284
0.22
0.216567
0.271593
0.21336
0.186314
0.0114828
0.316342
0.182
0.202399
0.2004
0.254
0.2035
0.232268
0.267697
0.206897
0.205
0.21318
0.2485
0.249875
0.201
0.253247
0.237
0.238642
0.1915
0.232
0.223388
0.1755
0.2675
0.2085
0.1825
0.256872
0.2215
0.192308
0.124438
0.19
0.232384
0.219
0.251748
0.236763
0.277361
0.197
0.232384
0.232384
0.231384
0.2085
0.210395
0.2505
0.2355
0.260739
0.248128
0.222389
0.143
0.202399
0.209395
0.199
0.161919
0.209291
0.242757
0.247
0.183816
0.200799
0.169415
0.217
0.2075
0.258
0.2545
0.182909
0.221389
0.1905
0.216068
0.234
0.225275
0.22039
0.223277
0.209082
0.223888
0.231884
0.247752
0.2355
0.273863
0.1835
0.254246
0.175412
0.2345
0.234383
0.21318
0.204296
0.244256
0.194
0.190905
0.216892
0.193307
0.19
0.283
0.00649026
0.235411
0.227886
0.24
0.18032
0.244378
0.321
0.2705
0.189715
0.2225
0.26
0.015
0.2525
0.236146
0.228386
0.205295
0.182
0.272
0.2095
0.197703
0.218
0.215892
0.0035
0.2655
0.230885
0.1995
0.2435
0.199
0.0105
0.243378
0.175912
0.185
0.167832
0.1997
0.204296
0.247752
0.22006
0.232535
0.183816
0.0095
0.2395
0.229885
0.14
0.196402
0.2235
0.167916
0.23976
0.197802
0.242757
0.177411
0.221279
0.186407
0.216068
0.253873
0.235529
0.2375
0.235
0.235
0.212182
0.222389
0.243878
0.1885
0.2325
0.2255
0.246254
0.2075
0.225
0.241259
0.26
0.261
0.19031
0.226
0.2215
0.21
0.236382
0.2245
0.251
0.254246
0.215
0.226387
0.192404
0.1715
0.243
0.234266
0.22039
0.191
0.247129
0.248
0.17991
0.242258
0.16
0.198
0.2285
0.230885
0.196
0.22089
0.205192
0.238523
0.240759
0.2585
0.206
0.205589
0.199201
0.253373
0.2695
0.26037
0.2295
0.236382
0.234
0.2325
0.234
0.2185
0.254246
0.2285
0.194403
0.261869
0.233383
0.247876
0.2455
0.2395
0.223277
0.2565
0.2
0.2205
0.249251
0.182909
0.149276
0.23976
0.2565
0.238881
0.224439
0.1895
0.249875
0.2065
0.209
0.239
0.2435
0.244
0.195402
0.243756
0.216284
0.247376
0.268
0.211894
0.229885
0.234383
0.26
0.220779
0.1845
0.235382
0.210395
0.24
0.222
0.202696
0.228
0.0065
0.223888
0.242258
0.182817
0.2105
0.265
0.236
0.211
0.00698952
0.235882
0.156
0.230385
0.205192
0.237263
0.217782
0.226387
0.254618
0.1835
0.271457
0.233383
0.238
0.2345
0.237
0.190905
0.211894
0.1845
0.238642
0.210684
0.241879
0.2325
0.2735
0.18
0.1925
0.245377
0.244878
0.268866
0.18
0.1175
0.235382
0.258871
0.234
0.26037
0.264
0.201899
0.01
0.19
0.24
0.208292
0.206397
0.226
0.255
0.00649026
0.2145
0.189405
0.216
0.237
0.228543
0.162419
0.155422
0.271457
0.219561
0.26087
0.215
0.195902
0.227545
0.224388
0.201399
0.231
0.215569
0.205192
0.227
0.2095
0.193
0.277361
0.266367
0.253873
0.2315
0.207
0.230885
0.209
0.249251
0.224388
0.167249
0.2009
0.225774
0.2645
0.186
0.2485
0.209395
0.240759
0.228657
0.008
0.212
0.207086
0.228158
0.22039
0.234383
0.2445
0.216
0.2315
0.283858
0.188124
0.230885
0.2325
0.187812
0.2185
0.210474
0.23
0.0729635
0.2002
0.189405
0.258
0.245132
0.216068
0.185721
0.186
0.2535
0.171243
0.048
0.215892
0.182726
0.189715
0.0069965
0.246
0.21596
0.204693
0.296352
0.261
0.232767
0.22017
0.202399
0.263868
0.168332
0.254246
0.189405
0.2805
0.277861
0.226387
0.219
0.247129
0.216567
0.198901
0.244378
0.00249626
0.283
0.185
0.182817
0.233
0.177234
0.208292
0.2009
0.1785
0.265867
0.254
0.22505
0.231653
0.2225
0.235147
0.205
0.28036
0.1815
0.208292
0.2325
0.209186
0.217391
0.262869
0.245377
0.283358
0.268597
0.252
0.2435
0.2675
0.2475
0.228386
0.0135
0.247
0.1955
0.21029
0.1885
0.225887
0.210395
0.263368
0.2185
0.248751
0.213
0.2595
0.252122
0.26037
0.207688
0.143
0.207396
0.0055
0.283358
0.208
0.2185
0.224164
0.249251
0.259111
0.009
0.156
0.274863
0.186407
0.229385
0.191
0.171243
0.2675
0.233267
0.216284
0.26037
0.235
0.206
0.192308
0.252994
0.265367
0.221389
0.2325
0.233
0.2325
0.225162
0.255872
0.194
0.2215
0.1825
0.0295
0.210395
0.218891
0.2325
0.227886
0.24088
0.210395
0.217782
0.153423
0.251374
0.25362
0.213393
0.0055
0.1945
0.259111
0.226387
0.2125
0.0135
0.243
0.27023
0.1535
0.232
0.215569
0.285714
0.2035
0.190809
0.228158
0.277361
0.247
0.0584708
0.2435
0.224388
0.253
0.232384
0.186
0.207896
0.208896
0.266367
0.25
0.246
0.249251
0.007996
0.2125
0.213786
0.249252
0.21318
0.257871
0.232
0.177733
0.218282
0.005997
0.227886
0.208292
0.236382
0.211289
0.235
0.186407
0.257243
0.206294
0.1994
0.216068
0.245754
0.2205
0.268
0.230885
0.2225
0.235647
0.237
0.206897
0.235382
0.232384
0.2495
0.206397
0.225774
0.216567
0.235882
0.2585
0.1955
0.209
0.22089
0.136432
0.253
0.242
0.00649351
