0.109835
0.152924
0.126873
0.0224663
0.126
0.109391
0.1085
0.0644356
0.105447
0.121939
0.127309
0.0085
0.022
0.148426
0.135932
0.125937
0.046953
0.0509745
0.187
0.1015
0.0875
0.1285
0.1565
0.0519481
0.124438
0.1125
0.145
0.163418
0.16
0.142929
0.1485
0.0439122
0.130804
0.0215
0.124938
0.02
0.0615
0.0249875
0.07996
0.0254873
0.134865
0.179
0.104448
0.151424
0.163836
0.149
0.104738
0.0503741
0.155689
0.1355
0.0705
0.0885
0.14985
0.13
0.12
0.150925
0.0924538
0.1275
0.157343
0.0995
0.071964
0.095952
0.0804196
0.123938
0.0144783
0.129
0.1905
0.109
0.1195
0.157921
0.0154923
0.141429
0.15992
0.097
0.128244
0.1825
0.094
0.141429
0.0943114
0.149425
0.114329
0.0475
0.129935
0.187
0.072
0.142358
0.1375
0.1335
0.136932
0.142358
0.131
0.00798802
0.065
0.0549725
0.033966
0.130435
0.0433915
0.107285
0.0948577
0.135864
0.0823353
0.12525
0.0965
0.1215
0.173913
0.148777
0.116883
0.0275
0.1825
0.0549725
0.091
0.138293
0.0105
0.118881
0.126437
0.0285
0.12038
0.00249875
0.097951
0.1295
0.178821
0.011994
0.0295
0.126
0.1615
0.117324
0.133
0.1615
0.0104948
0.111888
0.155
0.146927
0.0804196
0.0249501
0.01998
0.005997
0.121379
0.0114828
0.142358
0.085
0.120819
0.151424
0.130435
0.115
0.106947
0.150925
0.0229656
0.117324
0.00748877
0.1285
0.1375
0.1125
0.165417
0.1615
0.0075
0.134663
0.18041
0.141429
0.151424
0.044
0.095
0.103
0.116883
0.045
0.0765
0.113
0.023
0.134
0.0264868
0.113772
0.1375
0.0985
0.177411
0.0784608
0.125874
0.0944056
0.157
0.0104948
0.0189905
0.14022
0.109
0.131934
0.11039
0.2065
0.074
0.00998004
0.122877
0.148278
0.00998004
0.117941
0.0694653
0.0235
0.118941
0.101399
0.1705
0.00697906
0.0749251
0.0049975
0.105
0.13979
0.111888
0.124938
0.165417
0.153423
0.117
0.147
0.0195
0.0504244
0.147926
0.067966
0.141787
0.097
0.0125
0.0584708
0.127436
0.156
0.157842
0.105447
0.146927
0.142
0.126437
0.01
0.126
0.141429
0.157842
0.113443
0.0194611
0.130869
0.131434
0.153846
0.117324
0.1185
0.144855
0.036
0.022977
0.0944528
0.131934
0.136296
0.016983
0.010989
0.0683974
0.144284
0.113886
0.126873
0.0832502
0.1235
0.127373
0.0125
0.108392
0.128
0.072
0.115
0.00549725
0.0758105
0.137
0.134433
0.0738523
0.1655
0.1045
0.00598504
0.104343
0.0579131
0.148426
0.0345
0.0114943
0.007
0.0085
0.0175
0.0075
0.0125
0.0955
0.0838742
0.076
0.132368
0.118822
0.124438
0.1055
0.104
0.008
0.0665
0.187
0.149425
0.1305
0.0985
0.0989505
0.013
0.144
0.12
0.0149925
0.117
0.134
0.153423
0.0349825
0.120819
0.097
0.153923
0.0224663
0.0695
0.124314
0.143856
0.138293
0.1475
0.073963
0.141429
0.120758
0.155
0.0149775
0.124
0.0049975
0.012987
0.0884558
0.0685
0.14093
0.010989
0.17973
0.013986
0.00599401
0.0224663
0.0555
0.0889111
0.1565
0.1335
0.127373
0.0889111
0.157343
0.170415
0.117441
0.0805
0.087956
0.0095
0.0314843
0.0164835
0.042957
0.1485
0.12038
0.0773839
0.0195
0.124
0.102949
0.147
0.079
0.168416
0.097951
0.0504496
0.0055
0.119
0.1085
0.086
0.0149925
0.0609695
0.125
0.11944
0.0184908
0.07
0.12032
0.034
0.0969515
0.00549725
0.076
0.101348
0.167333
0.113
0.134
0.123876
0.0249875
0.006
0.134865
0.164918
0.0644356
0.167416
0.1905
0.18041
0.01
0.101399
0.023
0.107232
0.136795
0.0114885
0.0125
0.1185
0.1125
0.124314
0.011988
0.117941
0.126873
0.144711
0.0384808
0.0164835
0.074
0.0864568
0.172414
0.153769
0.1485
0.124251
0.1185
0.016983
0.0599101
0.145
0.157842
0.1375
0.088
0.019
0.118382
0.071
0.1385
0.135
0.025987
0.1245
0.147
0.161757
0.0175
0.154423
0.116384
0.1004
0.069965
0.0124875
0.0924538
0.0968547
0.1485
0.14093
0.127436
0.043
0.114943
0.159341
0.041979
0.0935
0.0765
0.013986
0.0504244
0.111
0.0185
0.0579131
0.025987
0.17973
0.117324
0.0739261
0.104948
0.0865
0.016983
0.1145
0.135932
0.0924538
0.1365
0.1615
0.022977
0.1195
0.174975
0.0304543
0.009
0.137157
0.129371
0.133933
0.071964
0.153846
0.124938
0.143285
0.116
0.116
0.0265
0.023988
0.0259611
0.116267
0.0235
0.0259611
0.119
0.144356
0.1825
0.151424
0.125
0.059
0.023988
0.071
0.1175
0.1275
0.17
0.078
0.061
0.0109835
0.124314
0.1095
0.087
0.00749625
0.035982
0.126437
0.136932
0.042957
0.133933
0.00948577
0.17
0.091954
0.00849575
0.031968
0.01
0.145427
0.138224
0.117324
0.115653
0.0885
0.0968547
0.009995
0.118441
0.142429
0.1345
0.141288
0.130869
0.0549725
0.123
0.123
0.0849575
0.120259
0.166917
0.0739261
0.098
0.0994503
0.1195
0.134865
0.0655
0.10978
0.124251
0.0524738
0.017
0.147
0.175062
0.137656
0.037962
0.013986
0.116384
0.0464768
0.113886
0.0135
0.133367
0.112
0.031968
0.145427
0.118441
0.1625
0.0365
0.115768
0.0109945
0.0314843
0.131434
0.01
0.015992
0.0934066
0.0815
0.0433915
0.0149925
0.1195
0.01
0.1235
0.117
0.156422
0.0615
0.0114943
0.138431
0.0654673
0.0968547
0.141429
0.0654673
0.1365
0.111888
0.146927
0.157921
0.0995
0.0389805
0.0949525
0.142929
0.1015
0.101399
0.053973
0.159341
0.146927
0.031
0.1415
0.00599401
0.013986
0.166
0.0474763
0.118323
0.113886
0.138431
0.00999001
0.153846
0.119
0.1515
0.119
0.1175
0.172914
0.1695
0.007
0.010989
0.153923
0.0095
0.143856
0.156
0.134933
0.154423
0.171742
0.122877
0.1175
0.153423
0.0625
0.0095
0.0899101
0.153769
0.00949051
0.1145
0.1075
0.0149925
0.155
0.0624376
0.136
0.011
0.103
0.011982
0.124438
0.123
0.0683974
0.108392
0.003998
0.144928
0.020979
0.097951
0.0209895
0.0969515
0.1595
0.152924
0.071
0.121439
0.014
0.1275
0.0529735
0.131802
0.0784608
0.0114713
0.0104948
0.139361
0.123814
0.1615
0.0109945
0.103792
0.0805
0.114329
0.131369
0.0999001
0.102
0.1175
0.13993
0.154423
0.0329506
0.135864
0.155
0.017
0.07
0.041979
0.130804
0.086
0.101348
0.1095
0.153423
0.124251
0.0095
0.128436
0.117
0.156422
0.0898652
0.1355
0.141929
0.1405
0.14
0.00649351
0.12
0.013
0.010989
0.124314
0.0715
0.181909
0.097951
0.00798802
0.131
0.00749625
0.0149925
0.116825
0.147426
0.0609695
0.1315
0.122939
0.127872
0.0274863
0.00649351
0.152
0.125437
0.132934
0.181
0.131434
0.1415
0.071
0.1695
0.135932
0.0085
0.114943
0.146927
0.121439
0.198302
0.15992
0.008
0.107446
0.0895
0.172414
0.005
0.0464768
0.0114943
0.141787
0.1315
0.11982
0.0169745
0.00549725
0.112944
0.148926
0.0809595
0.0069965
0.094
0.159341
0.008
0.0104948
0.0125
0.0969515
0.159261
0.017
0.056
0.0919081
0.0134798
0.0719281
0.1435
0.0899101
0.135
0.141429
0.0865
0.1375
0.0444112
0.134
0.100349
0.141359
0.1045
0.1004
0.02
0.15984
0.1333
0.131369
0.1105
0.096
0.027
0.12038
0.1015
0.1845
0.013979
0.135432
0.175412
0.069965
0.1015
0.13993
0.113943
0.033
0.086
0.107892
0.1333
0.1085
0.136296
0.04
0.0938592
0.111
0.0523952
0.1345
0.119
0.122
0.0549725
0.1
0.1635
0.010989
0.10684
0.0345
0.0535
0.138431
0.116267
0.115653
0.159341
0.12032
0.013986
0.139
0.129
0.16
0.148352
0.0364271
0.0214678
0.0105
0.0995
0.1185
0.156422
0.0189905
0.154
0.0475
0.0109835
0.155267
0.0695
0.073963
0.15992
0.09995
0.154768
0.137431
0.0535
0.1485
0.013979
0.0594109
0.0275
0.0199601
0.134433
0.1465
0.1905
0.1115
0.114329
0.0185
0.0694653
0.0599401
0.00598504
0.1405
0.164506
0.147926
0.117823
0.1004
0.136364
0.108946
0.123938
0.131434
0.00648703
0.107285
0.006
0.0994503
0.131434
0.124938
0.023
0.130435
0.121939
0.0809595
0.17973
0.031
0.115653
0.166417
0.1445
0.1415
0.149276
0.0504244
0.0215
0.17982
0.0194708
0.124438
0.0249626
0.1825
0.112388
0.117941
0.1415
0.01999
0.1333
0.175062
0.115768
0.0475
0.0205
0.0989505
0.129
0.0849575
0.076
0.047976
0.167333
0.131434
0.0739261
0.1475
0.123938
0.116942
0.130435
0.1605
0.0135
0.0205
0.1685
0.146927
0.0149925
0.00849575
0.1485
0.0214785
0.131934
0.0085
0.0609695
0.055
0.113
0.0918164
0.079
0.168416
0.006
0.033966
0.00999001
0.1235
0.15992
0.0095
0.123814
0.008
0.1333
0.126
0.013979
0.0995
0.0305
0.013979
0.154423
0.1245
0.0069965
0.0134865
0.0189526
0.0174913
0.13217
0.02
0.125437
0.0274863
0.116
0.122
0.122877
0.173826
0.067966
0.130804
0.059
0.176912
0.0949051
0.004995
0.114443
0.012987
0.0209895
0.1355
0.0115
0.148
0.148
0.0549725
0.126937
0.0109945
0.1495
0.1385
0.129242
0.112
0.122
0.172914
0.135932
0.021967
0.112774
0.142929
0.166251
0.1333
0.123814
0.163418
0.181
0.0885
0.0999001
0.012
0.1655
0.123876
0.159341
0.117823
0.114885
0.010989
0.1145
0.0718922
0.0644678
0.175062
0.078
0.118
0.01
0.096
0.172914
0.154423
0.125874
0.159341
0.1155
0.095
0.165335
0.107946
0.159341
0.0833749
0.168416
0.051974
0.128372
0.135
0.102
0.0274863
0.0124875
0.11994
0.0654346
0.122877
0.013986
0.151772
0.13
0.00598504
0.1465
0.1335
0.0069965
0.113
0.114
0.122439
0.171914
0.147926
0.0109945
0.154423
0.129242
0.0264603
0.0435
0.142358
0.124
0.0174913
0.102949
0.073963
0.020979
0.089
0.0834166
0.155267
0.0795
0.1315
0.137931
0.110834
0.00749625
0.0998502
0.0885
0.00249875
0.0579131
0.11994
0.0834583
0.155422
0.0115
0.0439122
0.0154923
0.0269865
0.0164918
0.0114713
0.0365
0.111888
0.135864
0.136795
0.0814593
0.00848303
0.00899101
0.009
0.0109945
0.14022
0.177411
0.1195
0.157
0.138431
0.152348
0.0909545
0.00449326
0.167166
0.0235
0.152847
0.078
0.0129741
0.0254873
0.00899101
0.147
0.00697906
0.013979
0.115
0.032
0.0745
0.116
0.0715
0.09
0.10045
0.0049975
0.06
0.1475
0.0918164
0.01
0.113772
0.152847
0.145781
0.003
0.100849
0.13993
0.1015
0.10634
0.108
0.167416
0.121439
0.104
0.0129935
0.0848303
0.109391
0.0429785
0.0519481
0.115942
0.104843
0.043956
0.122
0.089
0.159341
0.1185
0.1255
0.1345
0.087
0.0968547
0.1004
0.0589705
0.185814
0.108
0.108891
0.0939061
0.114386
0.023
0.13986
0.1235
0.004995
0.136296
0.1465
0.119
0.0249875
0.1375
0.132934
0.1125
0.0889111
0.0305
0.126873
0.1004
0.101949
0.132934
0.1695
0.0885
0.0165
0.01999
0.136432
0.108
0.0304848
0.0484758
0.113443
0.0529735
0.00849575
0.1
0.1575
0.116883
0.016983
0.102449
0.0254873
0.1125
0.009995
0.125874
0.130804
0.11333
0.114329
0.0985
0.097
0.0304543
0.131434
0.144855
0.00749625
0.047976
0.091
0.121939
0.1395
0.137431
0.0778443
0.089
0.118
0.171914
0.0854146
0.0125
0.115442
0.00899101
0.129935
0.007
0.134
0.154923
0.141359
0.0604698
0.103792
0.0815
0.0409182
0.122939
0.033966
0.127309
0.012987
0.1375
0.1125
0.152924
0.080798
0.1235
0.0194708
0.0085
0.106947
0.135365
0.012987
0.066
0.066
0.124938
0.1435
0.146208
0.144
0.0745
0.0184631
0.0935
0.139
0.046953
0.106947
0.124938
0.0075
0.0209895
0.1625
0.12038
0.101
0.095952
0.131369
0.022977
0.1375
0.0189526
0.130435
0.0105
0.0254873
0.114
0.131934
0.12
0.0894553
0.0109945
0.154923
0.1615
0.080798
0.00749251
0.1333
0.121439
0.115442
0.0579131
0.128936
0.0918164
0.059
0.138431
0.155
0.0923615
0.1225
0.1545
0.0609695
0.16026
0.124438
0.010989
0.0115
0.0089955
0.0793413
0.172328
0.0195
0.1495
0.148926
0.129
0.1145
0.141787
0.088
0.1535
0.130435
0.011994
0.150425
0.0105
0.108446
0.111
0.126
0.087956
0.0155
0.108
0.0504244
0.0669665
0.00848303
0.0144855
0.136932
0.120819
0.145427
0.01
0.121439
0.137431
0.005
0.125
0.104
0.124938
0.172914
0.1175
0.130435
0.0259611
0.143856
0.1475
0.00798403
0.0189905
0.115
0.114329
0.033966
0.107446
0.0644678
0.172914
0.0125
0.018
0.007
0.130804
0.00848727
0.148426
0.00749625
0.0954046
0.0075
0.127808
0.1655
0.12987
0.1333
0.0685
0.141929
0.151424
0.185907
0.133
0.13
0.0819181
0.187
0.0144855
0.14022
0.146
0.148352
0.106947
0.1165
0.159261
0.0314843
0.0249626
0.0384808
0.111444
0.0364818
0.0995
0.2065
0.156422
0.0134798
0.0909545
0.135432
0.0229656
0.0205
0.122939
0.148
0.0644356
0.11994
0.163418
0.0154613
0.0044955
0.1125
0.0069965
0.127872
0.0759241
0.1575
0.101949
0.007
0.097
0.144
0.136795
0.137431
0.0409182
0.0215
0.130435
0.077961
0.013993
0.0095
0.119
0.113387
0.149
0.080798
0.1455
0.104448
0.0159681
0.1605
0.126374
0.153923
0.014
0.138293
0.126937
0.127872
0.005
0.168916
0.163418
0.1185
0.0055
0.10989
0.0114943
0.037
0.1165
0.0214785
0.124
0.151848
0.1845
0.118382
0.11
0.117324
0.1425
0.169162
0.154423
0.033966
0.147926
0.132368
0.018
0.0155
0.175412
0.009995
0.161919
0.1004
0.0724638
0.00749625
0.130935
0.055
0.112887
0.0135
0.168416
0.0275
0.0075
0.005
0.142715
0.007996
0.107946
0.0174913
0.12
0.133933
0.1675
0.0154613
0.031
0.0944528
0.0924538
0.127936
0.122877
0.1405
0.14521
0.0854146
0.1285
0.0985
0.129935
0.0969515
0.111389
0.0155
0.0984508
0.0773839
0.166251
0.1075
0.0764236
0.115
0.123438
0.157842
0.100349
0.148352
0.1215
0.0589705
0.12094
0.0985
0.125937
0.128436
0.107946
0.104843
0.1285
0.1195
0.0155
0.107892
0.0125
0.102
0.0669665
0.0129741
0.1315
0.101348
0.17324
0.13
0.115
0.153769
0.101348
0.141787
0.185907
0.0305
0.114329
0.1595
0.055
0.0224663
0.0885
0.00549725
0.1165
0.156
0.0195
0.150425
0.0985
0.0745
0.1205
0.172741
0.098
0.129435
0.076
0.123
0.1
0.0739261
0.117941
0.145427
0.0774613
0.057971
0.0894553
0.129435
0.011994
0.0165
0.133
0.135864
0.0214893
0.13943
0.0234648
