0.0124813
0.14036
0.1565
0.0049975
0.163836
0.0843313
0.018
0.01
0.0224888
0.0795
0.14
0.177234
0.13037
0.0154845
0.171914
0.1425
0.1185
0.0304543
0.0169915
0.0794206
0.1235
0.1195
0.172242
0.130305
0.171914
0.0294853
0.143428
0.107946
0.0204795
0.116825
0.135
0.1055
0.0284573
0.0848727
0.135365
0.1525
0.0673989
0.00548902
0.176412
0.127373
0.0923615
0.124
0.175912
0.130739
0.1355
0.123253
0.157
0.0195
0.0334498
0.065
0.121
0.08
0.147
0.005
0.00997506
0.0065
0.127373
0.097951
0.1
0.073963
0.0923615
0.14
0.125375
0.148
0.118881
0.1195
0.0985
0.106287
0.157921
0.127872
0.072
0.0945
0.125811
0.0109945
0.0105
0.040959
0.105
0.134933
0.0114943
0.0069965
0.146
0.0904548
0.156344
0.144
0.0135
0.1185
0.0959041
0.142
0.071964
0.1625
0.007
0.165335
0.116
0.150849
0.0229885
0.136
0.113
0.086
0.1485
0.0805
0.0685
0.0989505
0.0095
0.0715
0.128743
0.12044
0.1385
0.1355
0.155689
0.0409795
0.025
0.118941
0.00649026
0.0109945
0.1165
0.131
0.011
0.157921
0.0114943
0.1215
0.0035
0.155922
0.1355
0.015984
0.0979021
0.135932
0.114943
0.123
0.142786
0.1385
0.0944528
0.0849575
0.134299
0.138431
0.012
0.0715
0.169
0.156765
0.164
0.16042
0.10045
0.14678
0.117383
0.095
0.107946
0.0254491
0.135932
0.114885
0.117441
0.113387
0.106
0.1385
0.0645
0.0649675
0.1315
0.0095
0.144855
0.0344655
0.1385
0.087956
0.107232
0.00648703
0.005997
0.0835
0.033
0.121756
0.0709645
0.1775
0.0109945
0.12987
0.0089955
0.096
0.0415
0.1095
0.0783824
0.1515
0.0224888
0.1155
0.142929
0.0979021
0.107232
0.106893
0.117441
0.0135
0.119
0.133367
0.0214893
0.094
0.132434
0.0089955
0.137
0.109
0.106893
0.136
0.0149925
0.149425
0.0175
0.1085
0.151
0.151772
0.125937
0.131434
0.13037
0.0603792
0.117823
0.0545
0.0923615
0.0883674
0.175824
0.0983525
0.0805
0.153194
0.005
0.013986
0.170915
0.029985
0.143928
0.151772
0.00797607
0.132236
0.0444778
0.144928
0.0185
0.123438
0.1145
0.0314843
0.016983
0.0234765
0.147353
0.117383
0.153423
0.0645
0.1255
0.022
0.134933
0.1465
0.122439
0.075
0.0415
0.1145
0.158342
0.006
0.00499251
0.155267
0.1085
0.129935
0.144
0.0395
0.132
0.0134731
0.008
0.0508982
0.115826
0.044955
0.144928
0.1735
0.0735
0.113
0.1475
0.114
0.0595
0.0364453
0.0344828
0.0994503
0.141429
0.141359
0.13943
0.020979
0.131
0.0564718
0.0095
0.162919
0.0545
0.1385
0.0105
0.016983
0.1095
0.126937
0.130869
0.0069965
0.0574713
0.141929
0.036
0.172
0.069
0.0975
0.111888
0.127
0.15035
0.00548902
0.101898
0.076
0.0234765
0.159
0.0514743
0.0305
0.167832
0.0715
0.127936
0.164336
0.0673989
0.1255
0.0134933
0.0065
0.164336
0.104448
0.11994
0.126311
0.105841
0.099
0.1385
0.012
0.0085
0.146
0.1415
0.1305
0.11
0.0995
0.16042
0.141429
0.00598802
0.1145
0.0723914
0.141
0.150849
0.1525
0.0335
0.0109945
0.0155
0.012
0.067966
0.0843313
0.0964518
0.154269
0.078
0.1195
0.0664336
0.0325
0.0664668
0.046953
0.107946
0.0209895
0.025987
0.114329
0.019
0.02
0.122939
0.125
0.146
0.137363
0.061
0.00949051
0.109391
0.0364453
0.158342
0.0795
0.0209895
0.162257
0.109445
0.00499251
0.113772
0.0849575
0.130435
0.0075
0.1175
0.0279441
0.0654346
0.139291
0.152348
0.038
0.130435
0.114943
0.0434783
0.118941
0.142715
0.1045
0.033
0.0969515
0.136432
0.061
0.0944056
0.151924
0.0065
0.02997
0.127936
0.00648703
0.107784
0.1065
0.121
0.158762
0.096
0.0135
0.126
0.109336
0.1005
0.049
0.1225
0.017973
0.130435
0.126311
0.0229885
0.114386
0.14521
0.142
0.046
0.0114943
0.147132
0.170829
0.101898
0.1285
0.125312
0.0703593
0.009995
0.1295
0.0888224
0.0134731
0.164918
0.0209895
0.166417
0.136432
0.0105
0.0424788
0.128743
0.0564718
0.124438
0.093953
0.004995
0.0949525
0.093953
0.176324
0.133
0.0835
0.119701
0.134366
0.0504496
0.02
0.089366
0.128936
0.141717
0.111944
0.0585
0.165
0.014
0.046
0.174
0.1645
0.127373
0.1455
0.0838742
0.0955
0.00449326
0.0699301
0.137363
0.155345
0.156344
0.019
0.0149925
0.154845
0.176324
0.114943
0.112
0.0949525
0.021
0.156
0.0949525
0.0134933
0.0114943
0.0915
0.0205
0.139
0.014985
0.138
0.0708937
0.1395
0.1735
0.107393
0.141
0.0554723
0.0134933
0.109945
0.175824
0.00649026
0.163337
0.137431
0.0709645
0.015
0.142
0.114
0.107946
0.012
0.107393
0.163918
0.103448
0.152424
0.1055
0.149925
0.1385
0.1295
0.002997
0.1465
0.1525
0.111389
0.0245
0.108392
0.012
0.0049975
0.018
0.015
0.142
0.007
0.0109945
0.1775
0.135
0.1
0.108446
0.114329
0.0794206
0.038
0.115442
0.131
0.164336
0.1095
0.123938
0.00749625
0.12038
0.165417
0.1545
0.104291
0.0305
0.1045
0.025987
0.0534199
0.0794206
0.1045
0.1575
0.0095
0.114386
0.0055
0.02997
0.013993
0.0249626
0.045
0.0275
0.0508982
0.05997
0.00749625
0.105
0.163918
0.105841
0.1115
0.104
0.141
0.008
0.1575
0.154
0.103896
0.0709291
0.008
0.00599401
0.147426
0.114
0.121257
0.0144928
0.00948104
0.142786
0.012
0.0738523
0.0415
0.0714643
0.164835
0.1415
0.035
0.14043
0.147132
0.183
0.110945
0.0269596
0.009995
0.07996
0.161339
0.141147
0.1095
0.147279
0.137931
0.0249501
0.0644034
0.02997
0.141
0.139
0.1085
0.112
0.108283
0.12014
0.1725
0.151424
0.148352
0.012
0.00999001
0.0668663
0.0105
0.118941
0.0684316
0.0735
0.155689
0.1015
0.0574713
0.064
0.158342
0.137
0.124875
0.0205
0.0304543
0.124938
0.032
0.138
0.169915
0.09995
0.107232
0.138
0.1055
0.017991
0.0419371
0.141359
0.153
0.0165
0.139291
0.0708937
0.0589705
0.1515
0.0049975
0.1335
0.067966
0.0575
0.0294118
0.0735
0.123377
0.139
0.108891
0.00949051
0.14043
0.156344
0.14
0.0069965
0.007996
0.0564718
0.142
0.114
0.006
0.0848727
0.165335
0.0943114
0.0735
0.0215
0.112944
0.117383
0.169915
0.067966
0.167416
0.0154768
0.0524738
0.164336
0.06
0.1245
0.085
0.0945
0.114
0.1015
0.108891
0.132434
0.1225
0.136
0.127
0.009
0.0249875
0.0534466
0.015
0.07
0.086
0.147426
0.137
0.0245
0.135932
0.122877
0.0164835
0.110445
0.151
0.07
0.0714643
0.1085
0.0815
0.133866
0.0574713
0.0643713
0.0874563
0.0109945
0.158342
0.1265
0.162257
0.0879121
0.0775
0.1155
0.106287
0.1145
0.08
0.124
0.124938
0.1235
0.02
0.1565
0.007996
0.1205
0.1385
0.113
0.1355
0.174
0.0783824
0.1575
0.122317
0.105289
0.1115
0.148278
0.121379
0.11944
0.0519481
0.108
0.1245
0.088
0.1065
0.142786
0.156
0.172242
0.0794206
0.0085
0.0515
0.120698
0.0145
0.148
0.0524476
0.138293
0.019
0.005997
0.111888
0.0109945
0.0275
0.1075
0.0883674
0.171414
0.0329341
0.0834583
0.0709291
0.0469765
0.134865
0.019
0.132
0.128
0.06
0.0995
0.123938
0.144284
0.14678
0.109391
0.14678
0.141359
0.1355
0.156344
0.104
0.0889555
0.1495
0.1195
0.0923615
0.0564436
0.061
0.086
0.097951
0.137363
0.007
0.1345
0.00649026
0.132934
0.131
0.138
0.069965
0.0304543
0.145427
0.158
0.086
0.122939
0.132934
0.114943
0.106
0.1285
0.12044
0.0164918
0.121
0.00698952
0.032
0.1235
0.165
0.0955
0.159
0.1185
0.10045
0.134433
0.0194903
0.136
0.0545
0.148851
0.0644678
0.0869131
0.147926
0.131369
0.113
0.0559441
0.131868
0.145355
0.135365
0.059
0.141359
0.1365
0.0794206
0.014
0.095
0.0879121
0.114943
0.11
0.038
0.0924076
0.108891
0.01
0.072
0.0145
0.109391
0.0415
0.0883674
0.1555
0.01
0.0985
0.130869
0.0109945
0.011
0.168831
0.0244633
0.005997
0.128436
0.021
0.134366
0.0069965
0.141
0.074
0.020979
0.1585
0.184316
0.0434783
0.049
0.16042
0.141359
0.0835
0.041979
0.0819181
0.115826
0.0574713
0.0959041
0.0344828
0.0934533
0.0045
0.0294118
0.127936
0.016
0.137725
0.153769
0.0075
0.112944
0.175912
0.128
0.069965
0.0329341
0.011
0.091954
0.0504748
0.147353
0.121
0.079
0.066
0.101297
0.01
0.124938
0.125125
0.1015
0.0485
0.0075
0.1285
0.141717
0.143
0.116442
0.109445
0.0409795
0.163918
0.138293
0.008
0.0325
0.129935
0.0485
0.1075
0.0274863
0.007996
0.11
0.0275
0.0185
0.029985
0.1305
0.0849575
0.109671
0.1205
0.011994
0.0929535
0.115327
0.0144638
0.0209685
0.115
0.0244633
0.011994
0.0115
0.017973
0.1485
0.017991
0.134
0.121
0.019
0.1445
0.111444
0.110945
0.0904548
0.019
0.095
0.1
0.141359
0.128
0.0874563
0.024
0.00549725
0.124
0.0249626
0.151848
0.067966
0.162919
0.185
0.0245
0.0049975
0.117823
0.005
0.132
0.0844578
0.148352
0.1405
0.124938
0.0089955
0.141147
0.0105
0.11
0.103
0.0135
0.0904548
0.06
0.00698952
0.126374
0.1015
0.0444778
0.0085
0.097
0.0524738
0.113
0.0229885
0.091954
0.091954
0.018
0.067966
0.0684658
0.0365
0.122
0.0149925
0.0045
0.114386
0.1535
0.0169745
0.00749625
0.00548902
0.151424
0.1385
0.0783824
0.183225
0.0789605
0.0678643
0.168916
0.1225
0.0065
0.127745
0.128
0.0144928
0.164835
0.1095
0.0995
0.118
0.0943114
0.114828
0.0105
0.0194903
0.129805
0.019
0.0204795
0.0244755
0.064
0.0525
0.145355
0.0049975
0.088
0.134933
0.0835
0.168916
0.0095
0.141
0.096
0.0089955
0.148628
0.150425
0.156188
0.008
0.1575
0.141787
0.07
0.162257
0.0944528
0.0978532
0.0819181
0.142145
0.141359
0.103948
0.109671
0.0284715
0.0244755
0.1045
0.144068
0.134933
0.0888224
0.0544184
0.167333
0.1075
0.142
0.073
0.126311
0.0729635
0.122378
0.145427
0.015984
0.0109945
0.0669665
0.1735
0.0144928
0.095
0.125
0.0874563
0.0164671
0.0534199
0.14093
0.167
0.155922
0.1333
0.007
0.0525
0.025987
0.104291
0.114885
0.175912
0.0164671
0.085
0.134366
0.13993
0.0714643
0.132302
0.169915
0.0995
0.0524738
0.137931
0.1305
0.0998502
0.1525
0.126311
0.00449326
0.00748877
0.0335
0.1125
0.122816
0.08
0.154
0.113
0.112831
0.0649675
0.093953
0.0295
0.121
0.127373
0.135365
0.114943
0.16026
0.113
0.073
0.138293
0.087956
0.120879
0.016
0.0469765
0.1475
0.142857
0.174
0.005997
0.00749625
0.0945
0.14
0.127936
0.0154923
0.0635
0.104
0.141288
0.009995
0.0763854
0.13037
0.0274863
0.0324838
0.138
0.0129935
0.007996
0.0105
0.0169745
0.029985
0.007996
0.0149925
0.013993
0.168916
0.133866
0.15035
0.135365
0.118
0.00999001
0.0838742
0.137931
0.15035
0.0275
0.1415
0.1085
0.127936
0.152924
0.0484758
0.0845
0.112
0.123438
0.010989
0.12014
0.0915
0.123253
0.137931
0.120698
0.148628
0.130869
0.0144928
0.0169745
0.0115
0.175912
0.125375
0.1055
0.0095
0.0325
0.118
0.0124875
0.150849
0.156188
0.16026
0.0049975
0.162
0.00897308
0.0534199
0.0354823
0.138861
0.104843
0.067966
0.0145
0.104895
0.1115
0.0923615
0.116942
0.0484758
0.0643713
0.0897756
0.156765
0.134865
0.0904548
0.00949525
0.107784
0.141929
0.017982
0.142
0.127936
0.1345
0.1455
0.0985
0.0938592
0.076
0.115442
0.0923615
0.152272
0.107838
0.088
0.135932
0.010989
0.141
0.1135
0.148278
0.120698
0.172
0.112275
0.146
0.105289
0.133866
0.137725
0.0838742
0.1455
0.131434
0.0909545
0.141429
0.15992
0.145427
0.0904548
0.112831
0.0534466
0.14093
0.1305
0.148628
0.1305
0.12044
0.147426
0.09995
0.08
0.167249
0.099
0.138431
0.164
0.1
0.124
0.0935
0.141
0.0604396
0.1415
0.0735
0.0085
0.164918
0.1325
0.113
0.116942
0.109336
0.121756
0.0185
0.137862
0.0395
0.123
0.0444778
0.163836
0.155
0.141717
0.0995
0.0574713
0.116442
0.0995
0.0109945
0.1265
0.109391
0.14093
0.165834
0.0879121
0.1
0.0874563
0.0949051
0.025974
0.112
0.00749625
0.138431
0.0819181
0.132
0.0975
0.1525
0.139
0.0279441
0.011988
0.0955
0.11
0.019
0.0294853
0.0125
0.038961
0.104
0.175912
0.126937
0.148851
0.021
0.1625
0.164336
0.1333
0.154423
0.175824
0.166917
0.13943
0.03
0.0335
0.0275
0.137363
0.12987
0.149276
0.153423
0.105
0.163255
0.087956
0.1355
0.142
0.0943114
0.135365
0.117941
0.0055
0.124376
0.0784608
0.144855
0.176412
0.0644034
0.0704296
0.114
0.0924076
0.0805
0.101949
0.0249626
0.0069965
0.013993
0.1555
0.0585
0.0964036
0.132
0.0254491
0.12681
0.00999001
0.124
0.009
0.0364635
0.0145
0.0514743
0.046
0.0909545
0.142715
0.0164918
0.1535
0.107
0.0584708
0.1235
0.124438
0.122939
0.075
0.170915
0.112887
0.026
0.016983
0.127373
0.1845
0.0415
0.1375
0.0858712
0.126937
0.111
0.122754
0.136432
0.138
0.128
0.00849151
0.144428
0.0214678
0.13037
0.124314
0.008
0.124
0.075
0.141359
0.0535
0.128
0.118941
0.073963
0.14036
0.191904
0.0465
0.135
0.024
0.0864568
0.00849575
0.007
0.112944
0.104
0.142
0.0964518
0.102449
0.094
0.114943
0.112831
0.146
0.02
0.0854146
0.122
0.10045
0.126873
0.005
0.102949
0.139
0.008
0.0784608
0.0195
0.101949
0.0995
0.112444
0.113
0.10045
0.138293
0.147426
0.136432
0.139291
0.087956
0.14043
0.005
0.115327
0.144928
0.146
0.128936
0.0883674
0.0915
0.1045
0.013
0.112831
0.1355
0.029985
0.12044
0.0849575
0.11
0.1575
0.1245
0.0603792
0.1185
0.161339
0.127745
0.00749625
0.015992
0.129
0.03
0.0114943
0.0274863
0.133433
0.0055
0.158342
0.029985
0.143357
0.1155
0.0154923
0.1525
0.109
0.1575
0.005997
0.0209895
0.089366
0.150925
0.1085
0.1045
0.164418
0.0699301
0.0874563
0.126937
0.128936
0.128936
0.0164835
0.078
0.137
0.161339
0.112
0.115826
0.120879
0.136795
0.1225
0.014
0.131
0.025987
0.1155
0.0365
0.0924538
0.0484758
0.0845
0.00999001
0.0998502
0.1555
0.129805
0.0883674
0.0525
0.156188
0.163918
0.1515
0.1775
0.089955
0.123938
0.0329341
0.125937
0.1315
0.06
0.1275
0.144855
0.054
0.0274588
0.0114885
0.0535
0.0685
0.110889
0.127936
0.1725
0.1095
0.1165
0.1575
0.1175
0.124314
0.0723914
0.0229885
0.1
0.128372
0.113
0.00549725
0.1765
0.092
0.122378
0.142145
0.13943
0.116
0.101449
0.138293
0.005997
0.169915
0.127373
0.00749625
0.109336
0.107946
0.0838742
0.101898
0.129935
0.116
0.1235
0.025987
0.151
0.162919
0.0805
0.0945
0.0945
0.061
0.1075
0.116942
0.1385
0.124438
0.008
0.018
0.138
0.124438
0.0175
0.131934
0.07
0.147426
0.088
0.158342
0.0709291
0.1755
0.156
0.078
0.147
0.101449
0.071964
0.115442
0.012475
0.0514743
0.010989
0.011994
0.035
0.165
0.183
0.1333
0.0134731
0.131
0.0224888
0.0644034
0.107838
0.1205
0.0284715
0.151924
0.0525
0.0125
0.1335
0.143784
0.021
0.037981
0.007
0.106893
0.0134731
0.111944
0.1405
0.026
0.025974
0.076
0.00949525
0.014985
0.158421
0.018
0.141429
0.0869131
0.101898
0.00949051
0.115327
0.005997
0.0435
0.0879121
0.0104948
0.117823
0.00449326
0.143928
0.0164918
0.012987
0.014
0.164336
0.132
0.0145
0.061
0.109336
0.12987
0.0364635
0.064
0.106
0.074
0.0553892
0.091954
0.0924076
0.124376
0.0249626
0.146
0.0154923
0.147132
0.019
0.111389
0.1565
0.128372
0.107232
0.124875
0.12044
0.0904548
0.16026
0.1525
0.0883674
0.1345
0.0169915
0.11994
0.134
0.108392
0.1315
0.122317
0.093953
0.0324838
0.1775
0.0794206
0.0114943
0.1385
0.108283
0.124938
0.007
0.119701
0.125312
0.145854
0.0164918
0.101
0.183816
0.109
0.139291
0.14093
0.1555
0.0109945
0.0929071
0.00849575
0.005997
0.0979021
0.155689
0.170915
0.116942
0.130305
0.148278
0.0254873
0.105342
0.104396
0.131
0.143
0.00999001
0.010989
0.165834
0.12525
0.116384
0.117823
0.147132
0.09336
0.13943
0.0105
0.115442
0.1345
0.1005
0.164336
0.139291
0.0264868
0.153423
0.0335
0.186314
0.017
0.1345
0.145781
0.0879121
0.127373
0.128436
0.0254873
0.00549725
0.112831
0.0275
0.117
0.115826
0.095
0.089366
0.0934533
0.012
0.1045
0.115442
0.115942
0.069
0.169915
0.0095
0.162257
0.1315
0.1485
0.176412
0.103896
0.116267
0.157921
0.137931
0.145427
0.02
0.0235
0.0514743
0.114
0.093953
0.123377
0.012
0.025
0.0154845
0.109336
0.0905
0.127373
0.129935
0.1145
0.173739
0.116825
0.114828
0.122939
0.0599401
0.015
0.128436
0.157763
0.1655
0.14
0.1305
0.122816
0.0245
0.0105
0.1365
0.109391
0.00749625
0.049
0.138224
0.0344655
0.0838742
0.165
0.176735
0.0164835
0.104
0.16026
0.124
0.094
0.0864568
0.0045
0.019
0.061
0.129
0.027
0.0998502
0.156188
0.1515
0.158342
0.118941
0.151
0.119
0.0195
0.0975
0.175824
0.13993
0.126937
0.0535
0.0109945
0.14029
0.0215
0.0134731
0.0155
0.13616
0.1155
0.138431
0.0709645
0.152348
0.1165
0.141359
0.0524476
0.013986
0.104843
0.0194903
0.114329
0.037962
0.15035
0.094
0.0645
0.0324838
0.086
0.113387
0.128436
0.016983
0.0824588
0.0805
0.0594109
0.0915
0.0554723
0.139291
0.142
0.1665
0.1015
0.133
0.1155
0.104895
0.163418
0.0209895
0.025974
0.141929
0.157921
0.0534466
0.046953
0.139
0.083
0.00749625
0.0895
0.092
0.0814593
0.116
0.107232
0.14043
0.011
0.00649026
0.145781
0.118941
0.102449
0.1405
0.157606
0.0189905
0.116942
0.011
0.12987
0.03
0.00698952
0.126311
0.136
0.085
0.141359
0.107393
0.1385
0.0943114
0.0924076
0.141
0.1385
0.00549725
0.131434
0.067966
0.137725
0.143784
0.0149925
0.152348
0.107393
0.106893
0.16026
0.1405
0.112
0.159
0.153194
0.115442
0.0583541
0.071964
0.131868
0.121756
0.0825
0.129935
0.108
0.0854146
0.142287
0.116942
0.0829585
0.1205
0.0897756
0.012
0.1535
0.168916
0.127373
0.122939
0.137862
0.049
0.0195
0.153423
0.1355
0.0235
0.0915
0.014
0.021978
0.182
0.167416
0.133
0.0234531
0.025987
0.144068
0.102949
0.131868
0.0135
0.0709645
0.153423
0.0244755
0.114
0.111
0.1755
0.012
0.137725
0.135
0.114329
0.0249501
0.016
0.010989
0.177234
0.130305
0.0204693
0.024
0.0225
0.154923
0.1225
0.123253
0.1165
0.121
0.1415
0.0055
0.0085
0.0984508
0.121257
0.0314843
0.1515
0.134933
0.115442
0.0605
0.105289
0.1185
0.1315
0.127936
0.110945
0.149351
0.0924076
0.1295
0.0304543
0.167832
0.141
0.138861
0.0879121
0.125749
0.0169745
0.0504496
0.156765
0.123876
0.114329
0.141359
0.132934
0.146208
0.0105
0.1025
0.0334833
0.1295
0.1385
0.1333
0.087956
0.103
0.0809191
