0.115212
0.133933
0.159
0.1935
0.146927
0.161178
0.170744
0.177411
0.201399
0.16983
0.13037
0.111776
0.151349
0.0644678
0.114885
0.0315
0.163836
0.1065
0.132801
0.0265
0.1465
0.124251
0.197
0.1165
0.170829
0.151349
0.144428
0.147279
0.172827
0.150275
0.0354823
0.120879
0.136863
0.18041
0.141929
0.178821
0.1915
0.162257
0.155345
0.18
0.171914
0.167996
0.146
0.171742
0.1065
0.134433
0.0225
0.1755
0.156422
0.135864
0.047
0.17
0.1755
0.159
0.0155
0.15992
0.136932
0.196402
0.171
0.165834
0.177911
0.163
0.1445
0.11039
0.111944
0.143856
0.0454773
0.161
0.143428
0.168416
0.166917
0.174413
0.193709
0.118
0.10989
0.1145
0.14
0.153846
0.1535
0.117441
0.214
0.169745
0.072
0.161838
0.173413
0.155844
0.168
0.16
0.133933
0.1635
0.143928
0.21989
0.157763
0.104
0.108728
0.1635
0.1935
0.174738
0.188312
0.155
0.179231
0.153194
0.201399
0.0184723
0.192615
0.1925
0.149701
0.176236
0.175649
0.162338
0.178411
0.157
0.10989
0.129435
0.0269865
0.0719281
0.116
0.186407
0.163918
0.177911
0.03
0.106
0.021
0.1615
0.167
0.154
0.16042
0.208292
0.131
0.14043
0.172
0.019
0.144
0.117
0.0878244
0.0254618
0.148703
0.149425
0.095952
0.153923
0.13979
0.1615
0.178
0.01
0.2004
0.133234
0.0908184
0.155844
0.1605
0.156
0.101847
0.1375
0.0324513
0.178
0.023
0.129935
0.123
0.198203
0.165917
0.142358
0.13037
0.177234
0.0145
0.1305
0.162338
0.16026
0.154423
0.1475
0.138362
0.14521
0.012987
0.166
0.149925
0.1635
0.116
0.149701
0.101449
0.141787
0.122439
0.0315
0.1805
0.1065
0.142857
0.1835
0.0974513
0.169331
0.0305
0.1745
0.089
0.136932
0.159261
0.195
0.206
0.165417
0.1395
0.135864
0.157
0.0584708
0.127
0.126374
0.149202
0.162419
0.127
0.135796
0.0264868
0.130935
0.165417
0.15
0.214
0.193403
0.153846
0.00949051
0.187
0.1905
0.0609391
0.0135
0.124813
0.176647
0.00849575
0.105395
0.0129935
0.1325
0.017
0.157343
0.105
0.194403
0.193709
0.163673
0.126937
0.15942
0.177234
0.125437
0.177
0.1135
0.161
0.147926
0.00549176
0.168916
0.11333
0.111776
0.1635
0.146
0.0678643
0.132801
0.1425
0.128
0.12987
0.108446
0.156922
0.122439
0.164753
0.1685
0.1105
0.0565
0.13986
0.129
0.1105
0.159
0.167916
0.135365
0.162419
0.1155
0.1405
0.1735
0.174239
0.174913
0.1635
0.131434
0.0075
0.1945
0.138861
0.181
0.141
0.1905
0.138362
0.156
0.156422
0.0304543
0.1885
0.005
0.104
0.173913
0.0379431
0.147132
0.149351
0.1455
0.1015
0.162756
0.12987
0.178411
0.133
0.138431
0.107446
0.182
0.162756
0.1565
0.14
0.169415
0.014
0.166168
0.0104843
0.1295
0.0154923
0.0095
0.141929
0.1755
0.1455
0.149
0.171
0.162837
0.1165
0.1715
0.084
0.146208
0.169
0.117
0.0104895
0.133799
0.172914
0.0225
0.158
0.1515
0.126311
0.183816
0.137431
0.16018
0.2002
0.0184908
0.130935
0.153
0.186314
0.145427
0.00549176
0.0914543
0.0755
0.214
0.167748
0.182
0.123377
0.0604698
0.0355
0.13037
0.013
0.131434
0.128807
0.159
0.0705
0.107446
0.129
0.081
0.145427
0.132801
0.141
0.1425
0.012475
0.0135
0.1945
0.175237
0.128807
0.1715
0.143928
0.1705
0.158921
0.1705
0.1435
0.166251
0.173
0.0085
0.136228
0.1565
0.035982
0.01
0.134933
0.011
0.1845
0.154
0.183
0.0924076
0.00699301
0.167416
0.0085
0.15976
0.161596
0.185315
0.117441
0.0104843
0.224
0.177911
0.0205
0.00849575
0.0169915
0.0604698
0.155
0.1795
0.165917
0.165252
0.1755
0.175412
0.144783
0.16
0.173
0.165917
0.168916
0.122939
0.152847
0.15
0.009
0.170915
0.129435
0.1535
0.157421
0.1445
0.124376
0.0129935
0.223165
0.181
0.1775
0.0454773
0.1795
0.1485
0.173
0.145
0.174413
0.136863
0.15035
0.11039
0.101449
0.151
0.124875
0.0174913
0.134433
0.00849575
0.167
0.178
0.141359
0.131434
0.182
0.167916
0.007996
0.015992
0.167
0.156422
0.163418
0.0938592
0.173413
0.152924
0.166833
0.129
0.0109945
0.174326
0.012987
0.153
0.122
0.176324
0.191
0.147926
0.16983
0.174239
0.163754
0.181909
0.130935
0.147852
0.013
0.018981
0.191
0.029
0.158421
0.1665
0.172242
0.163918
0.0968064
0.165417
0.161419
0.130935
0.143428
0.0565
0.123
0.164835
0.148352
0.142
0.1765
0.133
0.123
0.0154923
0.155267
0.143856
0.1695
0.1415
0.0915
0.117
0.194403
0.179321
0.210973
0.168747
0.114386
0.171414
0.177
0.195207
0.193
0.12
0.154423
0.117441
0.155345
0.174326
0.14521
0.1205
0.169745
0.170829
0.198702
0.132934
0.149925
0.108837
0.123
0.167916
0.1915
0.153423
0.129306
0.139291
0.0104948
0.118382
0.00899101
0.207896
0.153846
0.143
0.00649675
0.167916
0.1155
0.086
0.172414
0.145427
0.170915
0.091
0.158342
0.108946
0.122439
0.1805
0.161757
0.1245
0.0145
0.163673
0.169
0.0994006
0.117941
0.153
0.154269
0.102398
0.1725
0.145854
0.084
0.0045
0.189
0.152847
0.124376
0.008
0.014985
0.195402
0.133367
0.1285
0.182909
0.177
0.173
0.1225
0.0189905
0.097354
0.0905
0.1675
0.0675
0.1515
0.146927
0.1375
0.183908
0.181319
0.133933
0.133367
0.1515
0.144855
0.1805
0.108946
0.147426
0.145427
0.176559
0.1685
0.1615
0.0675
0.15976
0.110945
0.11944
0.067
0.145427
0.121939
0.174326
0.1755
0.136
0.162
0.121939
0.189311
0.175412
0.145427
0.175649
0.224
0.189
0.1375
0.1705
0.1705
0.141787
0.116326
0.0355
0.157
0.133367
0.144
0.013986
0.0274725
0.1805
0.1635
0.130435
0.174239
0.111832
0.158263
0.14093
0.067
0.004995
0.184815
0.133933
0.14036
0.162675
0.137
0.136932
0.132
0.123253
0.1245
0.188312
0.195402
0.1685
0.206397
0.134433
0.118441
0.158421
0.15976
0.117823
0.178911
0.108946
0.0165
0.120819
0.0609391
0.185907
0.1675
0.0095
0.195207
0.1265
0.00698952
0.162837
0.0905
0.0194903
0.0195
0.14
0.187718
0.0104895
0.047
0.08
0.150425
0.152847
0.1325
0.182909
0.174413
0.011982
0.156
0.1415
0.122439
0.194708
0.159
0.147353
0.126
0.144928
0.175325
0.122939
0.163754
0.0495
0.181
0.168916
0.1455
0.193403
0.173
0.165417
0.14521
0.175412
0.1855
0.014
0.169246
0.169745
0.166
0.163918
0.171
0.1515
0.114443
0.055
0.177822
0.01
0.0169915
0.1415
0.17348
0.073963
0.1485
0.107946
0.1255
0.0649675
0.0225
0.151772
0.1175
0.136
0.126
0.142429
0.03
0.0384808
0.019
0.181409
0.17941
0.133
0.1445
0.172242
0.0305
0.0069965
0.0265
0.142857
0.1135
0.174326
0.1685
0.193613
0.110889
0.11944
0.0715
0.150623
0.0155
0.17941
0.179641
0.164
0.1905
0.122439
0.0968064
0.116883
0.177911
0.1805
0.1155
0.166168
0.168747
0.0384808
0.148
0.1665
0.0905
0.163092
0.147
0.143
0.194708
0.023
0.1085
0.1745
0.00549176
0.1505
0.16042
0.163754
0.1415
0.12044
0.0264868
0.164418
0.173413
0.0749625
0.157
0.187
0.144928
0.0164918
0.187812
0.0244633
0.178554
0.13037
0.0134933
0.155345
0.207293
0.166
0.145427
0.166168
0.142
0.177234
0.117
0.16042
0.010978
0.14036
0.143214
0.1435
0.1865
0.1945
0.16
0.173826
0.151924
0.093
0.169246
0.181409
0.1655
0.139152
0.189
0.162338
0.1075
0.215
0.116883
0.0129805
0.1745
0.175
0.105395
0.143428
0.0095
0.166917
0.155422
0.197901
0.155422
0.015
0.1645
0.148426
0.172914
0.123315
0.0909545
0.191309
0.190405
0.173
0.115442
0.0085
0.168332
0.156422
0.182
0.14093
0.1595
0.1445
0.1795
0.186907
0.153923
0.1225
0.165917
0.122816
0.173413
0.136863
0.198702
0.194903
0.177411
0.136228
0.149925
0.11944
0.011477
0.1225
0.1285
0.16042
0.1745
0.155
0.009
0.0244878
0.124376
0.074
0.14029
0.1675
0.147426
0.139361
0.17991
0.0065
0.1705
0.1515
0.1515
0.1815
0.1325
0.132934
0.132934
0.14093
0.105
0.186314
0.0305
0.0265
0.018981
0.130869
0.166
0.141429
0.130305
0.197901
0.124376
0.154346
0.1095
0.0105
0.0414793
0.157
0.1455
0.15992
0.1465
0.167416
0.144
0.171
0.011982
0.176324
0.138861
0.181
0.187406
0.1195
0.194805
0.115212
0.147852
0.177822
0.167416
0.16018
0.189
0.172827
0.177411
0.11944
0.123438
0.149276
0.130305
0.157
0.0169915
0.173413
0.174239
0.193
0.127246
0.0755
0.1435
0.174913
0.010989
0.148926
0.165
0.102398
0.168
0.144855
0.167832
0.20339
0.022
0.197901
0.146281
0.0678643
0.1805
0.1185
0.150623
0.157763
0.157421
0.184224
0.0109945
0.156266
0.155766
0.173327
0.168916
0.117941
0.130869
0.167832
0.195804
0.176324
0.175824
0.00948577
0.1585
0.022
0.1795
0.161
0.157264
0.138
0.005997
0.1805
0.0144928
0.181637
0.1795
0.03
0.035982
0.0095
0.152348
0.150425
0.167832
0.173
0.156
0.14
0.0574426
0.148426
0.116326
0.00749625
0.187
0.136
0.14
0.1045
0.09
0.138931
0.127745
0.0055
0.1225
0.116
0.18672
0.136932
0.146427
0.1495
0.15
0.1425
0.1325
0.16983
0.1025
0.0908184
0.1835
0.163418
0.180819
0.165
0.193403
0.175649
0.189
0.174239
0.138861
0.166251
0.174326
0.1705
0.137294
0.1335
0.18091
0.018981
0.143214
0.0095
0.174326
0.188
0.1305
0.009
0.129
0.101449
0.13979
0.019
0.166
0.008
0.162756
0.139152
0.025987
0.0075
0.1755
0.114885
0.130935
0.178911
0.014
0.159261
0.157842
0.187
0.151198
0.173
0.1435
0.152348
0.006
0.166417
0.0189905
0.169246
0.130935
0.155345
0.0675
0.175412
0.0384808
0.17
0.025
0.149425
0.136
0.162338
0.1325
0.171414
0.150925
0.162756
0.186907
0.1425
0.185907
0.117441
0.168747
0.126
0.093
0.150275
0.014
0.176236
0.172827
0.143428
0.175412
0.142358
0.0349825
0.144428
0.144
0.0085
0.115385
0.123
0.0205
0.026
0.0254618
0.189905
0.16042
0.172156
0.186314
0.1485
0.0495
0.173826
0.133799
0.1415
0.141429
0.0678643
0.116
0.095952
0.178
0.1445
0.0915
0.103896
0.00699301
0.171657
0.159681
0.2085
0.193403
0.1745
0.189715
0.168332
0.175736
0.179641
0.174239
0.11039
0.109391
0.177411
0.0244633
0.0104843
0.11333
0.1705
0.1535
0.162257
0.214678
0.106947
0.012
0.164418
0.108946
0.0134933
0.1685
0.1045
0.118263
0.1135
0.1375
0.124438
0.190215
0.136
0.214678
0.173913
0.028
0.145709
0.156266
0.133933
0.145427
0.150849
0.0095
0.148777
0.108946
0.028
0.02997
0.1565
0.156344
0.161178
0.0055
0.145427
0.187812
0.0909545
0.168916
0.1335
0.196206
0.0574426
0.0144928
0.143
0.170829
0.144928
0.176412
0.185721
0.0785
0.143856
0.120879
0.028
0.178233
0.15327
0.102398
0.191404
0.146281
0.1765
0.151924
0.138
0.129
0.1225
0.1335
0.161
0.158421
0.2125
0.129935
0.182909
0.116326
0.162338
0.0779221
0.032419
0.166251
0.128807
0.136658
0.12094
0.16042
0.167748
0.124376
0.176236
0.18091
0.1905
0.152847
0.147279
0.176735
0.110945
0.157421
0.165917
0.014985
0.148703
0.161258
0.175412
0.018981
0.138362
0.173
0.157
0.1735
0.13
0.0135
0.164254
0.172242
0.134366
0.033
0.143
0.027
0.1685
0.121939
0.1145
0.148352
0.178821
0.173
0.125874
0.168248
0.147132
0.157421
0.0055
0.155766
0.00949525
0.2002
0.168248
0.143428
0.166168
0.108837
0.1855
0.1085
0.141
0.133799
0.147926
0.0269596
0.1825
0.1945
0.1375
0.179
0.176647
0.108837
0.135932
0.177
0.169246
0.12987
0.0779221
0.123
0.130739
0.081
0.164
0.12987
0.143214
0.170915
0.184815
0.192404
0.152924
0.173913
0.017991
0.161
0.157
0.2225
0.101847
0.158921
0.1595
0.038
0.207293
0.129
0.153194
0.160759
0.005
0.164835
0.142715
0.142857
0.13
0.0254618
0.132801
0.115442
0.175412
0.175
0.152424
0.181818
0.1255
0.173913
0.106
0.164
0.153423
0.174326
0.181637
0.0555
0.118822
0.1335
0.174413
0.173
0.116326
0.14
0.00999001
0.157
0.0269596
0.1795
0.135864
0.187
0.0324513
0.175824
0.0269327
0.134
0.168
0.126937
0.185907
0.127745
0.1395
0.164753
0.193
0.162756
0.166917
0.134
0.1445
0.159341
0.1885
0.150925
0.156
0.146927
0.1305
0.1945
0.161178
0.150425
0.0124813
0.1065
0.0075
0.11944
0.0315
0.15
0.183317
0.144928
0.0755
0.144428
0.13993
0.142358
0.122939
0.145427
0.1155
0.1465
0.1125
0.124813
0.136932
0.0129741
0.1615
0.144928
0.005997
0.1805
0.1715
0.014985
0.139291
0.144
0.0305
0.136795
0.10045
0.0565
0.0229885
0.142929
0.169
0.12475
0.135432
0.175412
0.145854
0.1615
0.175824
0.175736
0.169415
0.1515
0.16042
0.17
0.03
0.126311
0.163092
0.0144855
0.177822
0.133367
0.148926
0.188312
0.1345
0.168248
0.194903
0.147852
0.0075
0.171
0.182409
0.113
0.177234
0.015
0.106
0.0045
0.163836
0.1565
0.1515
0.14521
0.118382
0.154845
0.0045
0.1285
0.112388
0.1805
0.153423
0.109281
0.17991
0.167
0.164835
0.178
0.1925
0.186907
0.150275
0.1455
0.1615
0.173913
0.0644678
0.14093
0.0773453
0.162837
0.0873689
0.164
0.123438
0.214678
0.0105
0.210973
0.1625
0.182
0.157107
0.1835
0.005
0.171914
0.168
0.1685
0.144928
0.156
0.142
0.187812
0.1515
0.142
0.1065
0.1875
0.178
0.188312
0.155844
0.184316
0.118441
0.176
0.183816
0.197901
0.136932
0.114885
0.147426
0.179231
0.0105
0.157421
0.0785
0.0055
0.1495
0.126937
0.01
0.15327
0.194903
0.1555
0.181409
0.0155
0.163
0.101949
0.146853
0.010978
0.161757
0.0135
0.133933
0.177
0.155844
0.195804
0.181909
0.132934
0.128
0.1135
0.111389
0.151848
0.1585
0.117941
0.129
0.1055
0.1665
0.156765
0.108446
0.182909
0.1555
0.1145
0.149925
0.147926
0.15
0.13
0.124875
0.0169915
0.0109945
0.139291
