0.150849
0.014
0.0529206
0.0115
0.129935
0.0929071
0.138931
0.037962
0.058
0.1415
0.04
0.1455
0.181
0.121439
0.1645
0.127936
0.1785
0.0174738
0.077
0.145355
0.14022
0.0114885
0.191
0.013979
0.109391
0.194015
0.145
0.134933
0.121439
0.129935
0.183908
0.1095
0.0795
0.149
0.0199601
0.1265
0.111944
0.109945
0.134933
0.023976
0.144356
0.1115
0.0974513
0.133433
0.16092
0.148
0.0089955
0.184
0.141359
0.148703
0.1245
0.00848303
0.068
0.118441
0.147
0.158841
0.00699301
0.131
0.0105
0.1185
0.170415
0.128871
0.0829585
0.131868
0.1835
0.156843
0.161258
0.0389805
0.0894553
0.0244511
0.166
0.011
0.0434132
0.1445
0.1645
0.136432
0.128372
0.01
0.1195
0.00998502
0.111444
0.0954523
0.0184908
0.0344483
0.0354468
0.127436
0.143
0.169
0.156843
0.0189905
0.1835
0.0754623
0.0295
0.0104843
0.166417
0.107892
0.191904
0.142216
0.004995
0.149775
0.168248
0.130935
0.160839
0.1085
0.179
0.125437
0.158921
0.157421
0.0444778
0.168747
0.132934
0.0205
0.1255
0.042957
0.169246
0.177411
0.0089955
0.172
0.1365
0.158421
0.157264
0.1935
0.171414
0.0305
0.031
0.0325
0.136296
0.178322
0.0789605
0.103948
0.129805
0.009995
0.13943
0.154845
0.135932
0.137
0.1645
0.058
0.149775
0.137363
0.0129935
0.150425
0.173
0.133866
0.1165
0.0134731
0.1175
0.118263
0.161
0.157921
0.127936
0.131
0.110834
0.0205
0.0165
0.01998
0.182817
0.157
0.156843
0.01998
0.141
0.123315
0.0174738
0.129
0.106
0.0833749
0.1595
0.1505
0.167
0.157921
0.175
0.157
0.115942
0.1775
0.128
0.0385
0.106447
0.023988
0.165252
0.145
0.1445
0.165
0.1405
0.019
0.146853
0.138
0.1505
0.0809595
0.1315
0.156922
0.1295
0.101
0.13
0.10095
0.127
0.119
0.0185
0.145
0.0305
0.153
0.1385
0.0189905
0.143
0.0854573
0.045977
0.1595
0.1175
0.115327
0.0524738
0.087
0.153846
0.115442
0.156843
0.118441
0.158
0.136795
0.136727
0.00999001
0.0929071
0.00948577
0.155922
0.0174825
0.171414
0.1375
0.1305
0.01998
0.183408
0.148352
0.131868
0.016
0.1835
0.117383
0.1255
0.149775
0.153423
0.170245
0.177733
0.0929535
0.152771
0.1575
0.115942
0.150925
0.136296
0.129935
0.0895
0.1705
0.1715
0.1565
0.175
0.14043
0.1495
0.159
0.1355
0.004
0.022
0.0985
0.045977
0.143428
0.1565
0.146
0.157343
0.1175
0.157421
0.145927
0.0134731
0.168747
0.0205
0.0114885
0.141787
0.145427
0.1345
0.183317
0.163
0.003998
0.168248
0.106947
0.0494753
0.127
0.128936
0.154
0.1505
0.013
0.105447
0.1465
0.0579421
0.099
0.120879
0.103
0.085
0.142429
0.123315
0.127808
0.066
0.173
0.140789
0.1165
0.0164918
0.191904
0.1525
0.1255
0.137
0.116267
0.108837
0.0114885
0.167416
0.0194903
0.1295
0.132867
0.153923
0.202797
0.1215
0.0434348
0.120758
0.1395
0.147926
0.1365
0.193
0.171828
0.1175
0.0205
0.0145
0.106
0.151
0.164418
0.121878
0.004995
0.163418
0.0114885
0.169915
0.0943585
0.169162
0.16
0.0075
0.018981
0.017
0.0894553
0.161757
0.134366
0.0979021
0.1385
0.0115
0.168332
0.115442
0.1295
0.134865
0.1225
0.148777
0.0659011
0.012
0.14985
0.00949525
0.0115
0.018981
0.0838742
0.0295
0.022
0.188906
0.0155
0.0189905
0.14022
0.003
0.1275
0.027
0.14
0.027
0.159
0.00949525
0.186
0.0189526
0.0085
0.013
0.1305
0.183225
0.0635
0.0983525
0.1385
0.1225
0.1405
0.011
0.169246
0.135932
0.123438
0.103896
0.008
0.1095
0.1475
0.116384
0.172655
0.1835
0.0524738
0.108
0.0119641
0.123377
0.12
0.0889111
0.169246
0.162
0.149
0.138931
0.137931
0.0964036
0.1365
0.00849575
0.00898652
0.149775
0.095952
0.0075
0.141858
0.158421
0.189311
0.159
0.0144928
0.118
0.1655
0.112944
0.142429
0.103448
0.006
0.101
0.168747
0.097951
0.1185
0.0244878
0.105342
0.112
0.172
0.1425
0.0838742
0.129805
0.127
0.1705
0.116384
0.0085
0.12818
0.1095
0.168831
0.135432
0.117441
0.108946
0.151924
0.164418
0.0135
0.0579421
0.143428
0.181727
0.0975
0.1115
0.116883
0.136932
0.186
0.134933
0.0154923
0.01
0.1965
0.1655
0.128436
0.1745
0.132867
0.00898652
0.142929
0.109945
0.106234
0.051974
0.202797
0.1195
0.129
0.118441
0.0774226
0.00798802
0.1175
0.004995
0.15984
0.144356
0.1455
0.033983
0.173
0.153423
0.174
0.108946
0.12818
0.142287
0.0135
0.0295
0.1315
0.121318
0.124438
0.152348
0.0475
0.0305
0.177
0.022
0.141858
0.171414
0.135432
0.008
0.168248
0.0954046
0.166917
0.137793
0.0089955
0.131868
0.107
0.0504748
0.0104948
0.133933
0.0115
0.097354
0.0455
0.132
0.00849151
0.111333
0.11976
0.1965
0.147
0.155
0.102949
0.129741
0.115768
0.148703
0.057
0.177
0.1655
0.152424
0.2115
0.125437
0.01998
0.1195
0.158
0.088
0.1095
0.007996
0.129805
0.131
0.174913
0.12
0.0645
0.069
0.142857
0.00999001
0.121817
0.1295
0.177
0.1235
0.0385
0.0529206
0.144428
0.12681
0.156344
0.129805
0.108337
0.0449775
0.1125
0.15976
0.112
0.129935
0.083958
0.124438
0.113772
0.1745
0.007
0.13037
0.0354468
0.151848
0.1165
0.17
0.008
0.151
0.144356
0.0714643
0.176236
0.127936
0.00948577
0.136296
0.157
0.1275
0.141858
0.144284
0.00399401
0.1235
0.174738
0.014985
0.0115
0.138931
0.148554
0.135
0.156922
0.171914
0.147
0.140789
0.170915
0.150849
0.102949
0.187906
0.101348
0.0894553
0.139361
0.094
0.157264
0.165417
0.136795
0.1725
0.147426
0.2
0.138931
0.101449
0.155
0.1635
0.1225
0.0894553
0.17
0.183724
0.027
0.11994
0.108337
0.16034
0.1355
0.161
0.174738
0.1365
0.0789605
0.0165
0.1795
0.0155
0.006
0.1505
0.171828
0.1255
0.1775
0.0703944
0.133933
0.131868
0.118263
0.106234
0.12094
0.074
0.0929535
0.166917
0.209186
0.0165
0.112944
0.16983
0.107
0.186221
0.0145
0.00698952
0.1215
0.130935
0.169915
0.0164918
0.1055
0.152771
0.0229656
0.13
0.143428
0.019
0.069
0.16092
0.123876
0.093953
0.0114885
0.1335
0.15992
0.1895
0.106947
0.1835
0.158
0.0135
0.1365
0.0204693
0.128
0.0914543
0.10095
0.0789605
0.192404
0.0194514
0.1405
0.0149925
0.148926
0.133933
0.157842
0.186221
0.0154923
0.121439
0.142287
0.153423
0.024
0.135365
0.158342
0.096
0.145
0.171828
0.122
0.14022
0.013979
0.1225
0.151
0.161
0.029
0.097951
0.1275
0.148926
0.132434
0.166417
0.154269
0.0385
0.126873
0.0944056
0.1155
0.161
0.136795
0.118
0.154346
0.0229656
0.0434783
0.142
0.133433
0.133866
0.0995
0.139361
0.137931
0.18981
0.135932
0.1205
0.021978
0.0224888
0.1085
0.1375
0.006
0.0124875
0.0719281
0.1195
0.199301
0.1775
0.0649351
0.157421
0.107
0.108837
0.109445
0.167416
0.13943
0.00999001
0.166417
0.00799201
0.163255
0.171828
0.162338
0.113273
0.102949
0.0923615
0.184408
0.0934533
0.194306
0.118441
0.0529206
0.182318
0.129
0.147
0.1055
0.1635
0.137363
0.143428
0.162919
0.023976
0.0389805
0.193403
0.0814593
0.151349
0.00948577
0.105
0.128871
0.1385
0.022
0.153846
0.1745
0.1575
0.149
0.005997
0.172
0.1425
0.111444
0.0444778
0.180729
0.093953
0.1265
0.17033
0.0364635
0.111389
0.162257
0.023976
0.129805
0.1145
0.09995
0.00699301
0.209186
0.141
0.0889555
0.013
0.170415
0.166917
0.12044
0.1635
0.1225
0.138931
0.164418
0.133433
0.137431
0.1115
0.136658
0.058
0.1895
0.149
0.136432
0.124875
0.111389
0.1835
0.151349
0.181319
0.1335
0.144428
0.172414
0.128
0.0174825
0.1225
0.105947
0.133933
0.13986
0.0149925
0.156266
0.17
0.107892
0.0814593
0.014
0.156922
0.012
0.169246
0.1185
0.148426
0.1505
0.1625
0.1815
0.0793809
0.1635
0.038961
0.0555
0.005997
0.1655
0.174825
0.00699301
0.187
0.118323
0.0779221
0.1525
0.193
0.0119641
0.024
0.16092
0.142715
0.1315
0.161178
0.162
0.143428
0.142287
0.11
0.0129935
0.152
0.1645
0.136932
0.095952
0.0075
0.0394605
0.12094
0.0204693
0.023
0.0305
0.188906
0.005997
0.0714643
0.161258
0.171329
0.1175
0.140859
0.103
0.012
0.12681
0.118
0.149
0.14093
0.11976
0.152424
0.187906
0.155922
0.139
0.15992
0.0634683
0.136795
0.122
0.1455
0.128436
0.1725
0.0779221
0.121
0.14093
0.165834
0.164
0.0229885
0.151349
0.172914
0.143
0.1385
0.147
0.177645
0.142
0.1385
0.0504748
0.008
0.141429
0.1575
0.088
0.155766
0.0974513
0.108946
0.154923
0.135932
0.1325
0.184
0.123814
0.0819181
0.117
0.1125
0.0269865
0.134299
0.12094
0.0089955
0.163418
0.0889111
0.008
0.174326
0.175736
0.1265
0.109945
0.157
0.14093
0.0154923
0.154
0.118441
0.168831
0.121817
0.17982
0.083958
0.0145
0.1385
0.0854573
0.0135
0.127373
0.1405
0.0145
0.1375
0.158342
0.1195
0.17
0.183317
0.097
0.16026
0.0895
0.121
0.00999001
0.15
0.166417
0.156266
0.031
0.0375
0.146927
0.164418
0.0174738
0.151
0.139721
0.118441
0.0923615
0.1335
0.168248
0.111944
0.134366
0.137363
0.162338
0.103948
0.108837
0.106
0.171828
0.134865
0.0129935
0.101847
0.103896
0.144284
0.037962
0.009
0.1105
0.077
0.048
0.1505
0.107892
0.193
0.00849575
0.0055
0.133866
0.130739
0.00949051
0.136932
0.031
0.148278
0.0879121
0.131434
0.133866
0.107892
0.0105
0.1735
0.131802
0.126
0.1185
0.027
0.142216
0.0195
0.00898204
0.171914
0.0774226
0.100798
0.1165
0.15984
0.0165
0.153923
0.03
0.14985
0.005997
0.174
0.168831
0.118
0.112
0.1225
0.0935
0.152924
0.0069965
0.146927
0.112
0.16
0.123
0.129741
0.141359
0.059
0.0304848
0.129935
0.154
0.13
0.102897
0.0714643
0.203297
0.118441
0.0809595
0.0848727
0.111
0.155
0.1385
0.038961
0.018981
0.033983
0.16
0.141929
0.16034
0.0934533
0.181727
0.01
0.1895
0.151273
0.156
0.1175
0.129805
0.0129935
0.126683
0.149425
0.128372
0.0624688
0.03
0.1515
0.0355
0.157264
0.106447
0.0485
0.171414
0.102897
0.0184723
0.1575
0.0444555
0.14043
0.107946
0.0675
0.137
0.163754
0.149
0.156344
0.146
0.1275
0.169415
0.114943
0.102897
0.149
0.148352
0.161
0.0879121
0.101449
0.111389
0.1515
0.149425
0.0145
0.1125
0.17991
0.0715
0.0044955
0.1545
0.144
0.0205
0.143428
0.148703
0.153846
0.151
0.110445
0.16517
0.148851
0.00749251
0.186813
0.033983
0.163255
0.140789
0.123938
0.0464304
0.005997
0.017
0.157842
0.104343
0.1005
0.0184908
0.09995
0.1065
0.013993
0.113
0.189905
0.0105
0.167
0.0394803
0.146281
0.103448
0.1345
0.1525
0.117383
0.153423
0.0485
0.0189905
0.118
0.161
0.0394803
0.11976
0.133433
0.111333
0.1085
0.112275
0.004
0.181909
0.161258
0.132934
0.022
0.149
0.115942
0.145781
0.144
0.123938
0.137363
0.129741
0.1415
0.183724
0.088
0.067
0.178322
0.0884558
0.097354
0.0149775
0.128436
0.1815
0.133866
0.15976
0.1315
0.145927
0.0464304
0.125437
0.152924
0.117441
0.154845
0.163255
0.163418
0.157
0.12681
0.00699301
0.129
0.0964036
0.16092
0.108446
0.1365
0.156
0.00249875
0.130804
0.175912
0.141929
0.1925
0.132934
0.101449
0.184408
0.145427
0.17982
0.167916
0.172
0.0935
0.146927
0.00999001
0.147926
0.156922
0.0624376
0.156922
0.145781
0.145781
0.133866
0.0718922
0.157763
0.102
0.144428
0.121
0.176969
0.143357
0.138
0.131434
0.0375
0.144783
0.147
0.0089955
0.133933
0.0845
0.1025
0.148
0.148926
0.125
0.165252
0.150425
0.167
0.129935
0.0215
0.128372
0.144783
0.0979021
0.169331
0.136932
0.14985
0.1195
0.212681
0.0135
0.128372
0.128372
0.140859
0.121379
0.125
0.156687
0.14
0.1545
0.1925
0.1575
0.115442
0.0718922
0.136
0.0349825
0.131238
0.180729
0.0155
0.121878
0.103
0.00998502
0.136432
0.093953
0.145
0.0104948
0.007996
0.110778
0.112275
0.1215
0.149351
0.157842
0.0879121
0.00349476
0.184
0.097951
0.1775
0.0914543
0.0504748
0.128936
0.168831
0.1195
0.1295
0.0305
0.151848
0.04
0.1999
0.067
0.114943
0.15992
0.157264
0.128372
0.1505
0.106287
0.15984
0.171
0.013
0.155345
0.00699301
0.0355
0.165252
0.0914086
0.0045
0.141929
0.129435
0.0109945
0.157421
0.0743513
0.1505
0.1735
0.106
0.153347
0.189905
0.1365
0.156922
0.184
0.1225
0.00649675
0.1435
0.0129935
0.127936
0.0444555
0.144356
0.0164753
0.17
0.0494753
0.110445
0.135932
0.00749251
0.167
0.027
0.0184723
0.150275
0.1615
0.1255
0.0109726
0.101348
0.117
0.00999001
0.192404
0.1895
0.084
0.15212
0.115826
0.012
0.107
0.0224888
0.171914
0.157421
0.1515
0.004995
0.1325
0.156422
0.158921
0.1525
0.146927
0.167916
0.00749251
0.155766
0.00698952
0.1645
0.184
0.0495
0.145854
0.014
0.128936
0.0923615
0.077
0.14985
0.1535
0.12044
0.152924
0.128936
0.132867
0.0265
0.00349476
0.017
0.151349
0.157421
0.095952
0.142287
0.175
0.091363
0.162257
0.1265
0.1525
0.155422
0.102897
0.154923
0.1755
0.095952
0.094
0.059
0.156843
0.105342
0.097951
0.1135
0.124875
0.167416
0.16042
0.157
0.135365
0.1115
0.124
0.016
0.113
0.0364635
0.003998
0.161
0.144428
0.146927
0.03998
0.146
0.148
0.179231
0.1395
0.181
0.1375
0.0868697
0.141218
0.013
0.0944056
0.144428
0.156266
0.175736
0.0135
0.106234
0.1999
0.0958562
0.14
0.152424
0.1305
0.1645
0.1255
0.170245
0.131868
0.137363
0.134933
0.131934
0.1625
0.004995
0.148703
0.182
0.0934533
0.1505
0.1615
0.192404
0.158
0.0089955
0.125
0.1095
0.17
0.0635
0.171
0.138
0.115942
0.0144928
0.0144928
0.152
0.169162
0.118441
0.111944
0.1315
0.168
0.101
0.096
0.142358
0.12525
0.033983
0.141429
0.12
0.151349
0.129805
0.156765
0.122
0.1375
0.155922
0.143357
0.0149925
0.0824176
0.169915
0.1265
0.135432
