0.117
0.1725
0.204898
0.194306
0.201697
0.169
0.017991
0.1685
0.226887
0.189715
0.2315
0.0294705
0.220559
0.169
0.23027
0.1965
0.145427
0.19
0.164
0.229885
0.2195
0.153423
0.0035
0.188406
0.0793809
0.197401
0.1615
0.2009
0.202696
0.1925
0.205295
0.0065
0.173826
0.17
0.157
0.2205
0.148426
0.195902
0.19031
0.165
0.00748877
0.056
0.185407
0.186314
0.162
0.233383
0.226387
0.190215
0.228272
0.159341
0.008
0.164
0.167
0.183225
0.0075
0.1485
0.209895
0.215892
0.228
0.194805
0.1345
0.203398
0.0703944
0.173327
0.198801
0.1685
0.204296
0.197303
0.142
0.193
0.157
0.134865
0.166917
0.194805
0.202797
0.138362
0.0659341
0.00549725
0.203898
0.021967
0.159341
0.207792
0.164
0.187906
0.0659341
0.155345
0.0194903
0.190905
0.1205
0.23988
0.234
0.1755
0.236882
0.0035
0.205
0.2445
0.197802
0.135
0.136228
0.003998
0.207792
0.112388
0.203796
0.17941
0.226161
0.1995
0.130435
0.2045
0.208896
0.169915
0.2205
0.222167
0.156
0.1905
0.1985
0.182
0.188
0.155922
0.0065
0.173913
0.013993
0.142715
0.226274
0.232
0.196402
0.168747
0.146
0.189122
0.1075
0.165335
0.178322
0.215
0.150699
0.1625
0.126311
0.209395
0.242757
0.191309
0.1935
0.2065
0.0075
0.228
0.226387
0.0234883
0.168916
0.0085
0.151198
0.210684
0.00499251
0.156922
0.237881
0.1725
0.162419
0.170829
0.00249875
0.0215
0.136228
0.1945
0.2045
0.178
0.2165
0.013993
0.238381
0.2075
0.0075
0.0304695
0.235764
0.225
0.208292
0.1635
0.190809
0.227386
0.0055
0.2255
0.174239
0.159
0.216
0.130739
0.0104895
0.0234883
0.2165
0.191
0.168
0.1998
0.00999001
0.237381
0.16
0.2235
0.187
0.213
0.235764
0.163918
0.194209
0.204398
0.232
0.1805
0.248376
0.1865
0.175412
0.249875
0.16
0.216
0.233267
0.1895
0.198901
0.21
0.009
0.1975
0.0194805
0.23027
0.065
0.202298
0.229
0.16
0.1695
0.184
0.22039
0.204398
0.225774
0.221889
0.181818
0.236
0.218391
0.197
0.208791
0.177733
0.218891
0.149
0.00849575
0.225
0.232884
0.201
0.146
0.233383
0.161339
0.193403
0.209395
0.007996
0.153117
0.191904
0.185629
0.25025
0.179321
0.162419
0.207585
0.164
0.193613
0.210895
0.142643
0.176
0.235382
0.202797
0.2004
0.2205
0.183724
0.1745
0.142643
0.252747
0.217891
0.135
0.21984
0.18091
0.165
0.162675
0.2275
0.2135
0.175912
0.184408
0.2525
0.16026
0.1795
0.156344
0.216
0.198401
0.212
0.189405
0.147206
0.207
0.208896
0.24002
0.00949525
0.1775
0.174239
0.1975
0.1935
0.024975
0.1725
0.122378
0.137862
0.176912
0.0365
0.0089955
0.176412
0.168
0.2175
0.00749251
0.2105
0.231
0.0135
0.174152
0.18
0.188218
0.201399
0.182409
0.178
0.246254
0.173826
0.224
0.180819
0.2445
0.176912
0.170744
0.242879
0.229885
0.18091
0.1815
0.134865
0.0115
0.197901
0.187406
0.1345
0.223388
0.122378
0.228272
0.211788
0.18014
0.180729
0.178732
0.208896
0.198504
0.149
0.139291
0.211183
0.221058
0.1695
0.2125
0.0244878
0.149425
0.009
0.077961
0.154845
0.174152
0.147
0.011
0.1335
0.18091
0.191309
0.178911
0.18
0.2055
0.2095
0.181319
0.161838
0.242
0.191712
0.189
0.197401
0.1725
0.2015
0.173913
0.214785
0.1997
0.216
0.234414
0.007
0.212182
0.221389
0.206793
0.167
0.225887
0.142
0.0904548
0.168916
0.242879
0.2105
0.017991
0.0659341
0.0134798
0.201798
0.204
0.240759
0.171243
0.180819
0.223665
0.1475
0.226
0.192308
0.2355
0.0865
0.247
0.194
0.152924
0.218
0.196
0.2105
0.155766
0.1955
0.217891
0.17
0.156
0.166917
0.166917
0.0155
0.211788
0.2
0.222
0.243756
0.202
0.142429
0.0205
0.22039
0.236763
0.2345
0.203094
0.2125
0.165
0.0144855
0.1755
0.1935
0.155922
0.1555
0.208188
0.181409
0.134299
0.182817
0.00848727
0.226387
0.0045
0.182318
0.227
0.1755
0.176647
0.216958
0.171329
0.2485
0.173413
0.201798
0.192
0.203195
0.008
0.186407
0.123
0.187406
0.136
0.184316
0.00949525
0.162338
0.242879
0.114
0.209895
0.1235
0.24
0.1995
0.255872
0.1505
0.196402
0.126
0.1775
0.259
0.2055
0.196705
0.231
0.174413
0.162
0.184408
0.161
0.189
0.213287
0.253992
0.188
0.183816
0.178821
0.187406
0.254
0.142429
0.191808
0.193307
0.209
0.115942
0.209186
0.147
0.2205
0.162919
0.1995
0.208188
0.0215
0.16092
0.0129935
0.2305
0.148352
0.236028
0.184908
0.17991
0.0294705
0.175
0.122439
0.15984
0.0244878
0.2255
0.156922
0.174
0.1695
0.159
0.193
0.235147
0.195706
0.159182
0.008
0.209
0.1975
0.161419
0.24
0.202
0.227
0.205486
0.0115
0.176
0.165335
0.226387
0.158921
0.106947
0.223665
0.145427
0.151424
0.147
0.1975
0.18041
0.21
0.207
0.196
0.1775
0.225887
0.18023
0.1875
0.182
0.168
0.202197
0.011
0.1505
0.1995
0.177911
0.143928
0.153423
0.226773
0.21939
0.0105
0.1875
0.00899101
0.16042
0.155
0.16
0.237381
0.1905
0.2105
0.1635
0.15976
0.20979
0.169415
0.210684
0.194403
0.148
0.1985
0.2345
0.2125
0.190405
0.217673
0.1235
0.161919
0.2
0.2235
0.0085
0.16
0.161919
0.223665
0.153423
0.00449775
0.161919
0.136432
0.195804
0.1925
0.189
0.167
0.225
0.1965
0.213287
0.253992
0.2605
0.2585
0.2075
0.187406
0.209895
0.194805
0.209
0.181
0.1905
0.193
0.00799201
0.2125
0.1695
0.1675
0.2125
0.2335
0.125
0.18
0.2105
0.197401
0.2004
0.206897
0.157107
0.207792
0.0089955
0.188406
0.1885
0.130739
0.0115
0.169
0.18041
0.149
0.176
0.176412
0.234
0.173913
0.21
0.1965
0.207792
0.214
0.193903
0.0424788
0.127373
0.1645
0.1695
0.194611
0.196
0.245754
0.147852
0.227
0.123938
0.259
0.211788
0.17
0.00947631
0.1885
0.249875
0.197901
0.0095
0.245255
0.0095
0.13
0.00899101
0.190905
0.2185
0.252747
0.180819
0.00947631
0.168916
0.23938
0.201198
0.2004
0.198603
0.1795
0.224551
0.18
0.164418
0.25
0.187
0.217
0.158921
0.1999
0.0104948
0.1895
0.0045
0.183
0.131
0.201798
0.166917
0.193403
0.190619
0.185407
0.194
0.014
0.150699
0.1965
0.157264
0.239
0.1855
0.199
0.204398
0.196705
0.135
0.173739
0.199
0.206
0.1845
0.1915
0.217891
0.18091
0.215285
0.168164
0.0684658
0.2175
0.144356
0.2205
0.161919
0.1925
0.011
0.00749625
0.176735
0.243
0.00349476
0.121
0.193806
0.151
0.117941
0.162419
0.215892
0.218781
0.2005
0.208292
0.0134798
0.2205
0.212288
0.2285
0.252
0.226
0.151198
0.217891
0.024975
0.15984
0.181409
0.223388
0.17991
0.204693
0.204398
0.1995
0.189715
0.247629
0.194403
0.23027
0.138431
0.142429
0.196402
0.193903
0.183724
0.231384
0.178322
0.1835
0.178821
0.2045
0.185407
0.24
0.1998
0.2405
0.229885
0.212
0.243756
0.003
0.115942
0.2325
0.161919
0.0109945
0.2009
0.16
0.204795
0.211394
0.00549451
0.251623
0.188312
0.187219
0.185907
0.017991
0.204693
0.182909
0.13993
0.190905
0.01
0.223553
0.163918
0.203898
0.146707
0.00799201
0.168248
0.168
0.209685
0.18041
0.181909
0.178322
0.1625
0.192
0.19012
0.1635
0.0044955
0.0055
0.191
0.1765
0.2355
0.1695
0.156
0.173739
0.188406
0.2115
0.1725
0.198
0.2235
0.193709
0.187
0.23004
0.148352
0.147206
0.243756
0.188717
0.162675
0.225387
0.1615
0.152348
0.191617
0.18041
0.207896
0.00549725
0.008
0.226887
0.203898
0.202197
0.146354
0.204398
0.222
0.1235
0.2195
0.161178
0.186813
0.245255
0.197802
0.137431
0.0135
0.227159
0.109
0.1895
0.163337
0.146927
0.1815
0.236
0.2255
0.176823
0.223
0.238
0.224
0.156422
0.163918
0.00947631
0.236264
0.1615
0.201899
0.208396
0.246
0.229885
0.205
0.165335
0.1735
0.150425
0.177234
0.228272
0.029
0.248627
0.238262
0.2215
0.1755
0.0104895
0.201198
0.25362
0.191309
0.2095
0.227159
0.192
0.1795
0.144928
0.173
0.176412
0.2025
0.16
0.2105
0.2655
0.188
0.12044
0.229656
0.175412
0.003998
0.215392
0.216284
0.197802
0.182318
0.12044
0.175325
0.008
0.206397
0.209895
0.178911
0.234414
0.184408
0.155
0.212394
0.069
0.1795
0.192711
0.115942
0.1335
0.192404
0.214
0.015
0.162756
0.2095
0.198
0.111944
0.193
0.2495
0.18
0.2165
0.227
0.2135
0.173913
0.201
0.0904548
0.2105
0.017991
0.210895
0.168916
0.1725
0.207
0.165335
0.2105
0.0514486
0.15035
0.239141
0.2005
0.229885
0.1895
0.183724
0.206397
0.217782
0.2135
0.172827
0.177411
0.229
0.159341
0.056
0.130739
0.00798403
0.018981
0.145
0.201697
0.253493
0.229385
0.216176
0.163337
0.183225
0.152424
0.186314
0.007
0.209186
0.202899
0.0703944
0.183
0.1755
0.168
0.227
0.2315
0.2025
0.174239
0.00549725
0.212076
0.2365
0.105894
0.2025
0.155922
0.197802
0.00649675
0.227273
0.188406
0.2025
0.1335
0.163337
0.194306
0.2125
0.00649675
0.208
0.19
0.1875
0.201697
0.222889
0.16
0.238262
0.178911
0.193709
0.161258
0.221389
0.222777
0.187906
0.16675
0.194
0.226274
0.206
0.121817
