0.24
0.195
0.247
0.1745
0.208396
0.18
0.2245
0.238
0.270865
0.0044955
0.0155
0.209291
0.207
0.22
0.215784
0.200699
0.186907
0.004995
0.236264
0.221279
0.203898
0.2195
0.245377
0.2255
0.241
0.1915
0.205295
0.2025
0.011
0.276
0.2265
0.237
0.235
0.1975
0.217391
0.2575
0.23027
0.1994
0.232884
0.193403
0.213074
0.2205
0.2255
0.248
0.208396
0.240898
0.21
0.253373
0.203398
0.00948577
0.1895
0.241879
0.248376
0.210684
0.211394
0.213893
0.228657
0.197401
0.251249
0.2505
0.264368
0.2335
0.261369
0.2525
0.212575
0.235529
0.230385
0.1935
0.0089955
0.169
0.236882
0.200599
0.011994
0.221557
0.197401
0.206897
0.2235
0.00549451
0.189405
0.205897
0.020979
0.260739
0.200599
0.223776
0.24002
0.227886
0.1505
0.1997
0.269
0.2385
0.2335
0.214286
0.2395
0.21939
0.181
0.202696
0.212894
0.205
0.2115
0.256615
0.221
0.207792
0.220779
0.193903
0.21989
0.197401
0.0135
0.2445
0.0095
0.240519
0.229271
0.212575
0.1785
0.217066
0.198401
0.225
0.208188
0.00798802
0.179231
0.2235
0.0134865
0.255
0.261
0.041
0.222
0.2105
0.23988
0.228
0.225
0.229271
0.2365
0.227886
0.2275
0.2705
0.222
0.194403
0.232419
0.222
0.1865
0.207396
0.0065
0.225387
0.196304
0.2375
0.250375
0.244012
0.1965
0.225387
0.209082
0.232767
0.222278
0.22977
0.020979
0.212894
0.164254
0.155
0.01
0.2105
0.257742
0.246131
0.198203
0.2225
0.264104
0.213893
0.224
0.204898
0.198603
0.191808
0.207
0.2105
0.203094
0.2055
0.208396
0.213393
0.199
0.216392
0.172414
0.225887
0.261369
0.254
0.1845
0.25312
0.1965
0.188406
0.176912
0.217955
0.2005
0.25937
0.202899
0.221446
0.217
0.228
0.248751
0.237881
0.215392
0.198
0.208396
0.197901
0.198901
0.019
0.232767
0.201
0.207896
0.183317
0.2105
0.258242
0.191
0.194403
0.2105
0.231153
0.230769
0.230769
0.0049975
0.228
0.228771
0.192404
0.175325
0.1955
0.212394
0.1875
0.2315
0.193403
0.214286
0.234765
0.232384
0.1925
0.2004
0.1995
0.17973
0.245255
0.225
0.229885
0.212894
0.159
0.164
0.206294
0.2335
0.2055
0.244755
0.2395
0.235882
0.204398
0.178322
0.168747
0.218
0.2045
0.184408
0.1875
0.217891
0.221279
0.1999
0.208
0.2625
0.231384
0.2009
0.217391
0.203195
0.192404
0.185
0.228657
0.155922
0.2395
0.230385
0.174065
0.230769
0.231
0.00649026
0.21
0.197401
0.202399
0.209685
0.226
0.208896
0.189905
0.192308
0.0034965
0.208396
0.214893
0.2475
0.202595
0.265968
0.256872
0.207896
0.2555
0.242137
0.225887
0.22089
0.2055
0.1985
0.205794
0.238
0.204398
0.237
0.2135
0.21939
0.243
0.210684
0.231384
0.216892
0.249251
0.252874
0.191712
0.258242
0.260978
0.198603
0.221279
0.214286
0.208396
0.226274
0.0245
0.2405
0.252
0.253
0.222389
0.23938
0.208687
0.214179
0.213393
0.203398
0.204398
0.226274
0.213287
0.194403
0.194403
0.205295
0.202399
0.208687
0.00798403
0.181319
0.231768
0.242137
0.274588
0.2305
0.202595
0.217782
0.234648
0.206397
0.250875
0.225
0.237
0.230385
0.2045
0.208188
0.221446
0.204398
0.2455
0.007996
0.216
0.2205
0.263868
0.1935
0.2255
0.246377
0.231384
0.184224
0.181
0.184908
0.217
0.232
0.213893
0.2115
0.235
0.191712
0.207896
0.2345
0.257742
0.0124938
0.258741
0.235529
0.224
0.183
0.00997506
0.011976
0.237881
0.202298
0.244755
0.227159
0.209685
0.224
0.0035
0.224
0.221446
0.0075
0.231153
0.225
0.184
0.238
0.1855
0.0145
0.216392
0.223388
0.24663
0.223277
0.217
0.17991
0.249126
0.26024
0.15992
0.216392
0.221
0.152847
0.212575
0.176
0.244256
0.131434
0.248252
0.2275
0.23
0.226
0.211894
0.1925
0.005997
0.226161
0.236763
0.214072
0.237381
0.00749625
0.229
0.180819
0.2315
0.2215
0.221279
0.232
0.0049975
0.185222
0.252248
0.265
0.233766
0.206294
0.234383
0.206897
0.2275
0.243756
0.206897
0.238381
0.1945
0.148278
0.249875
0.225275
0.225
0.208687
0.21029
0.269596
0.22977
0.247
0.227886
0.221
0.244378
0.254618
0.085957
0.195305
0.207378
0.211
0.2315
0.208396
0.159
0.212394
0.192404
0.204
0.220669
0.27
0.203898
0.238
0.2045
0.236382
0.2009
0.261
0.22089
0.24663
0.1975
0.20979
0.183816
0.227
0.2115
0.226887
0.198801
0.225549
0.1999
0.003996
0.223277
0.2055
0.222056
0.2795
0.221446
0.225887
0.196803
0.2565
0.227659
0.268731
0.021989
0.1815
0.27936
0.237026
0.221446
0.258242
0.194403
0.256372
0.217782
0.21939
0.231768
0.234648
0.2545
0.176412
0.202
0.207688
0.188811
0.223
0.232884
0.250375
0.1925
0.215784
0.2645
0.1925
0.227886
0.2335
0.2225
0.243
0.1955
0.223776
0.230385
0.239261
0.2365
0.2695
0.212
0.26973
0.2565
0.194903
0.212894
0.219
