0.171329
0.198603
0.172914
0.165917
0.189
0.158841
0.1485
0.176735
0.105447
0.163836
0.165917
0.167832
0.127
0.009995
0.1685
0.19
0.148426
0.17
0.167416
0.126437
0.076
0.154691
0.168248
0.152
0.161339
0.192
0.145781
0.179
0.208687
0.175824
0.127872
0.162419
0.169661
0.192904
0.1525
0.1745
0.117324
0.15992
0.187438
0.1855
0.131737
0.007996
0.0284573
0.155
0.148426
0.136432
0.1195
0.224
0.0224775
0.0104948
0.1785
0.0454545
0.0185
0.1695
0.1855
0.1445
0.1475
0.174913
0.0069965
0.193709
0.177822
0.1485
0.1475
0.192904
0.139
0.1505
0.1135
0.135432
0.155844
0.026
0.1525
0.1225
0.12
0.241259
0.1395
0.158921
0.1765
0.1995
0.0134798
0.0564718
0.1615
0.142
0.1795
0.175649
0.115
0.1335
0.147926
0.175912
0.14985
0.152348
0.1315
0.164
0.17
0.172914
0.1515
0.143784
0.2225
0.165335
0.0985
0.1615
0.028
0.205384
0.199201
0.171
0.159261
0.163836
0.182
0.123
0.201899
0.16675
0.1715
0.127936
0.144356
0.157606
0.1445
0.1265
0.0424788
0.00749625
0.174
0.1585
0.115
0.149775
0.204387
0.177
0.1245
0.155844
0.159261
0.137431
0.167416
0.155766
0.135864
0.00549176
0.149
0.1355
0.119321
0.164
0.178911
0.1625
0.1225
0.177822
0.1365
0.0069965
0.164418
0.0929535
0.178911
0.206793
0.0145
0.161757
0.0125
0.00949525
0.1415
0.167416
0.147
0.144356
0.175412
0.158921
0.145781
0.133
0.111888
0.1865
0.182409
0.182
0.161
0.14678
0.162919
0.1265
0.0069965
0.142358
0.0164918
0.173
0.163
0.14
0.0344655
0.182726
0.0324838
0.135932
0.162
0.199601
0.111389
0.1525
0.169415
0.1435
0.0085
0.155766
0.0075
0.193
0.195
0.16
0.0125
0.137431
0.133234
0.151424
0.1205
0.172914
0.1615
0.0204898
0.187313
0.14093
0.1785
0.1715
0.162419
0.1525
0.175
0.150925
0.174152
0.114943
0.1502
0.135297
0.1065
0.03
0.134
0.093
0.1555
0.105894
0.0089955
0.136
0.1855
0.122
0.097354
0.1555
0.0244511
0.187906
0.211
0.1435
0.182726
0.009
0.150849
0.149425
0.107446
0.224388
0.1445
0.173154
0.145927
0.194
0.157
0.185629
0.172914
0.1505
0.1575
0.195804
0.185
0.0095
0.188906
0.152348
0.00549451
0.178
0.1325
0.181319
0.204795
0.156
0.144356
0.0149925
0.165335
0.1525
0.1805
0.144638
0.137725
0.12
0.168916
0.206793
0.1225
0.1355
0.196
0.149
0.151122
0.0984016
0.153
0.173739
0.139
0.0104948
0.163673
0.158342
0.118
0.149
0.0164918
0.191
0.181818
0.109281
0.0164918
0.148
0.150925
0.132434
0.0125
0.0175
0.1605
0.0389805
0.102346
0.106
0.158841
0.138792
0.162919
0.171414
0.177822
0.014
0.172414
0.202
0.21008
0.127436
0.1725
0.03
0.191404
0.183
0.1485
0.148426
0.112444
0.203898
0.195402
0.135432
0.00999001
0.184
0.145781
0.177
0.189311
0.165417
0.1855
0.0305
0.142429
0.157421
0.166
0.1535
0.00799201
0.1345
0.175412
0.1725
0.152424
0.2055
0.232
0.148278
0.146281
0.169246
0.195402
0.00999001
0.164
0.131802
0.168
0.174152
0.188811
0.153846
0.151122
0.020979
0.1645
0.173826
0.00849575
0.0865
0.204693
0.162919
0.115442
0.121439
0.0949525
0.0575
0.195
0.134798
0.1345
0.15992
0.030969
0.096
0.1585
0.16
0.0105
0.169246
0.1395
0.150925
0.096
0.189405
0.16092
0.177911
0.0788817
0.154423
0.1625
0.117823
0.1935
0.1775
0.2215
0.145927
0.009995
0.183408
0.0269865
0.147
0.0564718
0.202696
0.165335
0.173327
0.173413
0.186221
0.17941
0.006
0.123
0.188811
0.0344655
0.14
0.157
0.154
0.168
0.0244755
0.1855
0.189905
0.200799
0.1502
0.192308
0.163418
0.137931
0.131
0.190905
0.089
0.180819
0.112
0.026
0.201899
0.153
0.202899
0.142358
0.006
0.1895
0.1325
0.122
0.181
0.201899
0.0109835
0.148352
0.16092
0.195
0.112774
0.171
0.020979
0.129741
0.157
0.1235
0.137931
0.188811
0.172328
0.181456
0.1355
0.0095
0.0105
0.0284573
0.0275
0.103948
0.158921
0.138931
0.1435
0.199201
0.1335
0.0455
0.1505
0.22017
0.158
0.134933
0.209395
0.183633
0.1355
0.164
0.168248
0.125437
0.0105
0.16092
0.00749625
0.014
0.0425
0.126
0.174913
0.158762
0.126747
0.185
0.1785
0.146707
0.1405
0.185629
0.155922
0.14
0.0344655
0.172328
0.129
0.18091
0.00749251
0.2025
0.148352
0.196206
0.196
0.149
0.111944
0.0089955
0.156
0.149
0.166
0.193
0.2001
0.22089
0.172827
0.149
0.139
0.110279
0.151924
0.182
0.161
0.0674326
0.148204
0.16034
0.172
0.110445
0.185
0.129
0.175412
0.121939
0.1775
0.168416
0.194903
0.067
0.1555
0.0214893
0.182409
0.15942
0.187219
0.185
0.164172
0.0185
0.1725
0.00549176
0.134366
0.163754
0.167416
0.158
0.134433
0.149925
0.1775
0.015992
0.203898
0.133
0.150425
0.1355
0.134
0.1735
0.129741
0.187313
0.1885
0.14043
0.148352
0.0205
0.206793
0.099
0.019
0.1825
0.164336
0.139
0.189905
0.1475
0.1585
0.1585
0.15992
0.198
0.175062
0.171
0.1615
0.1525
0.115884
0.18091
0.171414
0.1355
0.11944
0.178322
0.195305
0.162419
0.165751
0.143784
0.1545
0.131369
0.157
0.148278
0.208896
0.0955
0.15976
0.1725
0.129371
0.167
0.12032
0.199601
0.0849575
0.139
0.162419
0.0095
0.191
0.04995
0.206191
0.143856
0.206484
0.186407
0.13943
0.121817
0.158
0.137431
0.185629
0.1505
0.00998004
0.195402
0.2155
0.144356
0.236
0.0164918
0.1535
0.1325
0.0089955
0.125
0.194903
0.0089955
0.0874563
0.191904
0.0219561
0.181456
0.114329
0.176412
0.00749625
0.1815
0.0309845
0.16675
0.009995
0.0849575
0.166833
0.133433
0.1605
0.17
0.118822
0.161
0.160839
0.1705
0.125937
0.198302
0.084
0.0219561
0.162919
0.116384
0.193903
0.153
0.1335
0.1605
0.142358
0.215892
0.0089955
0.171828
0.182909
0.00698952
0.144284
0.148
0.0244755
0.156765
0.196902
0.172242
0.0575
0.128936
0.15992
0.171914
0.0264868
0.174413
0.107838
0.15984
0.1745
0.150849
0.167166
0.115
0.1745
0.00849575
0.153923
0.215892
0.164918
0.0883234
0.191404
0.173913
0.182227
0.156344
0.152348
0.118
0.177822
0.166417
0.142786
0.185
0.206484
0.1345
0.138
0.1325
0.178821
0.1565
0.141
0.0264868
0.0309845
0.165417
0.158342
0.0164918
0.125
0.148352
0.190905
0.1315
0.0575
0.1225
0.148352
0.158841
0.189
0.1555
0.117324
0.139
0.154845
0.181456
0.174738
0.0929535
0.123377
0.156266
0.112444
0.131737
0.18672
0.170915
0.138931
0.167832
0.0164918
0.184908
0.123
0.1435
0.1365
0.1805
0.008
0.111944
0.113829
0.163
0.213287
0.148
0.1985
0.127936
0.17991
0.1525
0.1655
0.198
0.2155
0.1305
0.1855
0.0269865
0.16034
0.0115
0.014
0.155422
0.182726
0.165
0.155922
0.175062
0.109945
0.130305
0.16026
0.177411
0.171
0.168248
0.0704648
0.138431
0.0904548
0.1325
0.149
0.172827
0.105894
0.1655
0.181
0.175824
0.2
0.1535
0.179
0.163
0.187313
0.0424788
0.022
0.199301
0.0974026
0.1685
0.171329
0.164418
0.145
0.00949051
0.175
0.207481
0.13037
0.1605
0.2015
0.172827
0.144284
0.187906
0.003
0.150925
0.156344
0.142857
0.203796
0.178911
0.158603
0.1605
0.133
0.039
0.197703
0.188811
0.1675
0.16
0.153846
0.187718
0.142358
0.149775
0.15992
0.1525
0.149701
0.188906
0.1325
0.122378
0.15
0.165252
0.158421
0.153194
0.165252
0.180729
0.1505
0.18032
0.124938
0.1345
0.1745
0.169745
0.132801
0.1225
0.145
0.1555
0.0929535
0.208687
0.115
0.111
0.16
0.1605
0.028
0.00949051
0.165834
0.1455
0.158841
0.084
0.00748877
0.198
0.212394
0.1565
0.149
0.145427
0.15992
0.0134865
0.145427
0.134798
0.143357
0.158421
0.005
0.0105
0.019
0.116384
0.161757
0.1355
0.0035
0.204898
0.148926
0.011982
0.11944
0.00848727
0.183408
0.167916
0.1955
0.129371
0.02
0.176412
0.1575
0.171414
0.178322
0.0274863
0.138931
0.157606
0.137431
0.191
0.1585
0.116
0.175912
0.149
0.165917
0.096
0.0434348
0.1805
0.14093
0.153846
0.151122
0.1355
0.199201
0.163
0.013
0.16092
0.142358
0.1235
0.0575
0.1335
0.1725
0.0045
0.175912
0.131
0.124938
0.1135
0.102
0.171
0.150774
0.149351
0.133433
0.13943
0.182
0.183908
0.178233
0.204898
0.138
0.123752
0.176148
0.168248
0.1805
0.159261
0.1645
0.201899
0.014985
0.127373
0.189405
0.1595
0.127
0.133
0.176735
0.167416
0.17207
0.015992
0.173
0.0689311
0.196206
0.1745
0.1555
0.1495
0.00849575
0.00949051
0.1998
0.172914
0.183134
0.150425
0.147
0.173913
0.1175
0.155035
0.167416
0.1645
0.173826
0.0922693
0.2155
0.1745
0.134933
0.157
0.167416
0.224388
0.147
0.1425
0.0215
0.01999
0.108946
0.1195
0.171828
0.176823
0.003998
0.1425
0.1685
0.0149925
0.123752
0.147
0.111389
0.1375
0.12
0.1065
0.151424
0.107446
0.101449
0.1805
0.1705
0.12
0.205691
0.157
0.161
0.210684
0.171914
0.155422
0.155345
0.15992
0.1785
0.107838
0.164918
0.114443
0.19
0.149701
0.16092
0.148
0.165335
0.168916
0.1905
0.145854
0.1555
0.161757
0.0454545
0.008
0.1555
0.203796
0.1855
0.2035
0.0075
0.157
0.178411
0.191904
0.194
0.115942
0.15984
0.10634
0.189311
0.1665
0.177822
0.1685
0.189405
0.1785
0.158921
0.162419
0.096
0.042
0.14985
0.0065
0.067
0.09995
0.1605
0.215892
0.00998004
0.206793
0.185721
0.184908
0.197703
0.18091
0.114329
0.2025
0.00848727
0.174825
0.00499251
0.0394803
0.118822
0.171914
0.0104843
0.155035
0.15035
0.0375
0.173327
0.15327
0.1075
0.177822
0.14093
0.210395
0.15992
0.129935
0.0104948
0.16
0.220779
0.19
0.172414
0.1745
0.155422
0.014
0.020979
0.1745
0.154423
0.169246
0.163337
0.102346
0.156
0.173826
0.186907
0.181456
0.148
0.183134
0.0264868
0.027
0.175824
0.185907
0.133866
0.112444
0.189
0.167166
0.181909
0.17515
0.189
0.00849575
0.0678982
0.139
0.173913
0.165417
0.12
0.0185
0.14521
0.1635
0.16
0.133
0.0089955
0.173913
0.132
0.108946
0.162419
0.171
0.224388
0.108891
0.183408
0.132434
0.157264
0.166
0.161757
0.168164
0.1265
0.1505
0.0164918
0.136296
0.168164
0.157264
0.177
0.2255
0.1305
0.129935
0.169415
0.1333
0.170415
0.150774
0.0104843
0.136296
0.158
0.0185
0.0434565
0.165417
0.133799
0.023976
0.1805
0.17207
0.108891
0.1745
0.178821
0.166
0.148352
0.187313
0.161919
0.15992
0.196206
0.0309845
0.16
0.166
0.168
0.127936
0.186
0.11039
0.134433
0.200799
0.175912
0.169415
0.156422
0.139
0.166417
0.1585
0.006
0.02
0.179321
0.102346
0.18
0.148352
0.157921
0.161339
0.126937
0.014
0.1375
0.175
0.174738
0.171414
0.192
0.1565
0.176823
0.0125
0.017
0.1665
0.188
0.143285
0.199601
0.0948104
0.161838
0.1595
0.187313
0.17033
0.139
0.1695
0.156266
0.144428
0.170915
0.178821
0.173413
0.198302
0.0164918
0.155922
0.167916
0.194
0.145427
0.149925
0.147926
0.18
0.195
0.151924
0.169415
0.176823
0.1355
0.138931
0.123438
0.168164
0.144
0.129
0.162419
0.18672
0.157
0.177
0.172
0.163418
0.165
0.141787
0.12
0.118
0.153846
0.197703
0.195804
0.185
0.162756
0.1755
0.117324
0.176148
0.12032
0.224388
0.208
0.145427
0.0185
0.1505
0.1815
0.195305
0.185407
0.147
0.1645
0.14036
0.154423
0.1595
0.0264735
0.134433
0.102949
0.161339
0.145927
0.185
0.162
0.151122
0.1485
0.174152
0.00949525
0.198401
0.1365
0.165
0.167916
0.194805
0.15992
0.208687
0.114329
0.178
0.17991
0.167416
0.018981
0.047
0.123
0.008
0.142358
0.209895
0.00799201
0.183633
0.178911
0.009995
0.1595
0.152424
0.0185
0.169661
0.167416
0.186907
0.167916
0.167832
0.129371
0.196108
0.118822
0.02
0.118822
0.155035
0.1725
0.190215
0.197401
0.17941
0.101898
0.158921
0.172827
0.132302
0.1445
0.176735
0.157
0.13523
0.2
0.1725
0.1775
0.155922
0.1265
0.172827
0.158342
0.00949051
0.011
0.14036
0.158
0.172914
0.135932
0.1675
0.175
0.155922
0.137431
0.1805
0.121
0.00749251
0.165335
0.187219
0.16026
0.158762
0.161
0.129935
0.154923
0.190714
0.1835
0.208896
0.170415
0.149
0.0204898
0.132302
0.00748877
0.1645
0.00549725
0.133367
0.144
0.1345
0.168416
0.1775
0.156266
0.1615
0.190905
0.124438
0.196705
0.0424788
0.143285
0.096
0.108891
0.131369
0.150925
0.013986
0.172914
0.02
0.1695
0.1235
0.170245
0.188406
0.189405
0.1785
0.188906
0.124
0.160839
0.171329
0.0539191
0.146427
0.165417
0.1415
0.112444
0.0224775
0.139
0.105447
0.0204898
0.14678
0.1595
0.126437
0.148
0.1565
0.157421
0.149
0.160839
0.118881
0.147
0.12
0.158921
0.1805
0.147
0.148426
0.1835
0.204795
0.2015
0.187438
0.1975
0.009995
0.061969
0.233383
0.135297
0.134731
0.156
0.189
0.1865
0.105894
0.1485
0.1994
0.212394
0.177733
0.185629
0.084
0.124
0.126
0.124438
0.147
0.0165
0.18032
0.1765
0.117383
0.1445
0.0115
0.1085
0.167416
0.1495
0.155422
0.188906
0.139721
0.14036
0.156344
0.1725
0.161
0.127936
0.175912
0.109945
0.093953
0.0154923
0.168916
0.14
0.164418
0.144284
0.1695
0.124938
0.170915
0.1965
0.179641
0.2035
0.191712
0.161
0.164
0.155
0.1525
0.1445
0.172741
0.1575
0.167916
0.141
0.169
0.134
0.156344
0.168
0.182
0.156922
0.163836
0.144356
0.0575
0.185907
0.145854
0.012987
0.163
0.1535
0.156
0.1605
0.131802
0.18023
0.174152
0.1785
0.0284573
0.156922
0.164336
0.145927
0.102
0.0865
0.171914
0.1465
0.1485
0.206793
0.1735
0.143285
0.17991
0.129306
0.2055
0.011994
0.1595
0.1605
0.207481
0.145927
0.042
0.212394
0.195804
0.005
0.1505
0.152424
0.152424
0.1565
