0.238881
0.2515
0.236382
0.2085
0.234266
0.246377
0.258871
0.181727
0.224
0.223888
0.246377
0.202
0.0184908
0.2385
0.221667
0.2205
0.226887
0.282
0.210895
0.188
0.215392
0.22977
0.232268
0.205295
0.1995
0.2235
0.247
0.245754
0.239
0.229
0.260739
0.2225
0.231421
0.2095
0.25
0.232884
0.269865
0.227886
0.250499
0.154269
0.289355
0.22089
0.20669
0.228386
0.1965
0.229
0.268098
0.226
0.2335
0.206897
0.0095
0.2825
0.157421
0.209895
0.244378
0.176324
0.253
0.23988
0.16092
0.285857
0.20669
0.203
0.197106
0.234383
0.18
0.247
0.263
0.2235
0.213893
0.213679
0.269365
0.273363
0.235882
0.227273
0.2425
0.265
0.1994
0.2
0.273726
0.263105
0.2105
0.0065
0.2085
0.216892
0.2195
0.18091
0.24975
0.203796
0.266
0.257
0.172414
0.224
0.252122
0.00349476
0.2515
0.1994
0.1875
0.1965
0.0085
0.252
0.234883
0.27359
0.20979
0.170744
0.209291
0.250375
0.198
0.2375
0.234383
0.247376
0.2245
0.169
0.272864
0.196
0.242379
0.2415
0.242879
0.227886
0.211788
0.2225
0.01998
0.218391
0.232268
0.197802
0.227386
0.252747
0.229885
0.251874
0.1835
0.212894
0.247
0.245754
0.211289
0.240759
0.223277
0.2195
0.2295
0.220559
0.0065
0.243756
0.2245
0.006
0.239
0.233766
0.245877
0.251874
0.176412
0.192
0.225
0.214
0.266
0.2185
0.226773
0.235882
0.207378
0.1745
0.234149
0.00649675
0.271864
0.251996
0.199301
0.232268
0.2005
0.242258
0.244633
0.0109726
0.230654
0.00849575
0.2565
0.2295
0.2075
0.237263
0.210789
0.203398
0.233766
0.18091
0.214179
0.209895
0.229
0.233766
0.193307
0.256372
0.255617
0.00999001
0.232268
0.00649675
0.1975
0.232
0.251249
0.197802
0.2004
0.265734
0.226
0.211
0.313843
0.246753
0.198401
0.254873
0.219281
0.232651
0.233267
0.2125
0.229
0.256
0.262
0.203
0.225
0.201
0.2185
0.239
0.271864
0.0109945
0.231269
0.22394
0.218391
0.24501
0.21939
0.235382
0.197401
0.206897
0.188406
0.225
0.26037
0.253247
0.250125
0.172741
0.249501
0.22
0.267
0.221778
0.272092
0.24088
0.2385
0.222389
0.216567
0.00898204
0.2305
0.252994
0.238381
0.251249
0.214
0.23976
0.217891
0.2045
0.2685
0.22
0.226387
0.246
0.224
0.266
0.212894
0.275724
0.256743
0.00849575
0.265235
0.236382
0.28036
0.193307
0.0184815
0.252
0.215892
0.214179
0.195902
0.235882
0.225
0.207293
0.255744
0.226773
0.216
0.254373
0.227386
0.241879
0.164418
0.194
0.233883
0.208292
0.225662
0.251623
0.1985
0.25362
0.1965
0.00749251
0.243878
0.232767
0.214
0.202
0.247382
0.208791
0.184408
0.224
0.2605
0.235147
0.228044
0.247129
0.252374
0.226161
0.224
0.217283
0.2355
0.188906
0.259241
0.240759
0.217391
0.263105
0.249
0.232
0.24038
0.276862
0.23027
0.192
0.246
0.2075
0.203694
0.272864
0.159681
0.1895
0.249875
0.215784
0.2175
0.244633
0.0065
0.2295
0.196
0.214
0.25
0.186813
0.256
0.221058
0.245132
0.225
0.2695
0.2255
0.159681
0.241879
0.2055
0.27986
0.232884
0.2055
0.203297
0.243257
0.178411
0.215
0.226
0.2285
0.181409
0.240759
0.265602
0.2399
0.188717
0.217782
0.185
0.214
0.238
0.264868
0.223277
0.1835
0.196803
0.1855
0.01998
0.258371
0.2325
0.2399
0.207688
0.152424
0.223388
0.0345
0.256372
0.260739
0.213
0.204795
0.218391
0.1865
0.232268
0.247
0.206587
0.205897
0.243
0.162419
0.253
0.228386
0.247
0.2055
0.194903
0.2465
0.173413
0.2565
0.21939
0.224052
0.00349476
0.00848727
0.2735
0.226887
0.222389
0.0045
0.231768
0.262107
0.2335
0.175
0.213893
0.21507
0.241879
0.22089
0.229
0.253865
0.258612
0.249
0.1975
0.269
0.2185
0.215
0.208292
0.266
0.224
0.194708
0.243756
0.254373
0.267
0.226274
0.2305
0.208896
0.239141
0.00798802
0.227159
0.241259
0.19
0.235147
0.227659
0.190905
0.250375
0.261
0.282
0.206
0.218672
0.2355
0.2475
0.208292
0.218
0.206088
0.22
0.00749625
0.227159
0.261
0.216783
0.225
0.270459
0.209
0.218
0.203297
0.194
0.271864
0.261108
0.2055
0.207396
0.2225
0.235882
0.219
0.1335
0.2195
0.229
0.2055
0.00899101
0.2235
0.249
0.1685
0.237881
0.004995
0.2535
0.231884
0.199
0.254364
0.2185
0.226887
0.249
0.237381
0.219281
0.00799201
0.217283
0.0164835
0.207396
0.221667
0.007996
0.194
0.228272
0.0114943
0.201597
0.1965
0.00598802
0.244755
0.178911
0.00749251
0.257614
0.2435
0.164
0.235382
0.256
0.282
0.0089955
0.2205
0.1775
0.253373
