0.2525
0.239641
0.1845
0.24038
0.2145
0.0095
0.254373
0.235
0.2
0.237144
0.266867
0.238381
0.0109945
0.236146
0.212288
0.212394
0.22039
0.238642
0.25362
0.219281
0.250375
0.234383
0.2165
0.267866
0.215354
0.22
0.2295
0.215392
0.253
0.235529
0.2565
0.0044955
0.239
0.265
0.226
0.212787
0.267
0.214393
0.217174
0.252374
0.178911
0.232
0.275724
0.261608
0.203898
0.248627
0.189905
0.206897
0.215892
0.256872
0.2305
0.2325
0.236882
0.204194
0.268731
0.246
0.2145
0.234883
0.224888
0.170915
0.2435
0.267233
0.18032
0.251
0.255872
0.254373
0.2325
0.212394
0.2445
0.2315
0.263237
0.262
0.233883
0.0045
0.2585
0.22505
0.214393
0.208896
0.224
0.230769
0.264868
0.256
0.159261
0.229
0.238881
0.227273
0.171657
0.21989
0.196402
0.195706
0.2265
0.277
0.275587
0.212787
0.242879
0.275724
0.2555
0.238881
0.211
0.224663
0.25499
0.007
0.291708
0.215392
0.232036
0.035964
0.2705
0.225275
0.23988
0.253746
0.195902
0.23503
0.2315
0.255245
0.268731
0.251249
0.256
0.253373
0.193
0.229
0.272864
0.24038
0.232884
0.221778
0.253373
0.226887
0.23
0.262238
0.244256
0.250749
0.247505
0.201496
0.228386
0.222889
0.221389
0.256
0.252
0.212394
0.236382
0.235382
0.242
0.198702
0.214393
0.254119
0.00449775
0.2455
0.23976
0.224663
0.217
0.213893
0.179
0.164918
0.271
0.236
0.267
0.247752
0.230885
0.2997
0.238381
0.22
0.210789
0.2315
0.23027
0.192404
0.246
0.251374
0.215784
0.267332
0.206397
0.277
0.230385
0.2105
0.24
0.218
0.241379
0.2035
0.266867
0.0224888
0.287213
0.264236
0.255872
0.19
0.230769
0.257
0.203
0.204795
0.288856
0.228
0.00449775
0.247
0.2575
0.230885
0.25362
0.223277
0.195
0.278361
0.259241
0.212
0.246877
0.265867
0.262107
0.27309
0.207896
0.195
0.211682
0.24
0.253
0.195402
0.00599401
0.204296
0.252248
0.26011
0.256372
0.228
0.25187
0.239641
0.254618
0.277
0.229385
0.222056
0.234149
0.2105
0.233766
0.22505
0.233766
0.255872
0.267
0.194805
0.207896
0.2575
0.2045
0.247006
0.255372
0.205794
0.237762
0.167916
0.220779
0.224888
0.251249
0.271364
0.232384
0.200499
0.1685
0.247752
0.270365
0.266867
0.237881
0.226887
0.254
0.251249
0.221389
0.2585
0.265
0.248376
0.2425
0.252747
0.217565
0.2145
0.217565
0.261976
0.191
0.222
0.303545
0.227046
0.244378
0.223776
0.214893
0.1095
0.2355
0.236
0.252
0.216392
0.2595
0.246377
0.26037
0.237381
0.233
0.239
0.242757
0.2435
0.241259
0.197
0.238143
0.239261
0.291354
0.244878
0.209395
0.276585
0.2625
0.246
0.1905
0.2195
0.225
0.241259
0.255372
0.237
0.2265
0.2325
0.2335
0.2285
0.236763
0.189
0.203898
0.2705
0.238381
0.255
0.265867
0.229271
0.21989
0.2925
0.2365
0.2705
0.237881
0.217565
0.2455
0.282
0.2775
0.209395
0.210395
0.253
0.231038
0.238381
0.251
0.2225
0.2545
0.22039
0.2835
0.223165
0.288856
0.249875
0.226387
0.2485
0.21
0.247
0.264236
0.267233
0.290355
0.228
0.232
0.2009
0.2615
0.211894
0.182409
0.207896
0.218
0.183908
0.2165
0.2525
0.1815
0.210895
0.263237
0.224
0.271364
0.227886
0.2355
0.2735
0.230385
0.282077
0.27495
0.2345
0.25362
0.2425
0.2365
0.0189715
0.2395
0.1095
0.2715
0.0155
0.170915
0.2515
0.239641
0.251
0.252
0.188312
0.206897
0.262369
0.0105
0.2525
0.2625
0.2485
0.282859
0.211682
0.246877
0.2555
0.2455
0.2215
0.2415
0.195305
0.224663
0.253
0.004995
0.225162
0.2385
0.218
0.203
0.249375
0.234383
0.228
0.248
0.221778
0.271364
0.2705
0.268232
0.266
0.236146
0.223888
0.232036
0.228928
0.2305
0.215892
0.233034
0.1685
0.258
0.25025
0.251249
0.257614
0.23988
0.2575
0.2395
0.229385
0.1295
0.203
0.248627
0.2195
0.21989
0.207
0.22039
0.243378
0.255234
0.237381
0.2295
0.0109945
0.223776
0.250875
0.227386
0.2195
0.240639
0.2375
0.237881
0.2485
0.232
0.23988
0.21978
0.2535
0.242
0.267
0.22
0.266234
0.223165
0.216392
0.250125
0.248876
0.250875
0.277
0.213
0.237762
0.2055
0.00848727
0.225387
0.237881
0.2545
0.247752
0.228
0.2215
0.258741
0.2565
0.251748
0.2009
0.266367
0.2535
0.244378
0.253373
0.195902
0.231269
0.2345
0.257
0.215392
0.255
0.004995
0.18032
0.2175
0.247876
0.213393
0.269365
0.2465
0.243878
0.262107
0.287213
0.214
0.2025
0.235382
0.2395
0.245255
0.252747
0.238
0.242
0.223165
0.235882
0.259111
0.243878
