0.2515
0.256
0.254246
0.2345
0.301349
0.267866
0.267732
0.262
0.247752
0.281078
0.293353
0.258871
0.2225
0.275862
0.258242
0.263
0.258242
0.300399
0.2345
0.21978
0.292
0.235529
0.23
0.2675
0.21967
0.253373
0.262475
0.248252
0.2005
0.250875
0.014
0.269231
0.25937
0.2925
0.261738
0.268232
0.265102
0.263605
0.292269
0.242258
0.215892
0.247876
0.265102
0.241
0.267599
0.305694
0.289066
0.254246
0.2925
0.211788
0.27023
0.250624
0.2955
0.276362
0.246254
0.2315
0.234531
0.262238
0.257614
0.2325
0.258371
0.2695
0.2455
0.223
0.241638
0.2825
0.277445
0.21978
0.313
0.0025
0.27936
0.331
0.23
0.283075
0.235382
0.226887
0.236
0.244633
0.2715
0.242016
0.229885
0.203398
0.255872
0.222278
0.297351
0.2465
0.250624
0.296852
0.262
0.223
0.224888
0.289355
0.293353
0.2845
0.296
0.26996
0.284
0.250125
0.271093
0.255872
0.238381
0.236763
0.279
0.204
0.231
0.268597
0.215676
0.2965
0.296
0.275087
0.283
0.287856
0.204898
0.2775
0.2575
0.293
0.279081
0.271186
0.263605
0.249002
0.229
0.262869
0.006
0.2595
0.244
0.271
0.24026
0.269
0.241
0.274863
0.244
0.237
0.278721
0.271364
0.320519
0.28022
0.286
0.2005
0.247876
0.204092
0.26973
0.194903
0.277445
0.273363
0.2645
0.2675
0.242879
0.251374
0.229885
0.2045
0.273
0.24
0.290628
0.2095
0.247876
0.2565
0.272364
0.2485
0.238761
0.296056
0.271864
0.268232
0.276585
0.2305
0.246877
0.274226
0.261869
0.284858
0.274863
0.231153
0.265
0.268597
0.294853
0.25025
0.2735
0.227772
0.263868
0.331
0.251
0.0109945
0.244256
0.246877
0.239141
0.1685
0.259
0.273
0.224276
0.281359
0.214393
0.23938
0.24
0.276862
0.3005
0.2665
0.005997
0.2085
0.264868
0.3015
0.279
0.27
0.283075
0.26037
0.246877
0.229385
0.248252
0.2555
0.253
0.268866
0.28992
0.276
0.274
0.258871
0.2555
0.25362
0.2965
0.241259
0.281
0.271
0.2175
0.234
0.246877
0.2835
0.2975
0.2315
0.284216
0.2605
0.294353
0.2365
0.262
0.2765
0.277861
0.278
0.244633
0.227273
0.271
0.243135
0.246254
0.242379
0.2345
0.257742
0.233766
0.300699
0.257871
0.2415
0.275
0.238
0.240519
0.2215
0.292062
0.264868
0.2655
0.267366
0.2595
0.248
0.294264
0.2555
0.2645
0.2465
0.236763
0.2955
0.229271
0.2235
0.257371
0.2185
0.2445
0.224888
0.253373
0.309
0.231653
0.2385
0.248004
0.281437
0.292
0.2725
0.303696
0.268962
0.279221
0.2575
0.236382
0.261
0.255372
0.254246
0.00998502
0.00599101
0.2805
0.2895
0.294353
0.296056
0.241259
0.2375
0.241259
0.267732
0.258741
0.261869
0.3045
0.2645
0.2905
0.204
0.017982
0.2445
0.261369
0.245
0.280719
0.222167
0.284216
0.333999
0.28022
0.00599101
0.23027
0.26037
0.237381
0.285857
0.2765
0.222389
0.229885
0.3045
0.241638
0.216675
0.223277
0.2855
0.275862
0.288856
0.284358
0.2965
0.234765
0.246877
0.27
0.26
0.241638
0.238143
0.2965
0.252374
0.262737
0.233383
0.238024
0.28036
0.262107
0.281
0.252874
0.00548902
0.271
0.274
0.284573
0.28
0.296
0.25985
0.27023
0.267732
0.225774
0.227772
0.254873
0.2325
0.279
0.281
0.2355
0.228158
0.188811
0.2255
0.270865
0.284
0.243
0.289066
0.293207
0.268232
0.264368
0.333999
0.2395
0.281859
0.25312
0.298
0.233383
0.261239
0.2665
0.291209
0.236763
0.251748
0.269365
0.254745
0.2595
0.282859
0.232651
0.255245
0.247876
0.2375
0.291854
0.2605
0.236
0.288212
0.252
0.216068
0.2815
0.272864
0.285857
0.295704
0.211471
0.233267
0.254
0.254745
0.255
0.275862
0.2625
0.2525
0.0225
0.267732
0.301
0.2965
0.248252
0.261
0.296056
0.257114
0.262
0.323015
0.2215
0.226274
0.256872
0.2405
0.265367
0.274226
0.253992
0.235147
0.2275
0.1825
0.2885
0.291354
0.220779
0.291209
0.2625
0.2845
0.271
0.2955
0.237263
0.2785
0.281718
0.267233
0.236264
0.274588
0.257114
0.270729
0.264236
0.274
0.231384
0.238024
0.249251
0.284858
0.25937
0.3075
0.270729
0.224775
0.246877
0.288068
0.253373
0.222389
0.251374
0.255988
0.2395
0.252747
0.298351
0.2575
0.1785
0.253373
0.27023
0.2735
0.244
0.2735
0.25985
0.301048
0.256743
0.2855
0.261
0.29985
0.242879
0.281718
0.273363
0.249375
0.231269
0.228
0.269231
0.285072
0.28022
0.2865
0.276862
0.266101
0.298403
0.214893
0.270729
0.283
0.255617
0.28
0.29985
0.2255
0.253373
0.272
0.2575
0.259
0.2985
0.302
0.242
0.2735
0.26011
0.3
0.284
0.283
0.216
0.242879
0.237263
0.245877
0.247752
0.272727
0.287356
0.303696
0.266234
0.250875
0.287356
0.262
0.254
0.248751
0.276362
0.238381
0.266867
0.291209
0.00748877
0.264
0.266234
0.201
0.297851
0.262869
0.221
0.223277
0.243
0.277861
0.264104
0.242
0.283858
0.239
0.249251
0.297351
0.326837
0.233883
0.244
0.258871
0.291354
0.2405
0.342829
0.248376
0.261738
0.269231
0.2009
0.323015
0.263
0.256116
0.248004
0.00549176
0.249
0.255
0.248751
0.255744
0.2345
0.2705
0.227046
0.268731
0.235
0.294353
0.248876
0.291854
0.2735
0.2595
0.227
0.2655
0.262
0.27
0.237
0.257
0.265602
0.2335
0.267233
0.290855
0.257371
0.269596
0.241379
0.194903
0.2925
0.261738
0.322839
0.245877
0.290628
0.238
0.272
0.275862
0.264
0.271864
0.28657
0.211078
0.2175
0.295
0.2545
0.238761
0.2825
0.235382
0.2455
0.2305
0.252874
0.28022
0.248751
0.2555
0.236
0.289066
0.245877
0.276723
0.270365
0.2465
0.168416
0.255
0.2075
0.269327
0.255
0.290355
0.228
0.29935
0.2575
0.304
0.309
0.281859
0.2755
0.274
0.275724
0.3465
0.2595
0.287856
0.253493
0.27023
0.204898
0.2655
0.234383
0.26037
0.2335
0.287856
0.268731
0.236
0.27495
0.265367
0.242636
0.304
0.257371
0.2735
0.261
0.272455
0.237881
0.235265
0.0055
0.295
0.258741
0.218391
0.261369
0.262
0.254246
0.229271
0.265
0.281219
0.292062
0.2265
0.257243
0.231269
0.313
0.2105
0.291209
0.226387
0.3
0.288
0.269
0.258871
0.261239
0.306
0.241879
0.2545
0.2855
0.267866
0.252
0.2115
0.271364
0.248252
0.231153
0.252374
0.225662
0.278083
0.221667
0.265734
0.2785
0.253247
0.241
0.261738
0.286214
0.239
0.2995
0.244
0.284216
0.247253
0.236382
0.241879
0.2775
0.227772
0.252122
0.257
0.2545
0.26087
0.260609
0.283358
0.275362
0.2475
0.244511
0.263
0.285857
0.275862
0.333999
0.2625
0.276362
0.27
0.2535
0.283217
0.2745
0.286713
0.24
0.241
0.2635
0.295
0.00798802
0.283217
0.285357
0.275087
0.2735
0.255372
0.21978
0.275862
0.27994
0.281359
0.29
0.249251
0.2415
0.2495
0.257984
0.272591
0.263605
0.304848
0.004995
0.254745
0.30969
0.261869
0.0405
0.253746
0.241
0.240759
0.3
0.30085
0.0114885
0.2845
0.2685
0.224276
0.282717
0.290855
0.243
0.216675
0.283
0.238143
0.254745
0.276946
0.22089
0.227273
0.252
0.285857
0.2485
0.005
0.2965
0.281
0.231
0.1825
0.231
0.302697
0.2575
0.2865
0.251374
0.247253
0.0055
0.292
0.275449
0.2585
0.296056
0.281359
0.264868
0.259
0.2685
0.215892
0.243
0.242258
0.231
0.269231
0.265235
0.236146
0.28
0.277361
0.2265
0.252
0.2035
0.254491
0.238761
0.269231
0.2705
0.263
0.252374
0.247876
0.254246
0.241379
0.249626
0.255988
0.247376
0.2685
0.230385
0.274863
0.240759
0.2335
0.266101
0.2005
0.29
0.234383
0.211289
0.285857
0.2605
0.2535
0.268366
0.276362
0.2325
0.2375
0.281297
0.228886
0.270365
0.215392
0.245
0.284858
0.240519
0.265337
0.2185
0.216675
0.2935
0.244378
0.263
0.26
0.281859
0.265337
0.22
0.284858
0.283858
0.26
0.266101
0.282576
0.2985
0.2325
0.237
0.225774
0.281078
0.27986
0.168416
0.297351
0.2765
0.271864
0.292208
0.2495
0.262369
0.277
0.2635
0.2185
0.2635
0.262869
0.284358
0.249626
0.275862
0.2085
0.276
0.259
0.266
0.274
0.213786
0.230385
0.247376
0.276862
0.248252
0.267465
0.271956
0.2555
0.2955
0.256244
0.247876
0.2865
0.2555
0.211788
0.2065
0.292
0.296906
0.223388
0.2415
0.271
0.293853
0.277361
0.294264
0.252374
0.232767
0.2615
0.25985
0.21978
0.2375
0.279221
0.27023
0.2915
0.24038
0.236264
0.2385
0.268962
0.25
0.27495
0.268366
0.256244
0.257114
0.2675
0.284
0.26783
0.236264
0.27986
0.272591
0.00599101
0.204898
0.284216
0.215392
0.273227
0.280719
0.2635
0.269365
0.204398
0.278222
0.29935
0.285
0.244633
0.2365
0.216892
0.244878
0.273227
0.268597
0.26087
0.25987
0.3075
0.227772
0.255
0.2325
0.268597
0.011976
0.2725
0.256
0.264868
0.284216
0.235
0.283217
0.27994
0.2645
0.2885
0.24088
0.2045
0.2265
0.273863
0.2785
0.287856
0.263
0.255
0.243878
0.290355
0.209186
0.2255
0.275724
0.286427
0.2435
0.243
0.247876
0.276723
0.227046
0.292
0.289066
0.236382
0.276362
0.242258
0.267
0.283
0.21
0.255
0.255
0.255
0.2785
0.276
0.2785
0.2665
0.2685
0.2675
0.281578
0.266867
0.249
0.008
0.256
0.297351
0.311844
0.251249
0.2845
0.261738
0.244878
0.287356
0.29356
0.244256
0.252122
0.237
0.287856
0.248376
0.301
0.004995
0.302849
0.2585
0.335329
0.252874
0.2575
0.258242
0.296852
0.224388
0.239
0.24026
0.2855
0.25
0.290564
0.275862
0.27972
0.28
0.211788
0.276362
0.2775
0.286713
0.2645
0.265
0.244256
0.225162
0.2885
0.292561
0.272
0.017982
0.227386
0.311721
0.268
0.304848
0.294353
0.249251
0.252
0.00998502
0.263237
0.2585
0.017982
0.2815
0.2925
0.261869
0.306
0.2625
0.289355
0.276362
0.27994
0.250875
0.261
0.220779
0.296352
0.2775
0.252874
0.248876
0.234765
0.286427
0.273863
0.244878
0.287856
0.286857
0.229885
0.203898
0.2505
0.248751
0.266367
0.250624
0.284358
0.231768
0.28022
0.291354
0.27994
0.267366
0.203898
0.257371
0.163
0.256116
0.275724
0.293
0.272
0.238404
0.253247
0.25
0.2225
0.2685
0.267599
0.278
0.228386
0.011994
0.243756
0.227772
0.244633
0.228158
0.2825
0.268
0.286357
0.253
0.24088
0.248878
0.274
0.2625
0.244378
0.212
0.246877
0.251
0.247
0.294353
0.259
0.241879
0.291354
0.239141
0.26037
0.257243
0.275
0.224388
0.218391
0.251
0.250375
0.244633
0.32652
0.29935
0.2415
0.273363
0.261369
0.22089
0.271364
0.2666
0.298
0.209
0.238761
0.227
0.244
0.265102
0.261
0.244
0.298
0.244878
0.304848
0.316026
0.2185
0.2435
0.281
0.00599101
0.2445
0.2385
0.224388
0.257
0.2095
0.0129935
0.304
0.218672
0.2725
0.248376
0.244134
0.2775
0.223553
0.223277
0.2555
0.265602
0.2045
0.275
0.2665
0.248004
0.283433
0.321
0.243756
0.296056
0.272
0.2405
0.277
0.255988
0.232268
0.242
0.2685
0.280719
0.227
0.224388
0.271364
0.26973
0.243513
0.257371
0.233883
0.254
0.266
0.263
0.271864
0.24026
0.204898
0.24
0.231
0.277722
0.2305
0.263868
0.263
0.248
0.277361
0.291708
0.203694
0.2805
0.00549725
0.207896
0.273
0.262737
0.250875
0.270729
0.275862
0.334
0.244633
0.274863
0.293
0.279441
0.302
0.2585
0.252874
0.273363
0.246877
0.241638
0.301548
0.196108
0.268597
0.315868
0.331
0.2455
0.255
0.2675
0.250875
0.27972
0.238143
0.292062
0.29985
0.295704
0.0025
0.2595
0.253873
0.238381
0.2775
0.231
0.221279
0.261738
0.1975
0.225275
0.278222
0.2915
0.238143
0.204
0.277
0.262238
0.2465
0.216
0.20509
0.190714
0.263
0.006
0.2635
0.256
0.279
0.322839
0.272591
0.2955
0.228386
0.263605
0.234765
0.250875
0.2235
0.245387
0.257371
0.204092
0.247376
0.257114
0.244134
0.2625
0.279081
0.268597
0.297702
0.302349
0.2785
0.231269
0.204898
0.2865
0.26
0.289566
0.266867
0.301349
0.334
0.241879
0.2705
0.289066
0.301048
0.2245
0.2955
0.3135
0.28008
0.282717
0.263736
0.266367
0.22028
0.273227
0.1998
0.2555
0.288212
0.2925
0.304
0.333999
0.268232
0.214393
0.224276
0.264868
0.250375
0.259
0.204898
0.2955
0.277861
0.2075
0.3
0.263237
0.276224
0.25974
0.254873
0.284216
0.247629
0.190714
0.27994
0.292208
0.288212
0.301849
0.298851
0.304
0.265
0.288356
0.240759
0.2935
0.237
0.2465
0.27972
0.248376
0.242379
0.263
0.253373
0.2555
0.2355
0.227273
0.2955
0.232535
0.282
0.301349
0.203898
0.2505
0.272
0.222278
0.203898
0.236763
0.288
0.272319
0.242379
0.234149
0.0405
0.250375
0.241
0.272591
0.282
0.218
0.264868
0.291354
0.252
0.2605
0.263605
0.292
0.272591
0.304848
0.259481
0.2715
0.2365
0.264
0.28022
0.267366
0.263237
0.244
0.28
0.251
0.2495
0.253
0.26783
0.26
0.245
0.253746
0.2666
0.275362
0.3175
0.263868
0.231653
0.267599
0.257371
0.258871
0.290355
0.236264
0.235382
0.229271
0.21507
0.268597
0.258741
0.2855
0.257243
0.2925
0.248876
0.250499
0.247752
0.278443
0.28
0.2805
0.2775
0.239141
0.263105
0.204194
0.294853
0.261
0.232384
0.2745
0.263868
0.286071
0.2805
0.240759
0.271364
0.247752
0.311688
0.294853
0.2665
0.252874
0.282359
0.257614
0.258
0.266
0.254
0.27994
0.263105
0.275
0.2245
0.191
0.221389
0.238143
0.269
0.284216
0.2545
0.258871
0.283433
0.256372
0.242258
0.267
0.241
0.2895
0.2735
0.2645
0.2655
0.275587
0.27
0.254745
0.241379
0.282
0.248
0.28
0.0109945
0.278222
0.204
0.2555
0.1975
0.242879
0.26
0.2335
0.255245
0.231269
0.228
0.262369
0.2715
0.251874
0.261738
0.2515
0.27
0.226887
0.280719
0.275087
0.229385
0.2835
0.00998502
0.2565
0.271864
0.271864
0.275362
