0.2405
0.2655
0.225387
0.225
0.261369
0.2035
0.16983
0.187906
0.26087
0.262369
0.175412
0.221
0.179
0.242379
0.196402
0.234531
0.213393
0.253
0.210395
0.247
0.247376
0.174
0.218282
0.200599
0.245509
0.21318
0.2425
0.2315
0.251
0.243878
0.2285
0.274226
0.011
0.175412
0.248503
0.238381
0.241
0.2545
0.263237
0.212787
0.266
0.211394
0.2335
0.234648
0.0114885
0.195706
0.275449
0.232384
0.206
0.229385
0.225
0.18
0.2435
0.223888
0.226887
0.226387
0.214678
0.224
0.231653
0.26973
0.2025
0.0134933
0.21939
0.008
0.168916
0.248252
0.241
0.247376
0.237381
0.226387
0.0065
0.258371
0.1735
0.225
0.2755
0.250499
0.203195
0.26973
0.223
0.237
0.00948577
0.2105
0.2765
0.193307
0.218173
0.26037
0.234266
0.2595
0.248876
0.195
0.239
0.213074
0.1735
0.246377
0.257
0.262369
0.198801
0.231269
0.2325
0.231768
0.251123
0.25
0.179321
0.2085
0.21939
0.210395
0.239261
0.2235
0.274588
0.187219
0.01
0.258871
0.237762
0.23365
0.214893
0.1945
0.194805
0.221889
0.254119
0.195706
0.256872
0.261869
0.00598802
0.205295
0.243878
0.211078
0.215392
0.255617
0.241
0.252874
0.2135
0.215392
0.23938
0.214963
0.2565
0.226773
0.266966
0.218391
0.2595
0.2445
0.234765
0.227
0.224775
0.205192
0.198901
0.215
0.262606
0.253873
0.220779
0.212394
0.1835
0.0124875
0.2365
0.19
0.239
0.207293
0.2485
0.242879
0.265734
0.256872
0.251874
0.235647
0.220669
0.228886
0.214393
0.245255
0.2135
0.199301
0.221389
0.24501
0.0075
0.22
0.232
0.248376
0.152424
0.223665
0.0129935
0.26011
0.266
0.2745
0.227886
0.26087
0.245877
0.253873
0.013993
0.217
0.235
0.232
0.206587
0.2645
0.234032
0.222889
0.2635
0.236527
0.188
0.225
0.225387
0.183042
0.2285
0.229385
0.2435
0.2165
0.244511
0.229
0.2035
0.248255
0.171742
0.209395
0.191904
0.238262
0.2395
0.224
0.192904
0.24088
0.015992
0.248876
0.250499
0.174
0.226773
0.1895
0.0049975
0.226
0.236
0.227772
0.232651
0.0314843
0.2185
0.236763
0.171742
0.213
0.210895
0.233
0.212288
0.239
0.201399
0.214393
0.265235
0.246
0.229042
0.24038
0.22
0.204693
0.250624
0.210395
0.256743
0.2145
0.216675
0.2445
0.2385
0.202797
0.243878
0.244256
0.234883
0.2315
0.262369
0.204898
0.224276
0.25
0.2365
0.2535
0.230885
0.2275
0.193114
0.00849575
0.2425
0.249875
0.2405
0.189905
0.231384
0.228886
0.2004
0.249875
0.233
0.21939
0.2565
0.169745
0.2095
0.2055
0.262369
0.212394
0.2465
0.213393
0.197901
0.23027
0.229885
0.24014
0.1945
0.250499
0.2265
0.213
0.1745
0.226
0.213074
0.214393
0.242016
0.239141
0.190714
0.2485
0.174
0.266234
0.227659
0.222
0.228
0.185
0.266234
0.1999
0.256
0.22017
0.2
0.2985
0.207896
0.217
0.262369
0.164418
0.210579
0.1895
0.174413
0.191904
0.216
0.00349825
0.189
0.2365
0.263237
0.238
0.247876
0.210395
0.231269
0.214179
0.231
0.232884
0.214393
0.206587
0.00399002
0.22
0.242137
0.222278
0.2465
0.219
0.274588
0.21939
0.262369
0.26
0.232651
0.254618
0.016
0.223665
0.195
0.244888
0.212894
0.284
0.246877
0.147778
0.1925
0.257871
0.2315
0.203
0.194
0.221389
0.231269
0.187406
0.207396
0.0429785
0.2445
0.204296
0.2
0.223441
0.205794
0.016
0.228
0.138861
0.0055
0.255617
0.227273
0.214
0.227273
0.218
0.204591
0.235382
0.00948577
0.23988
0.184908
0.192711
0.189905
0.195902
0.221889
0.2265
0.193
0.244755
0.258871
0.205397
0.226
0.23315
0.227
0.187
0.23
0.227
0.215392
0.261369
0.2815
0.228
0.271
0.2725
0.213786
0.2265
0.264868
0.21989
0.227
0.233
0.230808
0.217
0.198801
0.2105
0.254119
0.1715
0.24975
0.187406
0.223
0.203898
0.2615
0.236
0.198901
0.219
0.012
0.231269
0.212894
0.013
0.270594
0.191
0.25974
0.176412
0.290274
0.2755
0.0049975
0.22039
0.22977
0.235382
0.177
0.23
0.221389
0.25
0.254119
0.206088
0.256
0.209
0.249375
0.258
0.208
0.270365
0.226
0.247876
0.202797
0.219561
0.247253
0.2045
0.232384
0.233
0.236
0.181409
0.217066
0.1775
0.185407
0.2585
0.190714
0.214179
0.247
0.2535
0.228
0.016
0.241379
0.219
0.2035
0.26024
0.224
0.24026
0.25025
0.2095
0.0204898
0.195902
0.147631
0.219451
0.247253
0.2815
0.156
0.24501
0.226
0.23365
0.2555
0.2335
0.2695
0.238761
0.2225
0.188312
0.189905
0.218391
0.205192
0.226161
0.175824
0.00598802
0.2135
0.2295
