0.252
0.013
0.227
0.201
0.2155
0.1775
0.2205
0.194403
0.208292
0.245885
0.235
0.240759
0.23
0.241379
0.215784
0.2335
0.0115
0.0174825
0.2535
0.247376
0.238881
0.190025
0.244878
0.2235
0.250749
0.170415
0.2145
0.236882
0.232384
0.217891
0.254
0.222167
0.218391
0.221
0.254
0.242636
0.279
0.232384
0.1735
0.2615
0.2065
0.205691
0.227886
0.212787
0.226773
0.2315
0.231269
0.238
0.0085
0.2385
0.166417
0.212894
0.223388
0.232767
0.196803
0.242258
0.155
0.264
0.2475
0.2445
0.224775
0.2425
0.193
0.215
0.254
0.201
0.232384
0.218391
0.21978
0.1285
0.210684
0.242636
0.21967
0.2495
0.224663
0.0144928
0.247752
0.218
0.194209
0.233
0.18041
0.230385
0.2235
0.237381
0.264
0.0069965
0.195804
0.198401
0.236382
0.2455
0.204898
0.202899
0.210395
0.177
0.221389
0.242
0.2615
0.196206
0.241
0.262238
0.2195
0.244256
0.2105
0.269365
0.167832
0.201098
0.2325
0.01
0.00549725
0.210684
0.2385
0.134433
0.224775
0.166
0.195
0.015
0.0104895
0.243878
0.192807
0.191309
0.241638
0.203398
0.18091
0.1994
0.2025
0.217673
0.1915
0.237381
0.202197
0.205897
0.2045
0.269365
0.194306
0.236645
0.00549725
0.201597
0.256743
0.2475
0.294353
0.172242
0.222889
0.24088
0.263368
0.2505
0.231884
0.2685
0.23315
0.252248
0.218
0.217283
0.232384
0.21939
0.263368
0.247129
0.215892
0.1775
0.2615
0.234648
0.213287
0.243878
0.189405
0.240519
0.221889
0.2185
0.1935
0.2015
0.2045
0.27986
0.286926
0.218781
0.199
0.188
0.2405
0.245377
0.1845
0.215
0.229
0.221446
0.264368
0.1994
0.171414
0.2375
0.221446
0.201
0.224276
0.2395
0.209
0.207
0.1994
0.263972
0.1985
0.2135
0.2195
0.0105
0.203398
0.232884
0.2175
0.266
0.1997
0.217283
0.2555
0.194306
0.195402
0.271093
0.2
0.169915
0.183724
0.266966
0.22089
0.232384
0.215392
0.16042
0.2175
0.1905
0.224276
0.285429
0.274363
0.2315
0.237381
0.273
0.245377
0.2535
0.2275
0.228886
0.2235
0.231
0.207
0.219062
0.206088
0.225662
0.202899
0.221889
0.1994
0.231269
0.1765
0.0055
0.265102
0.235382
0.225
0.219
0.2365
0.187812
0.163
0.196206
0.192308
0.218
0.245877
0.1675
0.241
0.202197
0.217891
0.266
0.212894
0.21
0.227273
0.247876
0.214893
0.235382
0.227772
0.223388
0.2035
0.2095
0.258371
0.251374
0.198401
0.252374
0.228044
0.2445
0.249375
0.0109945
0.2105
0.0114943
0.261869
0.215892
0.236382
0.2495
0.238143
0.224775
0.241018
0.255
0.224164
0.265867
0.0174825
0.236146
0.1994
0.2305
0.255245
0.228771
0.2445
0.243135
0.210895
0.1825
0.236382
0.24038
0.253247
0.203898
0.227886
0.146707
0.211289
0.1965
0.169331
0.198302
0.2445
0.194209
0.249626
0.2255
0.225
0.256743
0.211289
0.00699301
0.265102
0.267866
0.222389
0.1975
0.2125
0.208
0.2685
0.2465
0.2415
0.24088
0.229885
0.235
0.254
0.223388
0.232036
0.1945
0.208292
0.18
0.013993
0.2305
0.2001
0.212894
0.0195
0.212
0.21939
0.232268
0.2085
0.2175
0.266367
0.22028
0.182909
0.193903
0.2535
0.244878
0.209
0.2595
0.16675
0.270594
0.22017
0.1845
0.2355
0.232884
0.26
0.217782
0.261738
0.1935
0.192711
0.2325
0.197901
0.202197
0.2085
0.221778
0.2445
0.226773
0.250375
0.0085
0.190809
0.18981
0.199
0.213893
0.227273
0.108946
0.2305
0.224388
0.201098
0.2715
0.185
0.232884
0.007996
0.216892
0.238262
0.2425
0.215892
0.233
0.2375
0.218391
0.262
0.172414
0.178411
0.185629
0.249251
0.227273
0.273
0.1935
0.228886
0.228386
0.215392
0.229156
0.255
0.250749
0.190025
0.249375
0.283858
0.195
0.221
0.256372
0.2575
0.177
0.1994
0.0149925
0.213
0.225
0.213287
0.2385
0.265235
0.229
0.224888
0.237644
0.1685
0.226274
0.215392
0.243878
0.23
0.163918
0.247876
0.239
0.237644
0.282218
0.249
0.244878
0.251874
0.211
0.198
0.232884
0.211894
0.232152
0.233267
0.193903
0.011
0.16983
0.046
0.194306
0.198401
0.172414
0.202899
0.221778
0.206397
0.226773
0.222
0.235147
0.171414
0.24088
0.2385
0.1975
0.1805
0.2095
0.23938
0.190025
0.206191
0.234266
0.212681
0.215285
0.172414
0.270594
0.0224888
0.221889
0.251374
0.230885
0.0174825
0.248
0.196803
0.188
0.203694
0.2435
0.271093
0.266
0.172328
0.207792
0.2235
0.265734
0.236382
0.231
0.203398
0.0025
0.204591
0.2505
0.231153
0.182409
0.210789
0.0075
0.2305
0.00949525
0.2255
0.249126
0.211
0.215285
0.0115
0.218781
0.2135
0.012
