0.108946
0.0825
0.147926
0.1345
0.0995
0.0935
0.1835
0.132434
0.0509745
0.126873
0.146427
0.1625
0.150925
0.133433
0.006
0.156843
0.0194708
0.175
0.1395
0.141858
0.11
0.0194903
0.154845
0.141787
0.141429
0.150849
0.139
0.147926
0.187906
0.167
0.137793
0.134433
0.141787
0.133933
0.170915
0.1325
0.151697
0.0174913
0.186221
0.11
0.105447
0.113443
0.1605
0.128
0.1985
0.17324
0.0255
0.133433
0.1085
0.0985
0.172741
0.1595
0.171
0.146427
0.149925
0.161596
0.158841
0.159182
0.17991
0.119381
0.204398
0.0914543
0.172741
0.157421
0.139
0.190905
0.179231
0.205897
0.181228
0.169
0.0075
0.0129935
0.115942
0.169
0.119381
0.188811
0.023
0.19
0.130305
0.007
0.108782
0.00549451
0.12987
0.0324675
0.139
0.00749625
0.119321
0.192308
0.132236
0.00799201
0.154845
0.216
0.1315
0.0145
0.0799201
0.1325
0.1485
0.00749625
0.176412
0.123938
0.132236
0.11
0.168
0.144
0.0914543
0.0174651
0.1485
0.162419
0.0164918
0.0114943
0.1285
0.1395
0.122378
0.1205
0.208687
0.0144928
0.118881
0.0823764
0.00798403
0.138
0.01
0.1595
0.204398
0.133933
0.196
0.162675
0.126873
0.13943
0.102346
0.138362
0.14
0.1065
0.169
0.0839161
0.1585
0.196
0.0274863
0.0995
0.117
0.123876
0.0109945
0.133866
0.130935
0.168747
0.137793
0.177411
0.148
0.17941
0.154423
0.15
0.1815
0.0209895
0.135796
0.17991
0.17941
0.178411
0.139
0.005997
0.1125
0.122939
0.0175
0.154423
0.147926
0.188906
0.025
0.147926
0.184224
0.016
0.149925
0.166917
0.0369815
0.16517
0.176912
0.00449326
0.015984
0.0838742
0.188811
0.1985
0.143928
0.0549451
0.194
0.155844
0.1455
0.1275
0.123
0.108446
0.156344
0.156922
0.0145
0.0204795
0.15
0.224
0.1285
0.151
0.173739
0.174651
0.00449326
0.0234765
0.166
0.00898652
0.152
0.14043
0.01
0.0914543
0.14093
0.0075
0.1635
0.1225
0.0913174
0.175824
0.16026
0.109945
0.036
0.215
0.185407
0.0409795
0.1565
0.0354291
0.141787
0.024975
0.0145
0.148352
0.158
0.0729635
0.1365
0.0104948
0.150425
0.142429
0.153616
0.143428
0.153923
0.131
0.0165
0.00949051
0.17033
0.145927
0.013
0.161419
0.146281
0.00449775
0.1255
0.149
0.152
0.017982
0.0405
0.0154768
0.00949525
0.106
0.121318
0.162095
0.134433
0.148
0.178732
0.00699301
0.00999001
0.121318
0.0794603
0.162419
0.172827
0.143856
0.009995
0.155
0.108446
0.007
0.16983
0.0274451
0.187812
0.0189715
0.125437
0.122317
0.17
0.142857
0.0164835
0.013
0.166584
0.0844578
0.17
0.1465
0.216
0.160759
0.176912
0.173
0.192308
0.011982
0.1455
0.17324
0.147
0.108446
0.0529735
0.158421
0.130739
0.072
0.1025
0.127309
0.235764
0.017
0.0914543
0.156843
0.138
0.133933
0.112
0.022
0.124438
0.1445
0.163836
0.156422
0.177733
0.0129935
0.15992
0.144855
0.1625
0.0294264
0.181
0.155345
0.1505
0.185814
0.0209895
0.126437
0.137931
0.179
0.089955
0.133
0.151772
0.104
0.093
0.141
0.028971
0.178411
0.18041
0.175
0.0405
0.159
0.172655
0.134299
0.166
0.00948104
0.151424
0.0255
0.1285
0.1575
0.175824
0.188811
0.0144855
0.138431
0.1805
0.118
0.134933
0.12044
0.207
0.159182
0.0194903
0.158342
0.158342
0.0469296
0.0974026
0.11944
0.092
0.146281
0.158342
0.150849
0.0144855
0.017982
0.127309
0.1445
0.124376
0.152847
0.121318
0.138224
0.129805
0.185407
0.012
0.15
0.166584
0.0824588
0.01
0.130435
0.1115
0.152924
0.143
0.143928
0.140859
0.151
0.0394803
0.175824
0.1725
0.147778
0.0798403
0.1685
0.00798403
0.124438
0.1205
0.129435
0.1235
0.1805
0.172741
0.1025
0.1502
0.153923
0.156344
0.159261
0.175736
0.114
0.1765
0.1615
0.1415
0.0224775
0.0915
0.121439
0.0334498
0.1485
0.0724638
0.136932
0.1385
0.187406
0.133
0.147279
0.18672
0.15
0.1325
0.1465
0.0834583
0.121756
0.143928
0.192308
0.15611
0.112944
0.163836
0.1495
0.1565
0.103293
0.1455
0.185
0.165751
0.139
0.144428
0.151424
0.111944
0.15519
0.179231
0.121756
0.137
0.161
0.01
0.045977
0.17991
0.0049975
0.175824
0.162338
0.176735
0.165417
0.102897
0.194403
0.1595
0.13
0.0114828
0.1245
0.151924
0.1555
0.1465
0.17982
0.15992
0.0284858
0.139
0.155422
0.202399
0.0185
0.1435
0.171828
0.148352
0.147279
0.1735
0.1225
0.0184815
0.102449
0.1765
0.15942
0.122816
0.0764618
0.115942
0.069965
0.0955
0.170915
0.117941
0.0778443
0.0174651
0.141288
0.120259
0.118441
0.187812
0.015
0.181228
0.0924538
0.006
0.022
0.1545
0.0828343
0.129935
0.0918622
0.1415
0.128436
0.128
0.196705
0.0274588
0.144356
0.142
0.195804
0.189405
0.161419
0.145427
0.129
0.130435
0.0309845
0.150849
0.0989011
0.144356
0.182909
0.00799201
0.112944
0.132
0.135297
0.063
0.00549176
0.15992
0.004
0.1495
0.166917
0.136296
0.1595
0.122439
0.0164918
0.1395
0.1445
0.112944
0.181909
0.141
0.1105
0.0729635
0.172328
0.0369815
0.137
0.0314843
0.147426
0.155
0.168747
0.1185
0.1575
0.005
0.161838
0.00849575
0.18023
0.177822
0.1215
0.127
0.0405
0.175912
0.159
0.132368
0.0149925
0.178411
0.176912
0.125
0.1605
0.196705
0.168916
0.0175
0.183
0.048
0.138931
0.1545
0.1345
0.132368
0.198702
0.139
0.113943
0.171914
0.137363
0.147
0.075
0.00748503
0.170915
0.130435
0.1295
0.2
0.152847
0.176412
0.135932
0.185
0.1835
0.0115
0.0505
0.1345
0.174913
0.0214893
0.139
0.144855
0.170659
0.0574713
0.153347
0.033983
0.2
0.129371
0.186
0.184224
0.162419
0.144356
0.161258
0.148777
0.146927
0.201399
0.1385
0.160839
0.1455
0.131934
0.117823
0.12094
0.157
0.192404
0.1215
0.1675
0.173913
0.185407
0.134433
0.165417
0.143428
0.021
0.176412
0.136296
0.00848727
0.0259481
0.0274451
0.1535
0.094
0.125937
0.0354291
0.184408
0.167249
0.175
0.143428
0.022
0.183
0.00698254
0.13
0.137
0.133
0.1515
0.176236
0.116442
0.145927
0.196902
0.124438
0.1445
0.144212
0.114386
0.007
0.020979
0.113
0.114
0.153
0.2035
0.150425
0.159
0.216
0.1635
0.107838
0.153
0.206793
0.174913
0.108392
0.193613
0.1205
0.128
0.133933
0.1565
0.155422
0.188312
0.1705
0.155
0.194403
0.0259481
0.150774
0.1295
0.106
0.071
0.1545
0.117441
0.151
0.095357
0.144428
0.0525
0.109945
0.155267
0.13943
0.172827
0.133
0.12032
0.127808
0.163
0.16092
0.0634049
0.15942
0.110945
0.0715
0.0994503
0.141
0.130435
0.111832
0.2
0.139
0.124438
0.147206
0.1195
0.1075
0.154423
0.117383
0.207378
0.150425
0.1505
0.153423
0.153923
0.156843
0.1205
0.172414
0.15
0.144
0.1055
0.017982
0.112944
0.0764618
0.1135
0.111
0.137931
0.124376
0.119
0.117941
0.00949525
0.164835
0.145927
0.0435
0.191712
0.147353
0.123876
0.185
0.162
0.0085
0.00848727
0.109945
0.167416
0.162
0.162
0.144356
0.172414
0.150425
0.07996
0.17941
0.14093
0.16092
0.181409
0.0255
0.161757
0.142857
0.141288
0.159182
0.1465
0.0405
0.150425
0.164254
0.0069965
0.16042
0.201299
0.1285
0.144356
0.0995
0.108392
0.0255
0.128372
0.1385
0.160839
0.173327
0.0114828
0.1425
0.153
0.156922
0.152
0.1245
0.1635
0.161
0.144928
0.123938
0.103896
0.0114943
0.17941
0.142
0.147
0.169
0.155422
0.124
0.0334331
0.1385
0.163337
0.192404
0.0214893
0.186813
0.1535
0.144711
0.14022
0.139
0.0984508
0.005997
0.1125
0.12044
0.1675
0.102346
0.1175
0.141
0.123938
0.195414
0.138431
0.0934066
0.166417
0.0109945
0.121878
0.0149775
0.0803794
0.1555
0.184408
0.121878
0.013986
0.144
0.159
0.129371
0.138
0.0778443
0.178821
0.155922
0.127309
0.0145
0.148926
0.1605
0.00799201
0.12044
0.00899101
0.177733
0.0329506
0.017
0.0988024
0.150774
0.1815
0.188
0.1495
0.0149925
0.151
0.1325
0.1395
0.1395
0.0915
0.17941
0.210185
0.009995
0.015
0.0234765
0.148777
0.169915
0.0244755
0.122877
0.1285
0.025
0.00549176
0.0814186
0.117823
0.175824
0.154423
0.027
0.189405
0.175912
0.149925
0.173413
0.114943
0.170659
0.0405
0.191904
0.143428
0.162919
0.05
0.00698952
0.149276
0.166334
0.1395
0.0325
0.0164918
0.183317
0.1205
0.164336
0.017982
0.0989011
0.0114943
0.146927
0.193307
0.00698254
0.14093
0.152847
0.1465
0.108392
0.118
0.154423
0.128436
0.122939
0.1245
0.0314685
0.126873
0.1765
0.146281
0.166917
0.139
0.184408
0.15976
0.145355
0.1675
0.075962
0.015
0.144928
0.145854
0.197
0.131934
0.141
0.1515
0.138931
0.087
0.127436
0.121878
0.137931
0.119
0.2095
0.0144928
0.163
0.203195
0.175649
0.112944
0.167333
0.118
0.071
0.124251
0.166917
0.166417
0.153923
0.161
0.0174651
0.00799201
0.102449
0.170915
0.00898652
0.142
0.191426
0.146281
0.00549176
0.04
0.1725
0.144356
0.00949525
0.0484032
0.1395
0.00899101
0.075
0.1775
0.1675
0.0109945
0.193403
0.131
0.0124938
0.123876
0.159
0.141858
0.118
0.137
0.152
0.144
0.1075
0.114
0.148777
0.137931
0.172827
0.160759
0.0385
0.0164918
0.1445
0.162176
0.1955
0.139
0.0254745
0.0165
0.1465
0.146427
0.131303
0.171414
0.124314
0.013986
0.0315
0.1625
0.137
0.17941
0.152924
0.156422
0.0984016
0.143856
0.135796
0.1535
0.1775
0.128
0.1385
0.14022
0.155844
0.00549451
0.12044
0.130935
0.00949051
0.019
0.0085
0.0814186
0.145427
0.033
0.141
0.167333
0.069965
0.182909
0.156843
0.0839161
0.008
0.0334498
0.1235
0.186
0.0145
0.0149775
0.15992
0.132934
0.1505
0.00699301
0.1605
0.139
0.193613
0.184316
0.147353
0.0144855
0.166667
0.1675
0.092
0.146281
0.188906
0.1175
0.026
0.143428
0.0085
0.119381
0.13
0.174651
0.165
0.006
0.183
0.15976
0.16983
0.1585
0.144928
0.147279
0.162919
0.198702
0.206983
0.0109945
0.163255
0.130739
0.179231
0.173
0.1215
0.148352
0.0154691
0.135932
0.1285
0.102346
0.0824588
0.15942
0.089
0.128
0.152
0.144212
0.00799201
0.121878
0.04
0.1155
0.109445
0.155422
0.14022
0.2035
0.161838
0.131303
0.0294558
0.107
0.124438
0.133866
0.094
0.098
0.128436
0.01
0.12
0.164835
0.0144855
0.196803
0.11982
0.00699301
0.141359
0.0169915
0.138
0.195414
0.00848727
0.017982
0.0394605
0.0114885
0.1535
0.153846
0.14043
0.161757
0.132
0.1735
0.150925
0.0194903
0.11944
0.175649
0.159
0.14
0.138431
0.110834
0.129
0.123938
0.15
0.009995
0.12987
0.0255
0.114828
0.205
0.00947631
0.152847
0.1715
0.095
0.147926
0.107393
0.175912
0.14015
0.153923
0.188906
0.152847
0.130435
0.126937
0.15519
0.026
0.1875
0.0834583
0.131238
0.127309
0.108
0.145
0.152771
0.1485
0.171243
0.069
0.129
0.134865
0.049
0.135796
0.167916
0.129242
0.176412
0.1205
0.072
0.15
0.138224
0.115442
0.010978
0.102949
0.0465
0.0085
0.00549451
0.0715
0.1425
0.149925
0.204
0.01
0.147206
0.121318
0.157842
0.039
0.15
0.1045
0.177
0.186
0.145927
0.167333
0.151424
0.148777
0.0995
0.175912
0.117941
0.126873
0.156344
0.103293
0.170659
0.161
0.1985
0.1465
0.162419
0.1145
0.1635
0.0124938
0.133866
0.00699301
0.152
0.0075
0.1055
0.0224775
0.015
0.115942
0.1585
0.196902
0.0934066
0.0129935
0.132934
0.135796
0.00949051
0.167
0.005
0.0935
0.05
0.139
0.1985
0.182909
0.0505
0.161919
0.205295
0.162419
0.00947631
0.013986
0.145563
0.14093
0.128936
0.1285
0.1455
0.162419
0.158
0.149351
0.154768
0.181727
0.115442
0.005
0.0435
0.122877
0.149
0.1255
0.1535
0.01
0.1715
0.172741
0.0254745
0.017982
0.0235
0.0109945
0.160839
0.128436
0.173739
0.216
0.148926
0.146927
0.147426
0.162176
0.0185
0.1225
0.120259
0.181818
0.138931
0.145355
0.141359
0.0194903
0.0194903
0.137294
0.130869
0.14022
0.036
0.16
0.190905
0.120259
0.143784
0.118941
0.141359
0.051
0.0434348
0.093
0.1485
0.022
0.176735
0.16042
0.135
0.155
0.168
0.15992
0.157842
0.10684
0.013
0.1755
0.00848727
0.0049975
0.109945
0.125
0.139361
0.1645
0.127436
0.075
0.089
0.146281
0.0934066
0.0834583
0.1605
0.112887
0.166917
0.152
0.12038
0.00949525
0.098
0.0114885
0.207378
0.165
0.036
0.03
0.180729
0.141
0.172655
0.0913174
0.00649675
0.0554169
0.176735
0.125
0.1475
0.1545
0.095
0.1525
0.165834
0.153923
0.186907
0.151848
0.148
0.0115
0.18041
0.203796
0.149276
0.171243
0.156422
0.163
0.145854
0.11994
0.079
0.175736
0.1045
0.187
0.0574713
0.158762
0.103896
0.152771
0.0214893
0.162419
0.139
0.181409
0.1705
0.1725
0.1655
0.1175
0.2145
0.148926
0.18345
0.00349825
0.027972
0.16026
0.142429
0.112887
0.193
0.168
0.1535
0.138
0.0879121
0.175325
0.0284715
0.1355
0.0255
0.17033
0.01
0.129371
0.113217
0.202899
0.0045
0.071
0.161919
0.027
0.175
0.0114885
0.1998
0.187313
0.13
0.191904
0.1325
0.1215
0.177822
0.093
0.0314843
0.082
0.138431
0.172827
0.177
0.0799201
0.141
0.0284715
0.171828
0.15
0.143784
0.169331
0.121878
0.1515
0.185907
0.033
0.0089955
0.169331
0.141787
0.105447
0.110445
0.176412
0.128936
0.083
0.0469296
0.1065
0.186907
0.12044
0.175912
0.121939
0.0055
0.158762
0.171329
0.112388
0.14
0.135
0.0284715
0.1235
0.119321
0.156922
0.152424
0.0914543
0.0365
0.0149925
0.135432
0.15992
0.118881
0.103
0.093
0.1525
0.1235
0.0399401
0.2145
0.129741
0.147926
0.12987
0.1565
0.0694653
0.128372
0.183
0.151924
0.146927
0.128
0.135
0.127309
0.158
0.129435
0.152
0.195
0.196705
0.2
0.113943
0.144356
0.00748503
0.1215
0.13
0.138
0.0109835
0.014
0.132934
0.153923
0.143
0.012
0.11944
0.11994
0.1485
0.133733
0.1665
0.00599401
0.1785
0.150925
0.150425
0.1705
0.008
0.137363
0.151
