0.169415
0.164418
0.155844
0.182
0.175412
0.0135
0.191309
0.21
0.122939
0.194611
0.034
0.170829
0.178
0.0115
0.083
0.0195
0.153423
0.184908
0.204398
0.206897
0.188906
0.0049975
0.00849575
0.1555
0.17515
0.197605
0.1585
0.163418
0.155766
0.174913
0.1705
0.177556
0.141
0.204898
0.01
0.1165
0.143214
0.1895
0.161258
0.0509745
0.122754
0.17991
0.157
0.175912
0.1825
0.117
0.014
0.12044
0.126873
0.165917
0.181909
0.1875
0.184908
0.145282
0.141359
0.0055
0.191213
0.186221
0.106447
0.123377
0.12044
0.145
0.1695
0.111389
0.031984
0.193307
0.178411
0.1575
0.148
0.1725
0.0404393
0.22
0.145355
0.201
0.182409
0.226048
0.155922
0.191
0.195609
0.204898
0.154845
0.00649675
0.147926
0.0105
0.144356
0.178
0.206397
0.1745
0.0124938
0.152542
0.159
0.1695
0.177556
0.157264
0.18513
0.153846
0.108446
0.0244511
0.166
0.1725
0.155922
0.147426
0.155689
0.1265
0.1705
0.091954
0.1435
0.1485
0.143428
0.136432
0.1705
0.1505
0.128
0.140859
0.205794
0.126873
0.144
0.170915
0.1965
0.134
0.178911
0.144284
0.2265
0.184408
0.151424
0.165
0.158342
0.1575
0.00848727
0.2025
0.209895
0.158
0.116442
0.192
0.0249626
0.13986
0.173
0.1395
0.027
0.156
0.195207
0.162
0.141717
0.1915
0.154423
0.154423
0.17324
0.167416
0.1705
0.185
0.123
0.141858
0.221389
0.156
0.0195
0.106447
0.106394
0.14036
0.190405
0.042
0.164918
0.18041
0.161419
0.1335
0.018
0.169
0.1655
0.0344655
0.103448
0.1555
0.158921
0.1675
0.149
0.174239
0.152272
0.18041
0.185
0.144356
0.1475
0.183908
0.0155
0.0778832
0.164
0.206294
0.13037
0.146
0.154
0.2002
0.134366
0.00898204
0.015984
0.182
0.198302
0.188623
0.1855
0.1215
0.177556
0.1725
0.00849151
0.129
0.142
0.145
0.180819
0.111444
0.148
0.0104948
0.008
0.178411
0.209895
0.182817
0.146
0.171
0.1395
0.17982
0.1615
0.2235
0.1265
0.152
0.0768847
0.169
0.1965
0.156266
0.171329
0.197401
0.02
0.174413
0.154
0.131434
0.1415
0.153769
0.2002
0.173413
0.142
0.0689655
0.18513
0.141288
0.1285
0.182
0.177733
0.16042
0.1815
0.091
0.172156
0.1455
0.00649026
0.206397
0.141858
0.011976
0.133367
0.114943
0.091
0.151
0.149626
0.175412
0.1385
0.0344483
0.095952
0.198
0.031984
0.184132
0.1605
0.0284715
0.1215
0.170829
0.031968
0.171914
0.1345
0.1955
0.1165
0.163337
0.178821
0.1475
0.171329
0.146427
0.174651
0.152
0.166251
0.206
0.009
0.1465
0.167916
0.181228
0.206
0.175237
0.138861
0.152348
0.13
0.1999
0.135864
0.1635
0.167
0.0249626
0.146927
0.171329
0.0825
0.188218
0.137
0.00949525
0.128244
0.107892
0.159681
0.145927
0.1425
0.116442
0.188
0.1215
0.107892
0.204693
0.177911
0.1825
0.175912
0.031984
0.00997506
0.1335
0.0134933
0.133367
0.169246
0.1635
0.154768
0.144855
0.157921
0.143428
0.0044955
0.126937
0.152695
0.136
0.1575
0.178411
0.176412
0.0645
0.158762
0.161419
0.155267
0.133
0.01
0.0274863
0.142857
0.166417
0.143928
0.1455
0.143
0.173913
0.0114943
0.108837
0.147206
0.173739
0.1705
0.141
0.176912
0.181909
0.187406
0.191022
0.1525
0.141929
0.1335
0.131934
0.209895
0.184408
0.182817
0.156922
0.0105
0.153
0.1475
0.0265
0.172414
0.057
0.228158
0.138362
0.13986
0.0165
0.184408
0.1735
0.157921
0.189905
0.1625
0.1485
0.0335
0.178411
0.00949525
0.182
0.161
0.172328
0.1315
0.1985
0.1675
0.160839
0.1735
0.193903
0.053
0.210895
0.0149775
0.1775
0.14985
0.144
0.119
0.1825
0.147206
0.184408
0.1575
0.0184908
0.053
0.168831
0.16042
0.00649026
0.191309
0.031984
0.132
0.183908
0.145927
0.172914
0.181319
0.0254491
0.1385
0.177733
0.1245
0.188
0.228158
0.118382
0.00949051
0.0055
0.017
0.123377
0.144711
0.184
0.1735
0.194708
0.0105
0.228386
0.202
0.1365
0.137363
0.156
0.115327
0.0114885
0.185
0.172328
0.181727
0.1635
0.130869
0.185407
0.153769
0.117441
0.2105
0.0654673
0.182409
0.191
0.164589
0.151924
0.141929
0.133
0.1575
0.122754
0.205
0.036
0.135365
0.117441
0.204398
0.1245
0.164918
0.189
0.153347
0.00349476
0.176236
0.13993
0.156422
0.184132
0.166917
0.191
0.014
0.156422
0.208687
0.0134865
0.171414
0.169745
0.155844
0.172741
0.114
0.171329
0.172414
0.151924
0.1845
0.195402
0.181909
0.1625
0.149276
0.1875
0.1395
0.0085
0.1495
0.024
0.169246
0.141929
0.0954046
0.0244389
0.1605
0.184224
0.189715
0.172
0.188312
0.0904548
0.1675
0.00747757
0.170915
0.178732
0.1695
0.2045
0.14985
0.17941
0.1785
0.032
0.185407
0.112944
0.1635
0.159182
0.143428
0.162419
0.0144855
0.168831
0.150425
0.133
0.1495
0.14043
0.175912
0.168
0.162
0.179
0.151
0.164589
0.0919081
0.17033
0.150425
0.147778
0.1555
0.15942
0.184631
0.073
0.008
0.177733
0.157343
0.163418
0.191
0.2255
0.205691
0.178411
0.165917
0.193307
0.171914
0.144284
0.173154
0.162419
0.0129935
0.206793
0.155
0.1215
0.121
0.156
0.188312
0.161
0.0044955
0.173327
0.00499251
0.18981
0.206
0.173327
0.1165
0.194708
0.204693
0.1975
0.183
0.147426
0.106
0.182817
0.155
0.186407
0.178821
0.0215
0.1994
0.178322
0.1475
0.155
0.1525
0.164918
0.166
0.00849151
0.187313
0.157921
0.1815
0.185629
0.151198
0.10045
0.120758
0.177411
0.1465
0.106394
0.161419
0.157421
0.187
0.106
0.1365
0.138431
0.1365
0.149626
0.179321
0.1145
0.154269
0.181727
0.172328
0.172328
0.0174913
0.1715
0.146135
0.172328
0.166
0.1675
0.1585
0.0124875
0.017
0.154269
0.191213
0.1315
0.157
0.139
0.162419
0.162837
0.217891
0.1575
0.0768847
0.1995
0.13993
0.165
0.16675
0.168831
0.21029
0.1475
0.1775
0.156422
0.0114885
0.17033
0.155
0.147426
0.183908
0.120879
0.0115
0.116442
0.144428
0.144
0.1545
0.0249626
0.0963074
0.184408
0.1775
0.13986
0.1165
0.129
0.191712
0.178411
0.17515
0.201399
0.188811
0.057
0.0389416
0.1545
0.14985
0.188
0.124938
0.0085
0.174152
0.177
0.2085
0.177
0.168831
0.178322
0.187406
0.182
0.1535
0.1765
0.168
0.153347
0.128
0.117
0.164918
0.120879
0.1565
0.111389
0.1625
0.136
0.01
0.0265
0.190405
0.126937
0.113
0.113829
0.200399
0.18672
0.146
0.144284
0.1395
0.0989505
0.150275
0.138
0.158342
0.141
0.2075
0.154423
0.176412
0.193903
0.133367
0.185407
0.127246
0.1865
0.1875
0.155922
0.125811
0.134433
0.166417
0.146
0.158762
0.106
0.154423
0.141429
0.183908
0.196
0.178911
0.132
0.155345
0.0244511
0.121
0.132434
0.172914
0.091954
0.173327
0.1415
0.145355
0.1475
0.154346
0.1395
0.152847
0.1705
0.1565
0.146
0.119
0.1845
0.173913
0.164
0.148
0.0115
0.1495
0.170829
0.173413
0.1795
0.151924
0.166917
0.1575
0.145427
0.158
0.17991
0.1795
0.146427
0.162419
0.1735
0.167416
0.0594406
0.179
0.01
0.1585
0.0654673
0.142929
0.154423
0.185407
0.2125
0.12987
0.106394
0.175325
0.1245
0.137294
0.177
0.143856
0.182409
0.153923
0.008
0.1455
0.138431
0.1335
0.1985
0.005997
0.0455
0.1215
0.0409386
0.197802
0.1705
0.152847
0.148352
0.186314
0.007
0.198603
0.162257
0.1735
0.127745
0.105447
0.1965
0.208896
0.013
0.188906
0.15327
0.144428
0.175237
0.1535
0.0674326
0.154845
0.124938
0.148
0.163418
0.179
0.201697
0.142857
0.176412
0.124875
0.0105
0.182
0.152847
0.1585
0.010989
0.145927
0.127246
0.0089955
0.160839
0.175
0.1715
0.162095
0.155422
0.1625
0.154768
0.166251
0.200399
0.2125
0.171914
0.1705
0.157421
0.10989
0.177
0.142287
0.10989
0.182409
0.145282
0.2015
0.172414
0.197605
0.162419
0.1575
0.173413
0.172328
0.12987
0.175237
0.0154923
0.1715
0.144
0.176912
0.125811
0.0989505
0.0055
0.117441
0.168
0.2025
0.191
0.0689655
0.181909
0.1575
0.1825
0.143928
0.137725
0.17991
0.17
0.204898
0.163673
0.017991
0.1805
0.22089
0.005997
0.135864
0.1245
0.166
0.192308
0.155922
0.004
0.174413
0.031968
0.1375
0.15
0.16042
0.191213
0.177733
0.191904
0.0105
0.00897756
0.106893
0.1875
0.1555
0.187
0.182726
0.129435
0.008
0.185
0.170829
0.1655
0.017991
0.161419
0.1855
0.1575
0.1985
0.204898
0.117383
0.1555
0.00747757
0.0879121
0.143713
0.146853
0.201697
0.2065
0.125937
0.2065
0.167
0.1465
0.0175
0.19031
0.194708
0.140859
0.1165
0.201798
0.125811
0.182409
0.162419
0.0244511
0.184815
0.108837
0.164
0.1755
0.0768847
0.163337
0.178732
0.144
0.128871
0.1745
0.1985
0.0385
0.178911
0.169415
0.1705
0.157921
0.00349476
0.0135
0.164
0.016
0.147778
0.183408
0.0089955
0.147
0.172
0.167333
0.00899101
0.161419
0.177411
0.1495
0.1525
0.175325
0.193903
0.1675
0.174825
0.010989
0.186
0.1855
0.0998502
0.0174825
0.186221
0.143928
0.0274863
0.1655
0.16
0.162
0.216
0.1745
0.149351
0.167
0.154
0.107946
0.0264868
0.138
0.194805
0.135932
0.1285
0.165417
0.145427
0.141858
0.122439
0.0154923
0.141
0.1525
0.183225
0.173
0.151122
0.1455
0.187906
0.168
0.157685
0.1705
0.00848303
0.152348
0.162419
0.18981
0.154845
0.15
0.136
0.156922
0.1445
0.18
0.175237
0.13986
0.1735
0.136932
0.154
0.031984
0.190405
0.166
0.144
0.01
0.008
0.182409
0.162419
0.16034
0.149202
0.00849151
0.170915
0.0175
0.168
0.0385
0.188312
0.172156
0.1595
0.146427
0.192404
0.176
0.18
0.170415
0.179
0.196902
0.164753
0.1535
0.106947
0.170245
0.188
0.125937
0.0104948
0.195402
0.1985
0.169745
0.0385
0.18
0.083
0.17
0.167832
0.1705
0.1345
0.135365
0.144428
0.01
0.00799201
0.182409
0.159601
0.172827
0.005997
0.154
0.0124688
0.126
0.195402
0.164
0.169246
0.166833
0.161
0.165335
0.154423
0.152
0.133433
0.182227
0.210789
0.1725
0.114943
0.174326
0.141858
0.117383
0.1545
0.167
0.187812
0.163255
0.177146
0.14
0.034
0.0135
0.143784
0.1265
0.1825
0.176236
0.167333
0.176324
0.162419
0.1535
0.136
0.172827
0.193903
0.0194708
0.175325
0.0249875
0.1915
0.181409
0.178643
0.179
0.167916
0.1535
0.073
0.130305
0.1685
0.0124875
0.1715
0.153347
0.167
0.087956
0.162419
0.148851
0.0174913
0.18
0.1525
0.1495
0.198
0.1855
0.147852
0.009
0.211183
0.163836
0.1955
0.17973
0.13986
0.024
0.161919
0.157921
0.133367
0.1665
0.042
0.196402
0.196
0.187906
0.1975
0.1855
0.2075
0.157
0.165917
0.138
0.0249875
0.144356
0.188
0.138362
0.0164835
0.148851
0.171329
0.173
0.1335
0.1545
0.15976
0.162419
0.167
0.191213
0.138
0.121
0.1735
0.169415
0.176
0.171414
0.196402
0.154845
0.105447
0.211
0.161
0.053
0.187406
0.14036
0.1805
0.189715
0.161677
0.173327
0.168831
0.166251
0.138
0.1365
0.176912
0.1385
0.152695
0.0144928
0.1655
0.10989
0.0089955
0.124438
0.158342
0.184224
0.171243
0.089366
0.1455
0.1525
0.152
0.172
0.0748877
0.190405
0.1795
0.15942
0.189216
0.173
0.1495
0.155844
0.1375
0.116326
0.012
0.1475
0.152542
0.155689
0.176412
0.0823764
0.0174825
0.1495
0.10045
0.1635
0.168747
0.195402
0.155
0.155844
0.171742
0.2125
0.1605
0.121318
0.133367
0.152
0.198
0.178
0.1865
0.1535
0.00999001
0.133866
0.125
0.115442
0.0325
0.135864
0.1385
0.16042
0.162837
0.170915
0.1915
0.2015
0.121939
0.199102
0.15976
0.193403
0.1895
0.193403
0.0249875
0.1375
0.1625
0.1765
0.198603
0.167416
0.196402
0.134
0.197703
0.126873
0.157186
0.146354
0.154
0.156344
0.2005
0.10045
0.162419
0.118
0.153769
0.132434
0.17
0.185315
0.0504748
0.0175
0.057
0.1305
0.1735
0.091954
0.0235
0.0115
0.211
0.201399
0.147778
0.079
0.0605
0.188312
0.141359
0.1595
0.176
0.18032
0.1545
0.184408
0.181909
0.187406
0.177
0.1335
0.198
0.143214
0.117324
0.0254491
0.183408
0.154
0.145427
0.184631
0.139
0.144928
0.0089955
0.173826
0.155689
0.154346
0.137
0.1735
0.134366
0.00799201
0.1755
0.1265
0.17
0.1875
0.009995
0.1535
0.120879
0.181319
0.223665
0.1795
0.113829
0.1765
0.1585
0.178233
0.177411
0.1595
0.131934
0.158
0.145927
0.194
0.146927
0.158762
0.0055
0.141288
0.0135
0.132
0.0065
0.14985
0.175237
0.135932
0.1875
0.189905
0.183
0.166833
0.106947
0.1365
0.196
0.154
0.155
0.123438
0.15035
0.162419
0.172741
0.188
0.12044
0.1975
0.16
0.15942
0.1615
0.183225
0.2365
0.179
0.015984
0.14043
0.122439
0.144356
0.1765
0.166833
0.01
0.155
0.194
0.041
0.0254491
0.142216
0.184908
0.0284715
0.0249626
0.1675
0.193307
0.155
0.1785
0.1415
0.201697
0.182409
0.135864
0.144428
0.00849575
0.18023
0.168332
0.171329
0.00949051
0.170829
0.0235
0.18513
0.0174825
0.142929
0.0585
0.182318
0.187906
0.16
0.191213
0.159
0.172
0.178911
0.1655
0.186314
0.186221
0.177411
0.0455
0.1625
0.206294
0.1625
0.13
0.124938
0.1905
0.106893
0.196206
0.188312
0.0963074
0.1555
0.095952
0.00899101
0.0244511
0.123377
0.141
0.185
0.177
0.2105
0.1055
0.1575
0.158421
0.1675
0.145427
0.161677
0.171329
0.15976
0.173
0.15942
0.0205
0.178911
0.182
0.172914
0.138362
0.1475
0.0284715
0.171329
0.150425
0.042
0.023
0.14036
0.1775
0.141929
0.146354
0.178911
0.128244
0.1555
0.175237
0.0585
0.194903
0.0174913
0.115442
0.0504748
0.0135
0.159
0.152
0.172914
0.1605
0.155922
0.0349476
0.184408
0.144928
0.146
0.0085
0.1635
0.010479
0.178643
0.181818
0.152424
0.171243
0.132434
0.165417
0.204398
0.111444
0.1245
0.138
0.163
0.0254491
0.126873
