0.212894
0.003996
0.2245
0.203898
0.270365
0.2385
0.1995
0.232268
0.2175
0.234765
0.192212
0.21939
0.230385
0.196402
0.264
0.256116
0.254
0.258
0.240898
0.219
0.1965
0.247876
0.218173
0.196705
0.260609
0.252874
0.173
0.241879
0.204194
0.179
0.2275
0.232767
0.261369
0.204398
0.257742
0.261
0.189122
0.252374
0.203195
0.175912
0.2145
0.2645
0.207792
0.261
0.2585
0.253373
0.247129
0.244
0.183317
0.235
0.234883
0.214286
0.194
0.162756
0.209082
0.232884
0.2105
0.268366
0.201399
0.215
0.22
0.24088
0.202899
0.225
0.222278
0.205
0.196705
0.207
0.1945
0.215
0.238
0.163754
0.228
0.2495
0.2004
0.2325
0.2265
0.2009
0.226
0.122439
0.263368
0.218391
0.222889
0.239521
0.234149
0.163754
0.1875
0.198203
0.2385
0.221557
0.2045
0.226161
0.1935
0.266234
0.232767
0.176412
0.217782
0.203
0.232
0.21989
0.2635
0.191808
0.218
0.020979
0.17982
0.254
0.222666
0.1685
0.213679
0.213393
0.2235
0.252374
0.2165
0.235764
0.1945
0.197802
0.23
0.0364818
0.23988
0.252248
0.0115
0.237406
0.222889
0.227159
0.0089955
0.233
0.0085
0.247
0.172914
0.2145
0.170659
0.2315
0.2565
0.283858
0.235382
0.266234
0.236882
0.255372
0.230385
0.26973
0.216783
0.226
0.198401
0.1855
0.204398
0.248376
0.253873
0.257871
0.204795
0.25025
0.206294
0.253746
0.187
0.007996
0.23
0.203898
0.208687
0.1994
0.1775
0.235147
0.261369
0.276
0.208687
0.176324
0.2585
0.237881
0.231384
0.2225
0.2045
0.00999001
0.017
0.221778
0.2445
0.228
0.21
0.0049975
0.199
0.242379
0.213287
0.238642
0.2205
0.2225
0.225
0.248627
0.21967
0.231384
0.222278
0.236264
0.2045
0.00999001
0.247
0.2225
0.199
0.233883
0.2405
0.190905
0.24088
0.197401
0.202
0.251249
0.190405
0.234
0.248376
0.222
0.208396
0.226887
0.00749625
0.217348
0.244
0.217391
0.190905
0.1997
0.203094
0.1525
0.00449102
0.181228
0.244633
0.236
0.261
0.194403
0.225774
0.224888
0.236527
0.261869
0.198401
0.213287
0.233267
0.182318
0.157
0.165252
0.1645
0.207585
0.0095
0.237381
0.206793
0.156422
0.188906
0.1685
0.248876
0.182318
0.1935
0.2345
0.1865
0.233883
0.004995
0.255744
0.251374
0.166917
0.205
0.274
0.213893
0.231884
0.213287
0.122439
0.207
0.217391
0.222
0.244378
0.218173
0.207585
0.00499251
0.1985
0.236882
0.195305
0.174413
0.2205
0.217782
0.254873
0.268597
0.2235
0.21
0.229271
0.00749251
0.22028
0.253373
0.2155
0.196402
0.232767
0.203694
0.1445
0.223888
0.201798
0.2225
0.2705
0.2115
0.221
0.1935
0.256872
0.203898
0.1755
0.276
0.22977
0.245255
0.042
0.245377
0.241517
0.225774
0.215
0.232
0.27936
0.1785
0.227431
0.165917
0.224
0.284074
0.221168
0.22977
0.212394
0.1875
0.23988
0.0325
0.219
0.238262
0.1925
0.271864
0.192212
0.042
0.191404
0.225774
0.234883
0.2055
0.220669
0.152348
0.0194805
0.209291
0.2275
0.2365
0.2405
0.2125
0.228
0.1965
0.2255
0.1755
0.1505
0.24026
0.207896
0.206397
0.203898
0.2075
0.244012
0.215392
0.2105
0.17941
0.2195
0.255744
0.1625
0.2145
0.247
0.0295
0.239641
0.250749
0.213
0.2135
0.234383
0.232
0.204
0.194
0.1855
0.2065
0.216892
0.216392
0.019
0.229156
0.177911
0.203898
0.257
0.271364
0.234383
0.1625
0.152924
0.177411
0.193403
0.191808
0.2455
0.237381
0.2665
0.0065
0.1965
0.162
0.1999
0.231384
0.2075
0.226
0.2145
0.236264
0.2305
0.218843
0.228
0.219281
0.233533
0.0049975
0.21939
0.0104895
0.226274
0.0185
0.218
0.209291
0.178233
0.196
0.2455
0.1925
0.209895
0.231
0.216
0.2355
0.262238
0.2455
0.2105
0.183908
0.230385
0.2195
0.218891
0.235647
0.203398
0.203898
0.27936
0.257742
0.2003
0.184224
0.201399
0.225
0.216783
0.189905
0.2165
0.204296
0.241758
0.2035
0.2115
0.225
0.209685
0.248128
0.0209581
0.2095
0.2455
0.2275
0.007
0.227386
0.218
0.1935
0.1985
0.204398
0.251874
0.241879
0.1865
0.216284
0.21989
0.2045
0.236
0.224888
0.216
0.254873
0.265602
0.019
0.22017
0.222278
0.252
0.2185
0.177911
0.1685
0.252747
0.264
0.216783
0.150774
0.22089
0.182909
0.225
0.181319
0.225
0.234765
0.012
0.226274
0.2495
0.159
0.1505
0.210789
0.24038
0.232
0.227886
0.234
0.205897
0.243878
0.176912
0.2255
0.21
0.0075
0.179
0.201299
0.2004
0.201899
0.1995
0.00649675
0.211289
0.191808
0.2455
0.1465
0.0174825
0.00749625
0.221389
0.2225
0.249126
0.2275
0.24002
0.25998
0.172414
0.215
0.194403
0.226434
0.2225
0.194403
0.213287
0.2245
0.244
0.2135
0.2045
0.208396
0.2004
0.250375
0.217891
0.260609
0.221
0.192212
0.181228
0.23976
0.246
0.2295
0.191712
0.229271
0.212894
0.217391
0.254873
0.198203
0.00849575
0.2125
0.210684
0.226
0.224888
0.289631
0.214179
0.248128
0.2555
0.2495
0.241758
0.233883
0.228
0.202899
0.27
0.236146
0.2175
0.22028
0.166917
0.176
0.255872
0.23988
0.1955
0.262737
0.1635
0.196
0.1997
0.220779
0.233267
0.250125
0.008
0.00749625
0.234
0.005
0.1955
0.2525
0.225549
0.1925
0.177411
0.208396
0.212575
0.207
0.2395
0.204693
0.25312
0.2545
0.2385
0.17991
0.234765
0.232884
0.231269
0.212182
0.239141
0.202595
0.00649026
0.225
0.226274
0.1945
0.270365
0.228657
0.242636
0.005997
0.205691
0.224888
0.252621
0.234883
0.161419
0.259241
0.225549
0.26037
0.009995
0.198801
0.230385
0.249126
0.194403
0.2295
0.247
0.217283
0.213
0.227159
0.235265
0.197802
0.042
0.243756
0.168248
0.236264
0.207896
0.207792
0.191712
0.262737
0.241018
0.146427
0.257
0.1845
0.238381
0.243
0.236527
0.257742
0.251874
0.244256
0.216783
0.239141
0.197
0.225774
0.243878
0.231
0.0104895
0.2225
0.186907
0.194209
0.225
0.2145
0.22028
0.205295
0.197802
0.2405
0.1965
0.2415
0.206897
0.2505
0.2375
0.241379
0.2565
0.221279
0.244511
0.16042
0.238642
0.211
0.14093
0.122439
0.206793
0.2335
0.242636
0.249126
0.2255
0.0134865
0.1765
0.220669
0.197802
0.244012
0.181
0.176912
0.184908
0.1935
0.227386
0.129805
0.244755
0.213893
0.228886
0.199301
0.199
0.213893
0.1994
0.202399
0.236527
0.2325
0.22977
0.202
0.2375
0.237881
0.23027
0.237381
0.227886
0.2275
0.187
0.227159
0.2245
0.207378
0.00549176
0.239521
0.234383
0.2045
0.22039
0.196304
0.203898
0.1965
0.234
0.203398
0.1955
0.204795
0.2035
0.229156
0.196402
0.203
0.164
0.218391
0.255872
0.21
0.216
0.2325
0.00649675
0.1945
0.22089
0.2115
0.153693
0.2105
0.208
0.194403
0.183
0.1945
0.1975
0.251249
0.153693
0.242137
0.2595
0.22017
0.2004
0.155922
0.241638
0.2009
0.184408
0.231384
0.00849575
0.234
0.183816
0.247
0.152272
0.2105
0.243878
0.256116
0.2075
0.1785
0.231884
0.2175
0.2635
0.215177
0.00549451
0.231384
0.212894
0.00749625
0.268597
0.1945
0.194
0.225774
0.227386
0.217066
0.203
0.249126
0.2275
0.2205
0.22028
0.225
0.169
0.2045
0.2685
0.1885
0.018
0.220669
0.234
0.171914
0.213786
0.193307
0.210395
0.1935
0.22977
0.252621
0.22089
0.221667
0.207896
0.1915
0.254618
0.1994
0.196
0.1999
0.247
0.217174
0.217
0.223553
0.208687
0.2075
0.208396
0.213893
0.213
0.253373
0.193307
0.238
0.161419
0.2115
0.1625
0.231
0.258741
0.239141
0.2355
0.2365
0.202
0.237144
0.212894
0.22977
0.241379
0.232384
0.00399401
0.2585
0.1945
0.0174825
0.2009
0.202899
0.2155
0.25025
0.196206
0.250875
0.224
0.173
0.217891
0.2035
0.254873
0.225387
0.206897
0.195804
0.238642
0.203398
0.230885
0.2405
0.231
0.198603
0.218391
0.244755
0.216284
0.179231
0.236382
0.206397
0.194
0.014
0.251748
0.214286
0.234383
0.212894
0.221279
0.207
0.211894
0.242137
0.236527
0.2395
0.239
0.211
0.248
0.0149775
0.227
0.212894
0.235882
0.00549725
0.269865
0.218
0.23988
0.237881
0.225662
0.221168
0.0209581
0.208687
0.1935
0.23027
0.248
0.2003
0.255744
0.2105
0.2515
0.185907
0.1935
0.262238
0.2385
0.197802
0.188906
0.208396
0.0174825
0.238642
0.0095
0.193
0.2009
0.1965
0.253873
0.25312
0.204398
0.263
0.161419
0.276362
0.00648379
0.176324
0.232767
0.214
0.257243
0.122317
0.2205
0.14
0.24002
0.193
0.200699
0.2375
0.0134865
0.1555
0.187812
0.262737
0.192212
0.235382
0.2095
0.126437
0.2205
0.2565
0.186407
0.17941
0.253992
0.1895
0.232
0.220669
0.177411
0.2265
0.183
0.2385
0.165917
0.190905
0.041
0.187406
0.197106
0.258242
0.223888
0.225275
0.229156
0.184908
0.143928
0.237
0.224551
0.242757
0.215569
0.231384
0.196402
0.236
0.224551
0.210789
0.228429
0.231384
0.256372
0.229385
0.225387
0.2425
0.268
0.221667
0.274588
0.2325
0.00649675
0.262369
0.162
0.248376
0.00798802
0.253746
0.225887
0.189405
0.237381
0.205
0.1865
0.00649675
0.234
0.2004
0.206
0.227386
0.197
0.223
0.198401
0.24026
0.1835
0.24002
0.24038
0.1695
0.238
0.221778
0.244134
0.242636
0.211
0.218891
0.2285
0.247
0.2005
