0.17
0.195402
0.228886
0.24975
0.2055
0.0114656
0.183
0.187313
0.204591
0.2015
0.262869
0.213893
0.232
0.2055
0.213287
0.182318
0.011976
0.214
0.2165
0.15035
0.178911
0.228771
0.174
0.219171
0.2115
0.0224888
0.27
0.2515
0.00649675
0.2285
0.2605
0.231768
0.216
0.227046
0.178
0.264104
0.244378
0.205897
0.00948577
0.1825
0.185407
0.158
0.232
0.243635
0.178821
0.249
0.2515
0.1555
0.215177
0.2305
0.00849575
0.228
0.22039
0.195
0.166
0.257371
0.204
0.192807
0.206
0.215892
0.219062
0.243878
0.17991
0.20669
0.00998502
0.244378
0.2265
0.2555
0.158421
0.254873
0.214893
0.17991
0.198702
0.227886
0.2505
0.21029
0.156922
0.2435
0.091
0.219171
0.215892
0.2395
0.227772
0.241895
0.1765
0.2375
0.219
0.2705
0.202797
0.245877
0.224276
0.216392
0.1815
0.222
0.23
0.195207
0.1999
0.210395
0.196
0.254873
0.196902
0.225887
0.193
0.189405
0.197901
0.2345
0.195402
0.091
0.21029
0.21939
0.217
0.2055
0.175412
0.194611
0.258242
0.154
0.1895
0.156922
0.198302
0.0164753
0.241259
0.203297
0.267233
0.288711
0.195
0.2085
0.206
0.18032
0.2325
0.18032
0.211394
0.243878
0.230385
0.216284
0.177
0.1825
0.226387
0.1895
0.240759
0.021978
0.254618
0.177822
0.216392
0.217174
0.2009
0.195511
0.225
0.207
0.2245
0.205397
0.211394
0.18032
0.191309
0.224
0.227046
0.219561
0.22
0.243135
0.187
0.211
0.0109835
0.0144855
0.149351
0.236
0.195804
0.2105
0.0035
0.147926
0.2105
0.209291
0.265867
0.2245
0.183
0.247876
0.236264
0.191
0.1725
0.222889
0.197
0.256
0.205794
0.233034
0.1735
0.2085
0.243756
0.201
0.253247
0.198801
0.129306
0.2155
0.0035
0.258
0.197401
0.227886
0.238642
0.215676
0.2245
0.236
0.174239
0.129306
0.251874
0.149351
0.190905
0.237
0.21989
0.18091
0.184815
0.197401
0.188218
0.18
0.247376
0.157842
0.2295
0.182909
0.216392
0.2395
0.249
0.2155
0.2215
0.192404
0.171914
0.2335
0.208791
0.25987
0.224
0.1875
0.198
0.217673
0.186407
0.23192
0.233383
0.266
0.189405
0.246377
0.205897
0.1675
0.201399
0.183408
0.2425
0.146853
0.258871
0.238143
0.210789
0.2305
0.2085
0.236146
0.185407
0.258
0.178233
0.009995
0.2245
0.262869
0.2405
0.21029
0.2395
0.226
0.214893
0.195902
0.235382
0.206294
0.247376
0.247376
0.236264
0.2105
0.2085
0.2225
0.18014
0.251374
0.209685
0.262869
0.161838
0.2135
0.234149
0.235647
0.00549176
0.218781
0.2395
0.22
0.222555
0.176412
0.194611
0.249
0.213
0.224888
0.229885
0.0129935
0.183
0.253746
0.0249875
0.240759
0.243635
0.1755
0.264735
0.245877
0.206
0.198702
0.218391
0.2265
0.2085
0.231269
0.225
0.00849575
0.243135
0.190905
0.168
0.205
0.212182
0.235882
0.185407
0.187
0.203297
0.25
0.234765
0.224888
0.266867
0.207
0.181909
0.208
0.212787
0.174239
0.2045
0.195902
0.202399
0.283858
0.229
0.243878
0.158
0.2155
0.244256
0.004
0.218672
0.172914
0.226274
0.262869
0.202399
0.248004
0.258
0.195305
0.209082
0.238262
0.244
0.171914
0.241879
0.2025
0.284
0.009995
0.0085
0.192711
0.206397
0.2315
0.2215
0.208896
0.187906
0.207896
0.197
0.1555
0.243756
0.193903
0.197
0.195402
0.238761
0.181
0.205897
0.225162
0.009
0.223
0.247253
0.207
0.23
0.226387
0.223665
0.172328
0.18513
0.231269
0.173913
0.177911
0.2475
0.266
0.264
0.216892
0.2305
0.184316
0.157
0.23988
0.2075
0.174239
0.172
0.1735
0.2515
0.219281
0.174326
0.198901
0.214
0.258242
0.283858
0.194611
0.2475
0.208292
0.284
0.204898
0.207396
0.2465
0.183134
0.230385
0.211394
0.208188
0.165
0.228886
0.213
0.2025
0.230885
0.217283
0.181818
0.198801
0.2505
0.175412
0.232651
0.215676
0.176912
0.184908
0.217391
0.228771
0.232384
0.2215
0.207293
0.2075
0.247129
0.221279
0.217673
0.218563
0.217391
0.229385
0.252374
0.245877
0.004
0.205897
0.200699
0.214393
0.245877
0.0044955
0.195
0.224551
0.124813
0.230885
0.252122
0.0224888
0.2305
0.205295
0.225
0.209291
0.136
0.231384
0.209
0.191904
0.2165
0.1965
0.241259
0.236
0.162
0.225162
0.009
0.2295
0.0065
0.189311
0.18032
0.229
0.254
0.0045
0.264104
0.206
0.257
0.148777
0.167333
0.23
0.198901
0.181319
0.203898
0.2195
0.175912
0.230885
0.238381
0.2495
0.196
0.229
0.218282
0.178911
0.207293
0.211894
0.206
0.1605
0.205897
0.082
0.206
0.206294
0.21
0.2255
0.1994
0.185814
0.183
0.238143
0.209685
0.222167
0.222777
0.207293
0.167416
0.267233
0.172914
0.178233
0.222889
0.012
0.0175
0.205486
0.219171
0.24
0.2085
0.156422
0.1999
0.269
0.2075
0.208791
0.237
0.1994
0.2
0.2205
0.1945
0.174825
0.194903
0.188312
0.231384
0.202
0.252374
0.179
0.1997
0.219
0.173
0.2115
0.234149
0.219
0.218173
0.174
0.0249875
0.2245
0.184408
0.199
0.197401
0.170415
0.21318
0.00849575
0.217174
0.009995
0.2705
0.235647
0.231768
0.23
0.208896
0.00449775
0.223665
0.242016
0.206897
0.2285
0.231768
0.236
0.1795
0.2255
0.2125
0.00749625
0.211394
0.261976
0.23365
0.156188
0.219171
0.181409
0.146853
0.211394
0.178732
0.216392
0.238381
0.22
0.1725
0.199601
0.217782
0.238
0.23988
0.254373
0.2005
0.1955
0.284
0.242893
0.265734
0.202696
0.246
0.208896
0.261738
0.2055
0.224551
0.209
0.171414
0.163918
0.225387
0.014
0.175325
0.236382
0.164
0.214393
0.21029
0.226274
0.178144
0.136
0.0144928
0.202298
0.150849
0.237
0.2705
0.213287
0.178911
0.22089
0.156843
0.222389
0.00449775
0.157
0.1895
0.249
0.00949525
0.2245
0.213
0.214286
0.2245
0.205794
0.190905
0.207396
0.258
0.202399
0.231884
0.227659
0.240759
0.171914
0.211
0.232384
0.22977
0.258
0.205691
0.1885
0.2245
0.168
0.2645
0.2295
0.206897
0.246254
0.2295
0.212288
0.181
0.006
0.24088
0.2009
0.2625
0.227886
0.0105
0.186907
0.217174
0.23
0.174
0.2345
0.186407
0.210789
0.224826
0.211394
0.2455
0.212
0.005997
0.195902
0.216392
0.193
0.178
0.00849151
0.231
0.185407
0.206
0.212
0.214393
0.254
0.223277
0.254618
0.1595
0.205
0.1985
0.228386
0.248
0.004
0.242379
0.232651
0.2395
0.23
0.2105
0.27
0.00948577
0.1865
0.235382
0.1615
0.187313
0.179231
0.2035
0.0075
0.224388
0.188312
0.216176
0.264104
0.198901
0.2705
0.0035
0.163
0.242379
0.213
0.00549725
0.212182
0.179462
0.192904
0.205397
0.243878
0.215892
0.2225
0.176412
0.23
0.1625
0.188
0.1795
0.2025
0.2305
0.177234
0.202899
0.2035
0.206294
0.012
0.19
0.231
0.238523
0.21989
0.0095
0.201
0.173327
0.214286
0.1997
0.246
0.174913
0.171914
0.18014
0.216176
0.212
0.24038
0.222167
0.2009
0.227386
0.254
0.215892
0.161
0.2195
0.188312
0.2335
0.13943
0.214893
0.00749625
0.215676
0.207585
0.2195
0.2325
0.2004
0.151
0.236645
0.25
0.214
0.2335
0.195207
0.24088
0.190905
0.2105
0.229385
0.233383
0.179462
0.085
0.184408
0.1805
0.195706
0.2205
0.235
0.196402
0.271
0.217391
0.2505
0.203898
0.277
0.2275
0.175912
0.2055
0.186314
0.005
0.192711
0.178911
0.249
0.299051
0.252621
0.224
0.173913
0.268232
0.185814
0.249375
0.199102
0.1555
0.234266
0.198302
0.175912
0.262107
0.177911
0.2165
0.1905
0.149202
0.172914
0.182409
0.165
0.249375
0.207896
0.212
0.219171
0.2125
0.00549725
0.167333
0.22
0.194611
0.1675
0.248376
0.251
0.2175
0.2045
0.222167
0.012
0.229
0.191
0.184408
0.211394
0.184408
0.009995
0.178911
0.224551
0.210789
0.009995
0.2475
0.21967
0.1905
0.227159
0.247129
0.148777
0.189405
0.25
0.202899
0.221778
0.227386
0.198104
0.134933
0.129741
0.219
0.174326
0.177822
0.158
0.197605
0.233383
0.184815
0.197
0.225774
0.2075
0.1815
0.224164
0.192308
0.1795
0.216392
0.172914
0.172328
0.214893
0.217891
0.0154923
0.196
0.189
0.204
0.219
0.181727
0.201399
0.00549725
0.0164753
0.224551
0.2015
0.191
0.238
0.176412
0.222555
0.232
0.2185
0.218064
0.0164753
0.214393
0.0114943
0.194903
0.1555
0.208292
0.207792
0.245877
0.198203
0.151848
0.222666
0.218672
0.00948577
0.2615
0.258
0.239
0.235382
0.233
0.2215
0.205192
0.284
0.197303
0.198
0.1555
0.249126
0.2505
0.252248
0.235265
0.195
0.1665
0.2305
0.2015
0.183134
0.009995
0.215784
0.189405
0.238642
0.165
0.232884
0.00849151
0.236
0.163836
0.194
0.032
0.253746
0.172914
0.212
0.251374
0.253247
0.247752
0.1965
0.1825
0.204398
0.2009
0.243756
0.1935
0.259
0.238761
0.23315
0.231884
0.219
0.218391
0.2395
0.2015
0.212182
0.224775
0.164
0.196402
0.221889
0.00849151
0.277
0.207
0.1815
0.243878
0.188
0.284
0.236
0.231
0.236264
0.248627
0.1895
0.197401
0.2475
0.1555
0.267233
0.1845
0.211
0.22017
0.218282
0.225887
0.173
0.250375
0.182318
0.2085
0.196902
0.212681
0.2004
0.202399
0.1555
0.24
0.195706
0.202399
0.219561
0.185315
0.211394
0.2245
