0.214179
0.187406
0.155922
0.121939
0.171
0.153347
0.215892
0.226161
0.233
0.227772
0.146927
0.178411
0.244878
0.255372
0.25974
0.187718
0.222389
0.00949525
0.249
0.237881
0.21978
0.208396
0.184723
0.253
0.236882
0.247876
0.191904
0.0134798
0.198901
0.178
0.15984
0.0055
0.0405
0.2015
0.0105
0.0055
0.249626
0.264868
0.197401
0.191309
0.206897
0.186907
0.245877
0.221279
0.156922
0.24038
0.223665
0.20979
0.227386
0.208396
0.217391
0.0404595
0.179
0.213393
0.008
0.192308
0.241
0.22017
0.231038
0.192308
0.227886
0.239641
0.202
0.00499002
0.2295
0.259
0.188811
0.151
0.244878
0.2405
0.216
0.0134933
0.196
0.00599101
0.00549176
0.210395
0.00749251
0.012
0.257614
0.252
0.185315
0.012
0.2135
0.227386
0.23
0.1735
0.1605
0.2135
0.248627
0.177
0.2145
0.203694
0.207792
0.161258
0.210395
0.0055
0.2135
0.178911
0.249
0.231269
0.227772
0.1998
0.137
0.2145
0.187219
0.182409
0.206397
0.271364
0.196
0.1735
0.194903
0.2035
0.226887
0.1875
0.1845
0.16042
0.243756
0.00649026
0.201198
0.251123
0.215285
0.007
0.245132
0.2025
0.225887
0.2175
0.0275
0.00698603
0.233883
0.237026
0.156344
0.19321
0.18981
0.182909
0.256872
0.250624
0.194403
0.196
0.204194
0.1995
0.2085
0.231384
0.197802
0.228272
0.1635
0.1995
0.2185
0.218391
0.231
0.245754
0.233766
0.225774
0.16092
0.2395
0.196705
0.25
0.2255
0.233383
0.191
0.0124875
0.0134933
0.0649026
0.201
0.1815
0.233766
0.225
0.17515
0.204
0.266966
0.2405
0.251374
0.152424
0.227772
0.254
0.181228
0.198104
0.187313
0.22
0.254246
0.257
0.221389
0.0154845
0.155422
0.225774
0.218282
0.202
0.225387
0.177822
0.270365
0.176559
0.2285
0.193403
0.244511
0.241638
0.226387
0.2325
0.217673
0.238881
0.191
0.2145
0.1997
0.2145
0.14043
0.231269
0.00849151
0.251
0.2155
0.123438
0.198901
0.246254
0.226887
0.2425
0.2695
0.241
0.227
0.2002
0.1805
0.194403
0.222
0.212288
0.191904
0.0109945
0.135162
0.2
0.220779
0.2245
0.01
0.173413
0.0289421
0.1997
0.2275
0.266966
0.17982
0.199301
0.238642
0.252495
0.208791
0.181
0.1855
0.0114943
0.193806
0.229656
0.206397
0.218
0.211894
0.211078
0.224276
0.212
0.218173
0.233883
0.196
0.00449775
0.1855
0.252495
0.1625
0.212787
0.161258
0.2215
0.224388
0.2055
0.25
0.204
0.120758
0.216675
0.1985
0.225887
0.194708
0.225887
0.2115
0.227386
0.1745
0.2495
0.256372
0.235265
0.210395
0.229885
0.0095
0.207189
0.203297
0.243878
0.253746
0.2
0.194903
0.206397
0.207585
0.218
0.194
0.1735
0.004995
0.2225
0.183225
0.2365
0.261
0.124
0.1895
0.177323
0.14
0.232884
0.243378
0.1925
0.1495
0.201399
0.1965
0.255744
0.201
0.232767
0.209581
0.177
0.227273
0.2545
0.2085
0.2345
0.1745
0.008
0.0075
0.2125
0.175
0.171828
0.15992
0.2115
0.165417
0.239641
0.135932
0.255372
0.198901
0.00649026
0.202399
0.238381
0.21
0.203694
0.177
0.182
0.00949525
0.249501
0.214785
0.2605
0.231384
0.220779
0.2125
0.236763
0.1845
0.188312
0.222389
0.207896
0.232
0.197303
0.2045
0.216
0.237
0.194306
0.222389
0.219
0.246377
0.227386
0.200799
0.2009
0.20979
0.221889
0.231884
0.249875
0.253367
0.203898
0.234883
0.2295
0.1775
0.203195
0.173
0.207396
0.2305
0.2105
0.208188
0.229656
0.258
0.207585
0.1965
0.18023
0.2345
0.2535
0.2275
0.206793
0.0114943
0.2285
0.2003
0.244378
0.222167
0.245754
0.00848727
0.21
0.2415
0.198302
0.198901
0.220779
0.215
0.198104
0.2235
0.154
0.22089
0.2535
0.235
0.2485
0.186907
0.199301
0.194903
0.244256
0.2285
0.221667
0.217891
0.1985
0.225387
0.207896
0.2075
0.210684
0.2375
0.2305
0.244256
0.248376
0.2
0.242757
0.2545
0.216783
0.244
0.202197
0.2135
0.252621
0.246877
0.152348
0.1785
0.21978
0.1395
0.236645
0.224888
0.191712
0.206793
0.211289
0.228771
0.191213
0.218672
0.188406
0.204
0.186
0.229656
0.2285
0.216392
0.226547
0.1445
0.21989
0.243
0.176
0.2355
0.206397
0.013993
0.229156
0.196304
0.206897
0.1994
0.2105
0.203
0.2205
0.19
0.214179
0.25974
0.227273
0.22039
0.185315
0.212681
0.233
0.212288
0.223
0.188406
0.0275
0.184224
0.238
0.251374
0.251374
0.207585
0.24663
0.178411
0.226
0.1625
0.2075
0.224388
0.0405
0.198901
0.204296
0.211289
0.212
0.1955
0.263
0.254873
0.195305
0.168
0.251
0.2525
0.012
0.2125
0.22039
0.236382
0.263605
0.231384
0.230769
