0.2385
0.2395
0.266867
0.214785
0.00798802
0.267732
0.170659
0.2565
0.222666
0.18023
0.217891
0.1755
0.227386
0.182409
0.2305
0.247253
0.237
0.214393
0.2205
0.00799201
0.232268
0.232
0.2095
0.243878
0.241517
0.014
0.252374
0.246131
0.221
0.243756
0.2235
0.217174
0.255245
0.217
0.194403
0.234648
0.236
0.258871
0.255744
0.2145
0.232884
0.246753
0.193403
0.146354
0.255
0.229885
0.235
0.2575
0.224663
0.241379
0.181138
0.198901
0.2185
0.239022
0.251
0.224
0.244511
0.247752
0.2225
0.194403
0.2555
0.216392
0.232384
0.257614
0.209685
0.00798403
0.256743
0.28086
0.233267
0.214286
0.209395
0.182909
0.190405
0.170415
0.1999
0.231269
0.208
0.193
0.196902
0.172
0.23
0.253
0.178144
0.203898
0.151697
0.246254
0.181138
0.239
0.266101
0.215784
0.230654
0.254373
0.0075
0.224663
0.00749251
0.244755
0.203898
0.205295
0.2465
0.226387
0.212182
0.224775
0.250624
0.2545
0.2145
0.21
0.17991
0.214893
0.243878
0.232384
0.257371
0.1855
0.224775
0.181818
0.2425
0.243756
0.229271
0.215392
0.235764
0.223665
0.261239
0.249875
0.230539
0.254873
0.241879
0.2385
0.225774
0.219
0.266367
0.2009
0.2375
0.212182
0.195305
0.198401
0.228
0.2455
0.218891
0.237263
0.1965
0.250873
0.1485
0.21
0.270729
0.218891
0.217391
0.154346
0.237762
0.263868
0.271
0.21507
0.2515
0.254
0.2305
0.2325
0.266733
0.223277
0.177411
0.23
0.203593
0.236
0.244
0.2395
0.23
0.2205
0.254873
0.221889
0.21
0.206
0.231269
0.262369
0.1245
0.25312
0.206
0.242
0.285
0.235382
0.24026
0.01
0.185721
0.23
0.256244
0.221
0.2505
0.00998502
0.247376
0.28036
0.263736
0.216567
0.17941
0.205
0.239
0.177911
0.226547
0.207896
0.232884
0.22
0.221
0.0024975
0.2585
0.253746
0.21
0.0164918
0.203898
0.20979
0.177911
0.189905
0.248876
0.193
0.00798802
0.236763
0.00749251
0.22977
0.233267
0.00949525
0.25
0.2815
0.286857
0.1935
0.1565
0.2275
0.26497
0.222555
0.244
0.247752
0.00648703
0.261
0.210895
0.233883
0.214286
0.235
0.225887
0.245754
0.00748877
0.248
0.256116
0.246753
0.02
0.221
0.248503
0.184132
0.25
0.255489
0.232268
0.245877
0.204296
0.233766
0.251874
0.241879
0.255
0.206793
0.228386
0.123315
0.2515
0.237762
0.166417
0.177411
0.222666
0.1895
0.186407
0.217782
0.17941
0.168916
0.278721
0.223665
0.265367
0.235
0.226
0.0215
0.26037
0.269
0.168332
0.244755
0.21939
0.264868
0.2055
0.243257
0.2105
0.2285
0.226387
0.2405
0.22028
0.228657
0.229656
0.233
0.201
0.0145
0.208084
0.2155
0.255744
0.223665
0.214785
0.244378
0.232384
0.269231
0.225887
0.233267
0.248376
0.198
0.285857
0.258871
0.232
0.239
0.199301
0.263868
0.181138
0.227386
0.00649351
0.1985
0.194403
0.18
0.168916
0.23
0.217391
0.247376
0.2455
0.221
0.20798
0.1975
0.211
0.17941
0.219171
0.266101
0.263605
0.173413
0.285857
0.0149925
0.007
0.253373
0.219
0.1995
0.237644
0.2425
0.1965
0.22
0.2625
0.245132
0.247752
0.214393
0.2275
0.229
0.218282
0.219171
0.210789
0.254246
0.222666
0.025987
0.2004
0.239
0.216176
0.123315
0.283
0.221168
0.2245
0.218391
0.208292
0.229
0.0104948
0.2265
0.224888
0.201
0.216675
0.230885
0.2335
0.236
0.2445
0.173413
0.24088
0.005
0.2455
0.264
0.184723
0.226887
0.276
0.219171
0.0095
0.240519
0.0035
0.174
0.222056
0.234266
0.205897
0.285572
0.2375
0.256372
0.1565
0.266
0.167916
0.235
0.2385
0.201
0.250749
0.232384
0.202
0.2465
0.2265
0.221279
0.235265
0.198
0.225387
0.227386
0.222889
0.232884
0.241879
0.255744
0.2485
0.253746
0.177822
0.007
0.231
0.2004
0.172655
0.221279
0.2145
0.236
0.211788
0.271864
0.225
0.222777
0.2315
0.206793
0.2245
0.208
0.212787
0.012475
0.2195
0.2375
0.216176
0.255744
0.2315
0.225
0.249375
0.2495
0.221889
0.2325
0.0124813
0.185407
0.2185
0.229385
0.2798
0.00699301
0.1545
0.248876
0.253739
0.236763
0.18
0.223888
0.2395
0.199301
0.251
0.168916
0.219
0.234648
0.0314528
0.204898
0.25
0.207896
0.0149925
0.251748
0.235382
0.26087
0.236146
0.27986
0.2575
0.252
0.195706
0.2375
0.247376
0.166
0.00649675
0.2205
0.205
0.243756
0.234032
0.2245
0.246753
0.215784
0.193
0.2004
0.232767
0.266
0.2355
0.2695
0.254873
0.24088
0.2465
0.214393
0.152424
0.221
0.193
0.2355
0.0124938
0.123315
0.247253
0.2265
0.248
0.209
0.0069965
0.257871
0.204
0.248376
0.232384
0.2415
0.264
0.209395
0.2165
0.221168
0.22039
0.254373
0.2225
0.28036
0.2225
0.229885
0.224388
0.223665
0.232268
0.2075
0.193307
0.241
0.286857
0.222666
0.255744
0.246254
0.224
0.007
0.2175
0.185814
0.224888
0.0055
0.205192
0.229042
0.238262
0.196
0.2235
0.242879
0.209975
0.232884
0.27359
0.210973
0.246507
0.193709
0.210973
0.2515
0.2305
0.181138
0.21008
0.232384
0.209
0.222167
0.278721
0.27
0.2385
0.216392
0.23
0.216176
0.265
0.2135
0.261239
0.212182
0.2265
0.222278
0.223665
0.2225
0.221889
0.204898
0.235
0.2355
0.181818
0.212787
0.012475
0.221778
0.254873
0.205
0.222555
0.22977
0.171742
0.236763
0.203398
0.2205
0.004995
0.189216
0.198
0.2425
0.229885
0.1994
0.2415
0.18023
0.28
0.270865
0.237
0.221889
0.249
0.1895
0.251
0.248
0.273
0.223388
0.225887
0.224663
0.184132
0.221667
0.252
0.261347
0.217891
0.2305
0.0195
0.208873
0.223
0.262369
0.194903
0.158
0.2035
0.247376
0.213
0.24038
0.194306
0.2415
0.14
0.221279
0.252874
0.1875
0.1565
0.1545
0.2245
0.206
0.00799201
0.225774
0.221279
0.242515
0.204898
0.231
0.24389
0.254873
0.204092
0.2355
0.183225
0.211894
0.221
0.229271
0.201198
0.216176
0.2255
0.0089955
0.244
0.21939
0.2195
0.228272
0.25987
0.258371
0.126
0.195706
0.0085
0.2485
0.223888
0.211183
0.2785
0.1994
0.242
0.234383
0.24
0.207
0.177911
0.261239
0.285215
0.021
0.23938
0.209685
0.2465
0.251
0.00698952
0.263868
0.2205
0.273363
0.2325
0.1845
0.245
0.2325
0.241379
0.23
0.2195
0.236763
0.282859
0.155345
0.219
0.186
0.2225
0.212394
0.190405
0.1998
0.189905
0.1975
0.185
0.241638
0.1565
0.234
0.206
0.250749
0.223054
0.233383
0.21989
0.215285
0.229885
0.227886
0.167416
0.28086
0.0169745
0.249375
0.2385
0.232384
0.173413
0.230654
0.248376
0.224327
0.224888
0.154346
0.249875
0.248
0.231153
0.007
0.195706
0.257984
0.256244
0.183
0.0024975
0.2015
0.219281
0.210895
0.229885
0.184
0.285215
0.215
0.223665
0.243
0.254745
0.214893
0.2235
0.241379
0.168831
0.1565
0.2245
0.2175
0.2605
0.212288
0.0085
0.215
0.23004
0.232651
0.2325
0.151697
0.245255
0.216176
0.2004
0.236645
0.204898
0.2325
0.234648
0.198901
0.247752
0.247376
0.258871
0.246131
0.214179
0.173
0.253373
0.2695
0.212394
0.251
0.18023
0.264236
0.208396
0.244
0.252248
0.155345
0.253
0.281578
0.271364
0.0035
0.250749
0.255744
0.254
0.2265
0.226773
0.233883
0.233267
0.199
0.208791
0.234
0.2755
0.2365
0.2545
0.229885
0.164918
0.235
0.223665
0.203
0.247376
0.235
0.27359
0.181818
0.2375
0.2235
0.0075
0.21008
0.00649675
0.00949525
0.210789
0.241259
0.196304
0.169415
0.222666
0.243756
0.261
0.226
0.2175
0.00998502
0.225935
0.225
0.161838
0.196
0.204
0.253
0.2185
0.267964
0.238
0.22028
0.203398
0.258871
0.0114943
0.2105
0.208396
0.205897
0.2325
0.208396
0.24
0.245754
0.2275
0.245255
0.208396
0.1855
0.00299551
0.248503
0.2515
0.206
0.0075
0.177822
0.265867
0.223
0.236
0.198603
0.209685
0.245877
0.255489
0.194903
0.2375
0.211577
0.2275
0.211183
0.2305
0.235882
0.2235
0.199
0.2215
0.213
0.283791
0.2515
0.265
0.268
0.218891
0.2515
0.226
0.248
0.237525
0.210895
0.270865
0.222389
0.233
0.273363
0.289355
0.187406
0.2135
0.204795
0.225
0.170415
0.2165
0.235147
0.261239
0.014
0.247752
0.218
0.251
0.244
0.2395
0.2515
0.252
0.172
0.23
0.226887
0.226
0.250125
0.245
0.213
0.181
0.2365
0.184
0.2515
0.263605
0.243878
0.236146
0.236382
0.212
0.243878
0.202696
0.237881
0.258853
0.237263
0.2325
0.277584
0.2285
0.184908
0.227273
0.262369
0.2025
0.211894
0.198302
0.242379
0.221389
0.2585
0.229885
0.241018
0.2205
0.234383
0.213393
0.00649675
0.204296
0.261108
0.00649351
0.257742
0.264368
0.229385
0.238381
0.2235
0.264236
0.261
0.17991
0.207
0.246377
0.290855
0.232268
0.213287
0.236382
0.179321
0.2555
0.007
0.277
0.2185
0.231306
0.222666
0.0124938
0.243
0.2535
0.2055
0.233
0.247629
0.237762
0.204092
0.287
0.222889
0.1994
0.2415
0.123315
0.183
0.156922
0.2185
0.172914
0.235
0.2465
0.1825
0.218391
0.214393
0.167916
0.222
0.193307
0.223388
0.2495
0.0164918
0.227
0.191904
0.218891
0.248
0.2135
0.243878
0.247
0.231269
0.207896
0.246131
0.0114943
0.2205
0.214286
0.23
0.247752
0.285857
0.206
0.258483
0.2035
0.243878
0.202696
0.2145
0.2535
0.234765
0.184132
0.2785
0.1995
0.258741
0.253373
0.290855
0.214393
0.254873
0.2305
0.2725
0.244
0.2445
0.237
0.24975
0.189216
0.226274
0.285
0.238262
0.174413
0.243878
0.1505
0.203
0.168916
0.199
0.21318
0.258612
0.186407
0.00649675
0.230654
0.219171
0.263736
0.263605
0.224276
0.2235
0.23
0.01
0.211894
0.203398
0.231884
0.202899
0.266367
0.221389
0.252
0.217
0.215285
0.211788
0.227
0.214286
0.0145
0.2265
0.0095
0.2105
0.22
0.253373
0.222889
0.2255
0.208188
0.211577
0.0085
0.2375
0.151924
0.235
0.21318
0.173413
0.2145
0.005997
0.28086
0.25
0.234883
0.271
0.260219
0.17941
0.203593
0.252
0.2095
0.257984
0.188
0.195305
0.2785
0.0109945
0.00949051
0.2115
0.007
0.231153
0.270594
0.189216
0.247
0.219
0.206294
0.199102
0.235147
0.2365
0.187906
0.238
0.2235
0.207
0.21978
0.218282
0.251874
0.2025
0.233267
0.207293
0.224
0.187406
0.222666
0.207293
0.209
0.178
0.23
0.2575
0.231269
0.2798
0.011
0.251748
0.253373
0.2004
0.207293
0.236763
0.253746
0.221667
0.255872
0.161
0.203
0.229
0.228
0.193
0.2375
0.2415
0.176912
0.195305
0.226161
0.018981
0.25312
0.187406
0.233383
0.217391
0.268866
0.2095
0.186407
0.217391
0.2345
0.2305
0.258371
0.258113
0.216
0.2505
0.244378
0.2115
0.207293
0.251
0.213786
0.208
0.2495
0.219
0.231269
0.22089
0.221
0.246753
0.243878
0.236645
0.2105
0.238143
0.255489
0.215285
0.248876
0.1655
0.247752
0.253373
0.2155
0.198901
0.19
0.245
0.232884
0.229385
0.260219
0.286857
0.263605
0.203593
0.168831
0.2345
0.246377
0.189
0.227273
0.234383
0.206
0.218391
0.253247
0.21978
0.208
0.224276
0.203898
0.154923
0.194306
0.23976
0.2075
0.205192
0.176735
0.226161
0.262369
0.2245
0.209895
0.24088
0.236
0.190405
0.170415
0.2725
0.236382
0.225774
0.255
0.237881
0.2435
0.2035
0.216176
0.213393
0.219
0.2025
0.0069965
0.199
0.206983
0.234266
0.204092
0.232384
0.243257
0.0045
0.204194
0.213287
0.281936
0.277223
0.178411
0.218391
0.243878
0.2285
0.23027
0.173739
0.00599101
0.235
0.236
0.24088
0.232384
0.194805
0.1935
0.186407
0.17982
0.254
0.254373
0.22977
0.2665
0.2385
0.233883
0.2325
0.1965
0.244
0.2009
0.207293
0.233267
0.265867
0.24389
0.273
0.214893
0.244511
0.177822
0.214893
0.254873
0.207293
0.222389
0.2575
0.2395
0.257984
0.2325
0.24
0.2235
0.248376
0.204398
0.241397
0.251874
0.2385
0.222
0.211183
0.185407
0.243756
0.2535
0.237525
0.255872
0.202595
0.233883
0.251374
0.223
0.1975
0.220669
0.0124813
0.197703
0.2375
0.0185
0.207293
0.22028
0.0069965
0.238
0.204795
0.253373
0.266367
0.264236
0.2205
0.213287
0.227046
0.2135
0.276
0.244755
0.263868
0.197303
0.2495
0.024
0.1895
0.24014
0.210973
0.2465
0.2275
0.206
0.167916
0.273
0.201399
0.254745
0.0114943
0.2585
0.265
0.191
0.233267
0.23988
0.2275
0.211788
0.2695
0.233
0.245
0.234883
0.242636
0.21507
0.123315
0.204
0.222278
0.24038
0.235
0.241879
0.2465
0.1845
0.268366
0.214785
0.2445
0.223
0.211682
0.258612
0.184908
0.238
0.225549
0.236382
0.210789
0.00749251
0.2405
0.205897
0.251874
0.225774
0.213287
0.24014
0.146354
0.206793
0.255872
0.21978
0.2505
0.261239
0.189526
0.2425
0.204296
0.2635
0.254119
0.222167
0.262369
0.249375
0.248503
0.2005
0.177411
0.194903
0.277584
0.187406
0.15992
0.1505
0.239
0.01
0.241379
0.2335
0.251874
0.246377
0.221889
0.235882
0.2055
0.223776
0.2515
0.217
0.0089955
0.27359
0.252
0.222
0.208
0.18
0.236
0.2415
0.2445
0.236382
0.257
0.205691
0.223665
0.289355
0.232884
0.2385
0.218282
0.236
0.21
0.221889
0.182726
0.241379
0.177822
0.22006
0.253373
0.237
0.23
0.243756
0.22977
0.254373
0.269
0.00648703
0.216675
0.251
0.2009
0.211894
0.250125
0.221889
0.254
0.198302
0.264
0.178
0.231269
0.2385
0.225774
0.2235
0.2004
0.1565
0.232
0.2305
0.2655
0.0075
0.2385
0.2355
0.00748877
0.2105
0.214179
0.246
0.2395
0.255744
0.212681
0.248876
0.2605
0.258
0.2305
0.2785
0.284858
0.1994
0.2185
0.2265
0.222389
0.219
0.224663
0.238381
0.2395
0.23004
0.203398
0.189905
0.251623
0.167166
0.244378
0.222056
0.24038
0.1655
0.27
0.242379
0.241638
0.2305
0.268366
0.26037
0.203593
0.225
0.223277
0.1915
0.209685
0.251
0.23988
0.225887
0.194306
0.2225
0.249375
0.207896
0.2445
0.222278
0.245
0.256372
0.202
0.201
0.23
0.172
0.189526
0.2385
0.228
0.2205
0.005997
0.247376
0.219
0.191
0.194903
0.0095
0.207896
0.2325
0.2395
0.223665
0.0144855
0.218282
0.222278
0.222389
0.224775
0.249375
0.242379
0.151924
0.193307
0.209685
0.255489
0.228
0.2515
0.234383
0.1585
0.222278
0.218891
0.269096
0.264603
0.1999
0.198302
0.2535
0.2585
0.21989
0.1595
0.222943
0.241397
0.228272
0.00798802
0.223888
0.241638
0.263605
0.244378
0.196
0.21978
0.173327
0.261347
0.246254
0.169
0.224663
0.21
0.245
0.270865
0.184132
0.226887
0.2785
0.241397
0.268366
0.198901
0.234266
0.265
0.27
0.223277
0.24
0.2095
0.246131
0.278721
0.251874
0.2205
0.228
0.24088
0.2315
0.193
0.242636
0.2395
0.198
0.221889
0.176735
0.2275
0.201399
0.237644
0.2145
0.199301
0.2385
0.194
0.236763
0.181
0.161838
0.2075
0.1945
0.209895
0.1855
0.236527
0.2265
0.2755
0.230385
0.231384
0.007
0.24
0.241879
0.193403
0.21989
0.204296
0.246377
0.2145
0.221889
0.226887
0.285
0.1975
0.203297
0.213287
0.2215
0.2235
0.186907
0.234
0.213
0.272228
0.254873
0.2205
0.2265
0.22977
0.184224
0.2215
0.258853
0.2515
0.2325
0.223
0.2265
0.186407
0.198302
0.202899
0.278721
0.2225
0.266733
0.2295
0.283791
0.207
0.2004
0.2175
0.167166
0.253373
0.208687
0.00798403
0.2395
0.254745
0.232
0.229271
0.181818
0.186
0.235
0.250125
0.005
0.21507
0.245
0.261239
0.2255
0.220669
0.199301
0.02
0.270365
0.242379
0.245
0.232384
0.245
0.2135
0.229
0.256743
0.231884
0.264368
0.2075
0.0768463
0.196
0.252
0.00649351
0.013
0.236882
0.243756
0.018981
0.208396
0.22
0.225774
0.192
0.166417
0.2015
0.2335
0.249626
0.222666
0.2035
0.214286
0.253746
0.221889
0.233267
0.245877
0.2485
0.178411
0.206
0.243878
0.2055
0.00649675
0.256872
0.27359
0.237644
0.2375
0.2385
0.211894
0.204898
0.222555
0.261
0.156422
0.0069965
0.242379
0.2155
0.243878
0.2535
0.201
0.266733
0.243878
0.212681
0.253739
0.267099
0.241638
0.183908
0.219
0.177822
0.2185
0.22089
0.2325
0.213
0.2285
0.266101
0.204795
0.182
0.226
0.209685
0.222
0.1875
0.225549
0.2335
0.223888
0.208873
0.259611
0.193
0.256
0.222278
0.00798802
0.243878
0.20979
0.254873
0.221168
0.238143
0.204
0.236382
0.141429
0.222278
0.184224
0.236645
0.229885
0.248876
0.266
0.187406
0.208791
0.2675
0.241138
0.24014
0.225774
0.22977
0.245
0.235
0.00697906
0.2275
0.210895
0.254873
0.194903
0.2325
0.0204898
0.265
0.23
0.213
0.222555
0.193
0.247752
0.22089
0.0125
0.2185
0.270594
0.0164918
0.2105
0.00799201
0.222389
0.283791
0.1935
0.182909
0.273
0.168916
0.23
0.244378
0.2565
0.168916
0.198603
0.247
0.202595
0.264
0.254873
0.28
0.211788
0.212894
0.156922
0.229
0.241138
0.224888
0.183408
0.215
0.237762
0.216176
0.23976
0.194
0.224276
0.1585
0.207896
0.2715
0.26037
0.250749
0.235
0.181
0.172328
0.016983
0.226
0.2475
0.0144855
0.270594
0.21989
0.2235
0.156922
0.229385
0.266101
0.21318
0.242
0.2425
0.215892
0.278861
0.223
0.17
0.178411
0.236
0.0089955
0.248
0.290855
0.224327
0.229271
0.215392
0.246877
0.2495
0.240519
0.222
0.161
0.226
0.249375
0.254
0.209
0.180729
0.2605
0.2355
0.243
0.201299
0.21
0.264603
0.1965
0.191904
0.2335
0.233883
0.2335
0.227
0.2445
0.254873
0.204296
0.252
0.237263
0.2405
0.1875
0.266234
0.2135
0.22017
0.215784
0.249626
0.246877
0.229156
0.232884
0.228657
0.269231
0.201399
0.252
0.233267
0.227545
0.247752
0.217391
0.1895
0.223776
0.19
0.210789
0.171742
0.226
0.2325
0.254246
0.0089955
0.223665
0.2265
0.232651
0.2485
0.230654
0.232651
0.208583
0.205
0.288068
0.2425
0.187906
0.227386
0.273863
0.233
0.278721
0.1965
0.0034965
0.178
0.254246
0.219
0.1565
0.232
0.2205
0.207
0.214
0.209186
0.21989
0.233383
0.236
0.244256
0.261738
0.146354
0.199
0.2175
0.222278
0.238381
0.258483
0.2755
0.202197
0.174
0.21989
0.232384
0.281578
0.1955
0.1755
0.21
0.21
0.2195
0.0124938
0.21989
0.229385
0.252
0.2165
0.215
0.253373
0.2325
0.213287
0.236146
0.14
0.205897
0.2425
0.1994
0.2185
0.176912
0.201299
0.273363
0.228272
0.208
0.229
0.20979
0.2115
0.235382
0.0025
0.2035
0.2265
0.225774
0.257871
0.2325
0.226
