0.177645
0.175412
0.117
0.1665
0.024
0.1385
0.0884116
0.118441
0.198401
0.0164918
0.082
0.052
0.144928
0.122
0.108446
0.019
0.0444778
0.165
0.013993
0.041
0.128871
0.115768
0.133
0.126437
0.171
0.0174913
0.01
0.0825
0.1595
0.15992
0.121756
0.138792
0.0813779
0.1395
0.0164671
0.0194805
0.0924076
0.171329
0.1775
0.018981
0.116384
0.136364
0.110445
0.132735
0.1275
0.101449
0.115442
0.1375
0.0924076
0.005
0.1335
0.0145
0.0705
0.174738
0.0145
0.00949525
0.146
0.0834583
0.008
0.1395
0.121257
0.1605
0.0164671
0.09
0.064
0.0525
0.151848
0.1795
0.0145
0.101449
0.026973
0.038
0.118762
0.135432
0.1175
0.143285
0.0399401
0.014
0.149
0.112944
0.1555
0.004995
0.0264868
0.123
0.00849575
0.0104948
0.0304848
0.169915
0.138362
0.203195
0.075
0.0095
0.117
0.12094
0.106447
0.1335
0.131868
0.1305
0.142786
0.0935
0.0024975
0.12094
0.113443
0.0224888
0.0924076
0.0765
0.139
0.123315
0.168416
0.1665
0.147426
0.118
0.1805
0.151
0.0525
0.1105
0.1505
0.00549451
0.165
0.144212
0.1605
0.0785
0.014
0.1165
0.0483791
0.122816
0.133433
0.0874563
0.130435
0.133433
0.00849151
0.181727
0.0924076
0.0523952
0.003998
0.0055
0.00998502
0.129
0.147426
0.141
0.139
0.013986
0.130869
0.0209685
0.111888
0.161677
0.0989505
0.156922
0.0149626
0.15327
0.125937
0.1265
0.143285
0.145
0.0044955
0.072
0.0344655
0.152771
0.0055
0.1265
0.133234
0.0244878
0.141717
0.0514486
0.105947
0.1265
0.1915
0.0055
0.122378
0.1725
0.0874126
0.164
0.0024975
0.133733
0.144356
0.14043
0.2105
0.1265
0.113943
0.1185
0.157
0.0145
0.13943
0.1575
0.12094
0.1525
0.155267
0.0909091
0.1425
0.113443
0.1045
0.101847
0.0998502
0.1525
0.00549725
0.13943
0.11994
0.193307
0.1355
0.130435
0.161919
0.148426
0.1655
0.101449
0.0838742
0.116825
0.0775
0.108891
0.145854
0.12662
0.1115
0.0484274
0.145355
0.136863
0.0224888
0.135
0.126437
0.131868
0.0194805
0.15327
0.195
0.138
0.173
0.0967581
0.0154923
0.167333
0.167581
0.198
0.149
0.18032
0.0664668
0.121878
0.142
0.1605
0.1435
0.0109945
0.145427
0.143285
0.0144855
0.0114943
0.145927
0.045
0.163418
0.145427
0.168
0.1285
0.1935
0.097951
0.021989
0.0069965
0.130935
0.09
0.14093
0.1575
0.00798802
0.192807
0.124438
0.164254
0.041958
0.157421
0.138931
0.126437
0.165917
0.161178
0.1175
0.131434
0.082793
0.097
0.00949051
0.0688967
0.151
0.13986
0.109336
0.017982
0.166
0.1715
0.121257
0.117
0.09
0.132934
0.0894553
0.215285
0.170915
0.023988
0.1555
0.117941
0.0664668
0.163836
0.1255
0.089955
0.068
0.1305
0.155267
0.073
0.0164753
0.139291
0.126
0.0214893
0.1505
0.175412
0.1395
0.117
0.15976
0.03
0.175649
0.1265
0.0085
0.123876
0.0129935
0.061
0.005
0.0115
0.115884
0.1475
0.1275
0.1475
0.123938
0.1305
0.1245
0.116
0.103
0.1545
0.106947
0.134433
0.0185
0.117
0.0129935
0.150925
0.0705
0.172
0.1285
0.085
0.109945
0.125811
0.160839
0.172242
0.0104843
0.15
0.1535
0.01
0.0209895
0.0234765
0.0484274
0.0544456
0.155922
0.101847
0.011994
0.0805
0.0089955
0.0249875
0.133933
0.125
0.0834583
0.2105
0.137793
0.155844
0.0215
0.113
0.14
0.138861
0.0929071
0.101449
0.082
0.1765
0.1395
0.138
0.14
0.136932
0.1455
0.151924
0.115
0.152847
0.13993
0.170915
0.110945
0.129935
0.093953
0.00349476
0.173
0.107946
0.1265
0.143784
0.143856
0.00749625
0.1125
0.150774
0.129741
0.111888
0.0115
0.125811
0.151848
0.059
0.039
0.018981
0.1505
0.019
0.126937
0.00898652
0.196902
0.011988
0.144855
0.142287
0.164254
0.0904548
0.169331
0.0664668
0.122439
0.045977
0.00599401
0.1265
0.126437
0.0129935
0.0775
0.016983
0.125937
0.087956
0.132934
0.00999001
0.175412
0.1405
0.00749625
0.093
0.15
0.122
0.045977
0.174738
0.169077
0.008
0.147206
0.1575
0.0024975
0.00549725
0.085
0.1205
0.138362
0.0184908
0.0204489
0.169
0.133
0.117383
0.1475
0.018
0.136432
0.15
0.167
0.019
0.008
0.082
0.059
0.126937
0.1125
0.158421
0.0394605
0.132434
0.0104895
0.009
0.1365
0.141429
0.0209685
0.116442
0.0854573
0.139361
0.15984
0.1335
0.098
0.157
0.0909091
0.146853
0.115884
0.021978
0.011988
0.137931
0.123438
0.126937
0.0425
0.135796
0.0149925
0.166917
0.0149626
0.134865
0.00349825
0.134433
0.099
0.0869565
0.1195
0.155422
0.129
0.154423
0.0164753
0.128372
0.0255
0.136228
0.161258
0.033
0.13993
0.1225
0.131369
0.00549725
0.170075
0.115
0.157
0.1915
0.113443
0.0683633
0.162257
0.0115
0.1515
0.12662
0.166
0.144928
0.0425
0.11039
0.152924
0.156
0.1385
0.1495
0.114329
0.0209895
0.0244878
0.138792
0.069
0.0504244
0.125937
0.031984
0.0485
0.0049975
0.134433
0.162837
0.0854573
0.125937
0.138861
0.148
0.0304848
0.00349825
0.122439
0.144928
0.0405
0.126248
0.073
0.111776
0.123438
0.122
0.102449
0.095952
0.145854
0.125937
0.18091
0.069
0.1005
0.0214785
0.1515
0.1305
0.0384808
0.0375
0.007
0.132934
0.0114943
0.0254873
0.1995
0.093953
0.153
0.130673
0.149425
0.0874563
0.131434
0.143428
0.127
0.0644356
0.144428
0.0525
0.1765
0.029
0.072
0.158
0.1295
0.0184908
0.117383
0.1165
0.017
0.141929
0.0299401
0.178
0.1445
0.1725
0.14008
0.130435
0.129741
0.0863704
0.129435
0.146853
0.0129935
0.0525
0.119
0.169915
0.149925
0.115942
0.0145
0.148
0.163255
0.0784216
0.172242
0.180729
0.0304848
0.127808
0.1205
0.118941
0.146
0.1255
0.0085
0.157421
0.149425
0.13943
0.0654346
0.0684658
0.158762
0.1095
0.0095
0.0845
0.1065
0.17033
0.0788817
0.00699301
0.0109945
0.126437
0.069
0.175237
0.011994
0.12
0.122
0.0105
0.133
0.0165
0.013979
0.1665
0.064
0.0109835
0.0145
0.1135
0.14
0.0839161
0.1595
0.134
0.145781
0.1775
0.152771
0.15035
0.142287
0.14093
0.129435
0.1115
0.118881
0.1265
0.0929535
0.0234414
0.133
0.161419
0.0964518
0.0454545
0.0674663
0.131
0.0114943
0.111
0.12681
0.0195
0.168332
0.1
0.0269461
0.116
0.101796
0.168332
0.138
0.1465
0.144855
0.0104895
0.119381
0.005997
0.00849575
0.126374
0.138723
0.133933
0.1305
0.147926
0.0484515
0.181818
0.0978532
0.138293
0.096
0.175062
0.0134865
0.110445
0.045977
0.0055
0.156344
0.0965
0.0164753
0.00749625
0.00598802
0.156
0.177645
0.158841
0.125375
0.14043
0.126937
0.014
0.004995
0.0989505
0.0104895
0.143428
0.146853
0.172328
0.1085
0.0814186
0.0935
0.1395
0.150774
0.1455
0.198
0.162419
0.121257
0.0918622
0.117383
0.0095
0.0185
0.0319043
0.1125
0.033983
0.13
0.144356
0.0399401
0.1515
0.133433
0.103
0.152771
0.123938
0.1225
0.165
0.0299401
0.1095
0.1805
0.110834
0.181727
0.0195
0.013993
0.1215
0.1505
0.0405
0.145854
0.152924
0.164254
0.134433
0.163918
0.0645
0.0035
0.0753869
0.0974513
0.1325
0.0544456
0.163
0.150699
0.016983
0.0184908
0.168332
0.111776
0.123
0.133
0.0918164
0.0249626
0.1065
0.129
0.0823764
0.14043
0.0389222
0.0965
0.0929071
0.0165
0.1245
0.122
0.172
0.137862
0.0264868
0.0104895
0.138362
0.1465
0.115942
0.0184815
0.12094
0.122439
0.033983
0.142929
0.13986
0.0855
0.143428
0.162257
0.1045
0.138861
0.1725
0.140648
0.177645
0.15
0.171
0.116326
0.148426
0.115385
0.114943
0.163337
0.154
0.147279
0.121939
0.157421
0.177411
0.158342
0.138224
0.0115
0.136932
0.0194903
0.14
0.063
0.103293
0.0149925
0.1355
0.174651
0.0918622
0.149
0.127745
0.127872
0.169415
0.00549176
0.1365
0.135432
0.156922
0.10978
0.154192
0.0794603
0.196902
0.1265
0.0055
0.12681
0.010479
0.151
0.109945
0.021
0.14036
0.0765
0.134433
0.132735
0.0689655
0.173
0.124438
0.13
0.14093
0.121878
0.132867
0.017
0.141429
0.175824
0.0925
0.172741
0.0404798
0.18
0.163673
0.125
0.0798403
0.091954
0.0319043
0.130804
0.118941
0.061969
0.15942
0.138
0.134366
0.170829
0.133
0.129
0.1305
0.0679321
0.128
0.0874563
0.1305
0.12662
0.005997
0.111832
0.00849151
0.181818
0.0194708
0.135
0.198
0.165917
0.115385
0.1385
0.0164753
0.141429
0.0194805
0.0055
0.00749625
0.021989
0.153923
0.168416
0.122877
0.151772
0.1745
0.165
0.147426
0.0844578
0.119321
0.115826
0.1285
0.151772
0.0134865
0.0989011
0.0209895
0.0135
0.031
0.126437
0.16675
0.15327
0.141218
0.0154923
0.151772
0.0905
0.006
0.1635
0.138362
0.135432
0.00349825
0.1115
0.1485
0.111444
0.0753869
0.109
0.125937
0.139
0.028971
0.012
0.101796
0.121
0.133433
0.110834
0.0994006
0.101949
0.192711
0.12681
0.163918
0.0389222
0.110834
0.163418
0.16
0.149202
0.012
0.167333
0.128372
0.0519481
0.03
0.161838
0.1635
0.00549176
0.097
0.0254745
0.155345
0.1095
0.149
0.148426
0.00798802
0.102
0.1715
0.128372
0.0405
0.138931
0.1105
0.0105
0.0069965
0.1265
0.156422
0.05997
0.146427
0.141
0.0325
0.121439
0.009
0.153923
0.1105
0.0125
0.1495
0.136432
0.1245
0.0929071
0.0215
0.0165
0.0999001
0.122939
0.137862
0.113
0.0874563
0.11994
0.049
0.152924
0.130935
0.12681
0.106947
0.0405
0.096
0.0544456
0.123
0.0129935
0.0149925
0.0904096
0.137931
0.113443
0.0035
0.132934
0.1395
0.17991
0.00349476
0.141929
0.0249875
0.146281
0.073
0.0105
0.135932
0.1385
0.180729
0.092
0.1355
0.173
0.1915
0.102
0.12038
0.0874563
0.092
0.140789
0.161838
0.092
0.195
0.148703
0.167333
0.151848
0.00949051
0.0564718
0.1085
0.108
0.12681
0.158841
0.129
0.14043
0.068
0.154923
0.0579131
0.111776
0.193307
0.143285
0.149925
0.1405
0.142
0.00749625
0.169
0.138931
0.1875
0.007996
0.1355
0.1035
0.09
0.138
0.059
0.126937
0.061
0.127
0.087956
0.112
0.118323
0.016983
0.173
0.0573852
0.117941
0.123315
0.033
0.0989505
0.085
0.0645
0.156344
0.0874563
0.127436
0.005
0.173739
0.1335
0.1225
0.157
0.12044
0.144928
0.15
0.1305
0.117
0.10978
0.170915
0.163337
0.154423
0.169415
0.0089955
0.161339
0.168332
0.141
0.169415
0.1575
0.0625
0.0185
0.0965
0.113387
0.132735
0.126
0.028971
0.0045
0.136727
0.033
0.1265
0.0784608
0.018981
0.145355
0.1335
0.115884
0.0299401
0.009
0.0149775
0.129
0.146
0.165917
0.157763
0.135432
0.125375
0.005997
0.0134865
0.147
0.127
0.1715
0.108891
0.130935
0.15
0.1575
0.107946
0.110279
0.202399
0.0085
0.149925
0.008
0.00898652
0.0184631
0.127
0.124875
0.127936
0.1665
0.0164753
0.145282
0.111832
0.138861
0.0105
0.092
0.1595
0.00998502
0.16983
0.045
0.106447
0.01
0.1615
0.142
0.09995
0.161
0.007996
0.1525
0.00849151
0.043956
0.18032
0.1525
0.0825
0.150699
0.1725
0.134366
0.163418
0.164418
0.172242
0.010479
0.143285
0.149425
0.084
0.00649675
0.173
0.0245
0.0134865
0.0069965
0.0515
0.161838
0.1585
0.1205
0.092
0.128372
0.0869131
0.1545
0.0515
0.03
0.027972
0.1795
0.0869565
0.138362
0.13993
0.091363
0.00599101
0.135432
0.064
0.11944
0.152
0.1435
0.118881
0.0184631
0.1775
0.1225
0.152924
0.0965
0.016983
0.0144855
0.127
0.042394
0.0715
0.172
0.0075
0.166
0.135864
0.173826
0.0164753
0.149925
0.123377
0.1395
0.117383
0.149
0.175412
0.0105
0.158841
0.0544456
0.13993
0.166917
0.133733
0.127872
0.1325
0.0635
0.166
0.164336
0.141
0.01999
0.1295
0.185407
0.095952
0.134433
0.013993
0.0945
0.144855
0.007
0.158342
0.164254
0.1045
0.139361
0.0179641
0.163754
0.113443
0.149
0.161
0.052
0.0135
0.0089955
0.0845
0.113387
0.00649675
0.038
0.138792
0.0255
0.0783042
0.0209895
0.138723
0.141359
0.1845
0.0145
0.117383
0.085
0.145854
0.1415
0.0214785
0.0214785
0.1415
0.147279
0.1235
0.152924
0.0044955
0.135432
0.0135
0.146281
0.163418
0.105736
0.1485
0.0794603
0.110834
0.045
0.109945
0.135
0.0874563
0.149425
0.1765
0.132934
0.0674663
0.133367
0.148851
0.115826
0.172741
0.163418
0.156
0.0244755
0.0129805
0.083958
0.013979
0.00849575
0.122
0.153
0.167249
0.132934
0.138
0.112444
0.147778
0.194
0.1045
0.131
0.1135
0.0978532
0.11994
0.0069965
0.149425
0.1485
0.0105
0.00849575
0.169
0.153423
0.137294
0.125937
0.147
0.1135
0.149202
0.171
0.1205
0.1705
0.195305
0.1495
0.097
0.117441
0.0965
0.1195
0.0215
0.125811
0.087956
0.167333
0.174
0.109945
0.1285
0.149925
0.115
0.195305
0.121257
0.157343
0.115442
0.133933
0.0465
0.0104895
0.111
0.1445
0.1265
0.1545
0.149425
0.158921
0.128
0.105447
0.147
0.146853
0.0875
0.1485
0.138931
0.0214785
0.1395
0.125
0.139
0.15
0.142
0.138224
0.003996
0.138861
0.0939061
0.1545
0.0234883
0.163673
0.17324
0.117441
0.132735
0.0625
0.0975
0.1135
0.0595
0.1615
0.176412
0.1245
0.0595
0.0779221
0.0069965
0.127745
0.0849575
0.130935
0.104895
0.0869131
0.1455
0.138
0.052
0.055
0.171828
0.063968
0.152424
0.121318
0.163
0.139
0.0823764
0.118644
0.0519481
0.148352
0.011
0.0399401
0.0775
0.142
0.097
0.143285
0.154768
0.021
0.109
0.132934
0.144855
0.0664668
0.1175
0.1595
0.032967
0.115
0.0645
0.132934
0.18
0.111832
0.126937
0.0709291
0.133433
0.112
0.173739
0.001999
0.167581
0.004995
0.0085
0.0794603
0.134299
0.154192
0.111888
0.1355
0.1385
0.138723
0.115
0.0214785
0.168
0.00649351
0.1515
0.102949
0.107946
0.1355
0.125437
0.1355
0.0525
0.125312
0.13986
0.114329
0.121756
0.178
0.105841
0.122378
0.151772
0.1935
0.115
0.00899101
0.0309845
0.128871
0.155766
0.1135
0.145282
0.153923
0.0863704
0.17991
0.141929
0.0859141
0.1245
0.15
0.115942
0.152924
0.151848
0.142429
0.121
0.165
0.162257
0.146853
0.119381
