0.219
0.262
0.249875
0.210895
0.1955
0.236
0.211788
0.235
0.17941
0.191904
0.162338
0.21
0.208687
0.1965
0.219
0.201899
0.1805
0.218282
0.2055
0.235882
0.207896
0.237644
0.205
0.1994
0.163
0.20979
0.2175
0.193806
0.206
0.22505
0.213
0.225275
0.191808
0.213
0.22977
0.212575
0.193806
0.1705
0.206793
0.216
0.192308
0.0045
0.189621
0.187313
0.223665
0.251249
0.189311
0.0214678
0.229
0.22089
0.166833
0.21507
0.2185
0.00748877
0.1997
0.012
0.232651
0.208687
0.2225
0.238
0.234
0.201899
0.203
0.23004
0.213893
0.212787
0.214893
0.235382
0.233267
0.193903
0.209
0.183908
0.248
0.211
0.2035
0.154423
0.2295
0.169246
0.2035
0.1885
0.272
0.214393
0.199
0.236
0.019
0.241259
0.252374
0.197
0.00899101
0.239261
0.250749
0.201299
0.194903
0.182227
0.202494
0.1775
0.2415
0.0129935
0.2185
0.249
0.148426
0.203094
0.190405
0.254618
0.226
0.218
0.2155
0.175
0.228886
0.192
0.2445
0.0185
0.235147
0.236645
0.177822
0.2155
0.243014
0.204693
0.225887
0.273363
0.211
0.206793
0.215676
0.212968
0.177911
0.22
0.162919
0.265235
0.0169745
0.24038
0.273363
0.137363
0.0085
0.218064
0.00649026
0.237263
0.189
0.236645
0.208687
0.2425
0.227
0.2165
0.0199601
0.165
0.2045
0.224
0.226547
0.218891
0.176912
0.263868
0.2425
0.238262
0.2155
0.220559
0.226
0.2365
0.2085
0.006
0.0169745
0.0144928
0.211289
0.207
0.235
0.204194
0.170415
0.176912
0.182909
0.197007
0.223277
0.231
0.0125
0.215
0.019
0.23938
0.233383
0.1965
0.223388
0.049975
0.192308
0.169246
0.218672
0.176412
0.1765
0.194903
0.212894
0.231384
0.227273
0.168831
0.255117
0.220559
0.198901
0.005
0.192
0.177411
0.216892
0.218282
0.00649026
0.2605
0.177411
0.1585
0.160679
0.211788
0.251
0.180819
0.0069965
0.175
0.1755
0.198603
0.128936
0.276862
0.217391
0.179231
0.2185
0.226547
0.2475
0.219
0.244256
0.2055
0.225275
0.215392
0.223665
0.23503
0.227431
0.1955
0.006
0.17941
0.162419
0.235
0.2405
0.2575
0.211
0.232535
0.213893
0.250749
0.197
0.207
0.234149
0.253
0.214893
0.230769
0.227273
0.235882
0.214393
0.251874
0.1515
0.213573
0.245387
0.218563
0.199301
0.209395
0.206397
0.229
0.2195
0.210395
0.1805
0.209
0.23988
0.1915
0.049975
0.2495
0.182909
0.1905
0.195402
0.1875
0.228044
0.20979
0.232
0.185721
0.200799
0.213
0.0144928
0.276862
0.232
0.157921
0.214893
0.2035
0.1755
0.22
0.175
0.193903
0.227
0.213893
0.221389
0.181
0.148426
0.185315
0.24038
0.211
0.234383
0.218173
0.2035
0.191904
0.191
0.188406
0.188
0.23
0.248
0.145427
0.223888
0.213893
0.234531
0.2595
0.2195
0.2075
0.2325
0.203796
0.207896
0.242636
0.256116
0.00599401
0.238262
0.214072
0.240639
0.018
0.181
0.232
0.222389
0.2365
0.1675
0.236763
0.1965
0.165
0.243378
0.1445
0.007996
0.0035
0.2375
0.199
0.2245
0.236264
0.154346
0.193806
0.1785
0.2205
0.228386
0.137862
0.0169745
0.2035
0.2
0.223665
0.161258
0.211682
0.218454
0.236264
0.18
0.174326
0.15984
0.242258
0.152348
0.203694
0.167916
0.212394
0.178911
0.2365
0.1985
0.23
0.2225
0.246
0.215676
0.22017
0.017
0.139361
0.165
0.2275
0.2135
0.22017
0.21978
0.2945
0.230654
0.235
0.2255
0.218282
0.22028
0.184316
0.223
0.0185
0.235
0.1815
0.231884
0.2715
0.1915
0.219
0.21939
0.227273
0.2305
0.244878
0.248252
0.241379
0.230385
0.243878
0.224388
0.234883
0.241758
0.233
0.2065
0.174913
0.230385
0.21967
0.2565
0.2195
0.28086
0.216068
0.163
0.0154845
0.223888
0.187406
0.177822
0.018
0.248876
0.2415
0.226274
0.239261
0.215892
0.196
0.19511
0.1905
0.217891
0.21967
0.220669
0.204398
0.2215
0.0159681
0.236882
0.215392
0.220559
0.236264
0.182409
0.2245
0.21939
0.227159
0.1995
0.2215
0.2105
0.193403
0.264236
0.183225
0.201899
0.222278
0.208896
0.217673
0.1755
0.18023
0.208292
0.2185
0.24038
0.176236
0.202
0.0075
0.18
0.165917
0.216675
0.233883
0.0055
0.172414
0.2065
0.2055
0.210895
0.2355
0.1915
0.205794
0.205295
0.2195
0.247006
0.221
0.226274
0.202696
0.185315
0.226274
0.246
0.226
0.261608
0.23004
0.196304
0.150849
0.211
0.178411
0.235
0.2015
0.163918
0.228771
0.1875
0.173913
0.214286
0.227273
0.2205
0.233383
0.0145
0.2185
0.222666
0.231
0.171914
0.230769
0.203398
0.230654
0.264
0.21939
0.201899
0.256
0.2185
0.221
