0.215177
0.244
0.218
0.236527
0.292854
0.2035
0.266
0.2635
0.230885
0.2003
0.2375
0.18041
0.262369
0.238761
0.220779
0.2155
0.289776
0.0124875
0.2525
0.246877
0.273726
0.2345
0.2715
0.264368
0.226
0.231768
0.3015
0.238642
0.272364
0.221667
0.247376
0.2105
0.2755
0.211682
0.2615
0.2335
0.277223
0.2495
0.28657
0.225
0.2265
0.23988
0.239521
0.261869
0.2265
0.204398
0.212288
0.255245
0.235882
0.246
0.2475
0.279
0.233883
0.252
0.192711
0.2835
0.257
0.228771
0.277223
0.293912
0.2475
0.2515
0.23365
0.2385
0.259481
0.2245
0.288212
0.2175
0.207792
0.269
0.256872
0.288212
0.25499
0.285215
0.2305
0.244378
0.19031
0.2465
0.2425
0.217891
0.2975
0.144711
0.233
0.255372
0.289855
0.218891
0.3015
0.223277
0.232884
0.254119
0.316342
0.273726
0.217891
0.2955
0.2865
0.202197
0.2515
0.26037
0.279081
0.1955
0.1975
0.236882
0.1995
0.293853
0.221
0.247752
0.252374
0.236
0.223277
0.283858
0.229885
0.227
0.278942
0.277361
0.236882
0.2715
0.239
0.2525
0.225
0.227431
0.228386
0.0184723
0.287712
0.2665
0.234266
0.268232
0.2001
0.2165
0.2595
0.233883
0.2399
0.207189
0.155922
0.2365
0.227273
0.218454
0.203297
0.233
0.235882
0.252
0.290355
0.278
0.237263
0.249375
0.2425
0.27023
0.214893
0.269
0.257243
0.198401
0.243
0.1835
0.237881
0.2215
0.205295
0.24038
0.218391
0.246
0.264735
0.0095
0.266367
0.233533
0.224
0.206397
0.2475
0.210895
0.2245
0.238642
0.257
0.01
0.2515
0.266234
0.193709
0.2495
0.261869
0.201798
0.284715
0.24975
0.2245
0.222056
0.251
0.241
0.218672
0.239
0.0175
0.245754
0.307846
0.230385
0.232
0.267866
0.27023
0.256872
0.245754
0.011
0.166417
0.248252
0.209186
0.247
0.1945
0.191
0.2425
0.240759
0.232384
0.218891
0.247
0.232268
0.238642
0.242636
0.171828
0.1995
0.226387
0.222278
0.1935
0.293912
0.2745
0.223
0.266467
0.175
0.253
0.259
0.210185
0.255733
0.270594
0.253247
0.217891
0.2885
0.00349825
0.2735
0.186314
0.287712
0.249626
0.257
0.226887
0.2285
0.26037
0.011
0.23365
0.3085
0.213893
0.216284
0.256615
0.268098
0.228386
0.250125
0.2605
0.243378
0.246
0.205295
0.255733
0.1955
0.208396
0.204898
0.26087
0.2715
0.217891
0.26087
0.0385
0.237
0.276086
0.261477
0.261869
0.282934
0.23976
0.268
0.232
0.202
0.26783
0.215
0.22666
0.241758
0.252495
0.257
0.235265
0.264868
0.215892
0.248876
0.272727
0.257742
0.242379
0.248376
0.242379
0.2545
0.284715
0.169415
0.267866
0.257
0.174239
0.258612
0.2135
0.275225
0.278222
0.272092
0.221389
0.284858
0.263868
0.2605
0.175
0.272864
0.2305
0.2625
0.260978
0.005
0.209186
0.2225
0.258371
0.207
0.245877
0.272864
0.196
0.236264
0.314343
0.21967
0.266
0.218282
0.21318
0.246
0.2475
0.240759
0.232384
0.237881
0.2455
0.2715
0.28
0.275
0.2635
0.2075
0.218672
0.233416
0.2655
0.241
0.2585
0.22
0.225
0.014
0.2165
0.251249
0.0184723
0.2615
0.1435
0.279
0.2145
0.282359
0.275362
0.237
0.24
0.2425
0.250125
0.255
0.217391
0.277
0.2055
0.1915
0.2445
0.247129
0.239401
0.248252
0.0134933
0.2435
0.00749625
0.00849575
0.24088
0.201198
0.2595
0.253873
0.2635
0.243
0.250624
0.18672
0.293706
0.234883
0.24
0.262369
0.227
0.28
0.2655
0.250875
0.268
0.211682
0.261369
0.241
0.258371
0.25974
0.2475
0.22039
0.22505
0.265367
0.2335
0.228771
0.203398
0.0329506
0.2115
0.282359
0.246
0.2945
0.2575
0.2555
0.184
0.252374
0.285572
0.258
0.266367
0.248
0.2235
0.171828
0.26
0.232767
0.202
0.226387
0.19511
0.206397
0.196304
0.234883
0.269231
0.182409
0.225
0.288922
0.0124875
0.227159
0.253873
0.270729
0.186907
0.185
0.232268
0.2085
0.292707
0.1994
0.231384
0.250875
0.221667
0.294
0.296852
0.249875
0.2935
0.2425
0.218282
0.211682
0.2145
0.237881
0.235882
0.230385
0.26497
0.18041
0.218672
0.238262
0.28036
0.273
0.2001
0.243257
0.24663
0.255
0.244378
0.243135
0.226
0.169415
0.268
0.241758
0.24
0.0145
0.251
0.223776
0.2835
0.27936
0.236882
0.272092
0.298851
0.247
0.253873
0.240759
0.236382
0.277
0.2325
0.0065
0.216284
0.2255
0.291854
0.275225
0.227159
0.257614
0.169415
0.284216
0.216783
0.227159
0.277
0.1999
0.235647
0.277
0.222056
0.211682
0.189216
0.218
0.267
0.227159
0.251374
0.251374
0.226887
0.261
0.2835
0.263736
0.191309
0.246753
0.202
0.280719
0.28036
0.242
0.2235
0.246131
0.303
0.277
0.222389
0.267233
0.283217
0.256
0.2575
0.2365
0.007
0.237881
0.216176
0.232884
0.275
0.217891
0.239521
0.014
0.286357
0.255872
0.243
0.252495
0.245754
0.2385
0.251
0.255
0.203398
0.290709
0.2175
0.243635
0.266
0.1825
0.202696
0.246
0.229385
0.292208
0.231384
0.244
0.01
0.233
0.00999001
0.28657
0.269865
0.225
0.2115
0.294
0.284216
0.237881
0.189216
0.214393
0.232268
0.214893
0.00598802
0.235882
0.281359
0.204898
0.312844
0.245632
0.216
0.251
0.2555
0.238881
0.261
0.237881
0.22
0.211788
0.191
0.279081
0.218282
0.249375
0.261869
0.24
0.25987
0.244
0.253373
0.25
0.253
0.269825
0.288212
0.0065
0.1835
0.2004
0.236882
0.257
0.202696
0.2955
0.2485
0.272864
0.191
0.232767
0.2805
0.2315
0.215892
0.2475
0.254745
0.252874
0.24975
0.258371
0.249251
0.2835
0.195902
0.238881
0.247752
0.01
0.226
0.2605
0.003998
0.2385
0.013
0.25974
0.232
0.231768
0.298
0.202696
0.2585
0.211894
0.219281
0.2165
0.280719
0.227772
0.187406
0.248
0.22039
0.243
0.277445
0.235382
0.239
0.28086
0.2405
0.261
0.2004
0.213786
0.286
0.00349476
0.23
0.214678
0.2515
0.0075
0.208396
0.271956
0.232152
0.271229
0.255
0.23
0.256
0.312844
0.0154923
0.222056
0.234383
0.285357
0.229271
0.247129
0.209
0.2415
0.237881
0.20669
0.291563
0.22039
0.2635
0.24
0.267866
0.144711
0.00849575
0.235382
0.253873
0.2745
0.248376
0.2365
0.283716
0.236
0.232384
0.209395
0.284216
0.2635
0.224164
0.231768
0.241879
0.256872
0.226274
0.224663
0.237263
0.236264
0.195305
0.158
0.229271
0.265367
0.285215
0.261347
0.265968
0.277223
0.272864
0.301199
0.00549725
0.3005
0.229885
0.281078
0.232884
0.241379
0.302697
0.278861
0.215569
0.263736
0.2075
0.203398
0.314343
0.233267
0.2375
0.19
0.265
0.246753
0.009
0.2225
0.257114
0.241879
0.250875
0.261477
0.21939
0.282
0.225
0.234
0.255872
0.223441
0.22039
0.254246
0.222
0.0145
0.228886
0.232268
0.23988
0.23938
0.2405
0.266101
0.243
0.225
0.2455
0.243014
0.242636
0.211394
0.272319
0.278
0.260479
0.247
0.248376
0.275225
0.236
0.246
0.256372
0.312844
0.2155
0.234266
0.257371
0.267
0.214179
0.231153
0.285429
0.247
0.252122
0.2205
0.2175
0.240639
0.284358
0.241
0.221889
0.245
0.202
0.240759
0.251
0.2975
0.2575
0.298
0.251123
0.2495
0.243378
0.150925
0.225
0.195902
0.2505
0.0335
0.2595
0.2085
0.253873
0.204
0.274
0.2415
0.009
0.272864
0.276224
0.25499
0.264236
0.222278
0.232384
0.231768
0.255362
0.235265
0.2555
0.255
0.294705
0.237881
0.199102
0.196304
0.248376
0.00849575
0.239521
0.257
0.282
0.2215
0.277
0.263605
0.240759
0.228886
0.226
0.286857
0.264368
0.25025
0.268
0.0065
0.275362
0.2875
0.232
0.23315
0.202197
0.218173
0.2605
0.284148
0.275
0.013979
0.204898
0.231768
0.272092
0.262
0.2265
0.19031
0.25
0.229656
0.223776
0.155922
0.258612
0.0174913
0.215
0.232884
0.271864
0.266867
0.2625
0.155922
0.217391
0.242137
0.2585
0.226
0.270095
0.2385
0.211394
0.005997
0.2745
0.235882
0.279
0.1945
0.199
0.242
0.275862
0.249875
0.015
0.234
0.009
0.25987
0.240759
0.2155
0.2245
0.2525
0.299551
0.231768
0.251874
0.28
0.251
0.269
0.141787
0.228657
0.2775
0.215392
0.241
0.235
0.175
0.2245
0.232384
0.264368
0.208791
0.243014
0.2215
0.252
0.233
0.205794
0.2375
0.232
0.00699301
0.240639
0.182409
0.226773
0.266367
0.246
0.207688
0.274226
0.283858
0.261239
0.212394
0.2555
0.268
0.293853
0.259111
0.282934
0.241
0.2345
0.244511
0.196705
0.278083
0.2145
0.282359
0.216284
0.316342
0.008
0.290709
0.2295
0.248376
0.278361
0.258242
0.230385
0.244878
0.269825
0.148926
0.270865
0.256
0.25025
0.223
0.226773
0.22977
0.2515
0.227159
0.286
0.281297
0.148278
0.192
0.242258
0.283716
0.196402
0.234883
0.259111
0.219
0.243756
0.256872
0.2725
0.254873
0.271728
0.1905
0.266867
0.243635
0.250125
0.007
0.25987
0.1815
0.264236
0.259481
0.246377
0.285572
0.243635
0.218891
0.2425
0.223388
0.27359
0.229885
0.214678
0.230385
0.244755
0.284216
0.3145
0.261869
0.227
0.279
0.01
0.225387
0.2305
0.201198
0.229656
0.278
0.2975
0.215177
0.213786
0.261869
0.265235
0.215392
0.250875
0.201899
0.186314
0.00548902
0.252374
0.202
0.249251
0.2175
0.2345
0.261477
0.174825
0.257
0.228
0.251874
0.230769
0.235529
0.198702
0.269825
0.322516
0.237881
0.209
0.2495
0.277
0.267866
0.211788
0.2875
0.244511
0.264368
0.247
0.1975
0.237381
0.252
0.254
0.218672
0.255
0.23976
0.268
0.243756
0.240759
0.230385
0.2225
0.223888
0.26037
0.212394
0.246131
0.011
0.213
0.228386
0.2385
0.2555
0.270729
0.263368
0.231768
0.246
0.25
0.204
0.269865
0.2485
0.25
0.184
0.2425
0.204398
0.287213
0.2275
0.253873
0.253247
0.003998
0.211894
0.243257
0.2555
0.289776
0.16983
0.259111
0.2385
0.272364
0.266867
0.235265
0.2145
0.2835
0.26037
0.255872
0.2505
0.281219
0.241259
0.2235
0.2395
0.241259
0.154845
0.195902
0.2465
0.2555
0.234
0.235382
0.248252
0.250624
0.0134933
0.248751
0.155922
0.271322
0.219281
0.215784
0.2009
0.2465
0.2155
0.2085
0.287712
0.0174913
0.213
0.28
0.2575
0.279
0.00349476
0.284858
0.261869
0.240759
0.271864
0.2655
0.249375
0.0069965
0.298851
0.246
0.2175
0.237144
0.25
0.244
0.263368
0.234883
0.239141
0.283358
0.25
0.268
0.221889
0.266367
0.214
0.253247
0.232767
0.2405
0.237881
0.274
0.232384
0.2355
0.238381
0.257114
0.248876
0.2385
0.24
0.254
0.246377
0.239
0.291854
0.248
0.206793
0.158
0.255
0.276362
0.225
0.0335
0.206793
0.144711
0.312844
0.268
0.211894
0.263237
0.233533
0.26087
0.166917
0.247129
0.2565
0.233533
0.262869
0.257
0.2885
0.28
0.005997
0.2595
0.240399
0.166417
0.187
0.2185
0.25
0.239
0.227159
0.239
0.257243
0.00999001
0.257742
0.255
0.214393
0.187
0.253247
0.234
0.197901
0.0145
0.198702
0.2655
0.297203
0.182
0.273
0.245877
0.216675
0.192
0.012475
0.1815
0.252747
0.270865
0.242757
0.259611
0.272319
0.2505
0.277223
0.268366
0.206088
0.23315
0.269096
0.265867
0.283858
0.237263
0.242379
0.282359
0.201198
0.2415
0.2465
0.2505
0.222777
0.213
0.2135
0.22505
0.2105
0.158
0.2455
0.27
0.0184723
0.202399
0.257
0.249375
0.2145
0.253873
0.25937
0.150925
0.223888
0.272364
0.265867
0.277
0.251748
0.225
0.261869
0.18041
0.224888
0.231768
0.246254
0.251374
0.2435
0.237881
0.238
0.262238
0.2485
0.201899
0.218391
0.256
0.252374
0.229656
0.263736
0.272319
0.2805
0.266367
0.0134933
0.23938
0.292854
0.239141
0.226887
0.193709
0.182409
0.283575
0.268
0.25
0.207896
0.258371
0.2445
0.261869
0.246
0.231768
0.191309
0.246377
0.318341
0.246131
0.243
0.2255
0.1955
0.272
0.234
0.240759
0.240759
0.2695
0.28
0.264735
0.263736
0.2585
0.252248
0.281
0.252747
0.235882
0.259
0.2185
0.1955
0.269231
0.26037
0.00799201
0.205
0.277223
0.221058
0.2615
0.255362
0.235265
0.2595
0.257
0.2425
0.22
0.205794
0.233883
0.235529
0.293706
0.245754
0.279081
0.234383
0.18041
0.197901
0.201198
0.1595
0.196705
0.2215
0.249875
0.2375
0.286926
0.257614
0.167416
0.275225
0.233383
0.3002
0.245377
0.235647
0.226887
0.24975
0.2685
0.234032
0.2775
0.24026
0.252243
0.2305
0.255362
0.241879
0.253
0.2145
0.2465
0.274863
0.281219
0.244511
0.277584
0.243257
0.2475
0.283575
0.244378
0.233766
0.2705
0.2635
0.229
0.222
0.2475
0.215569
0.221389
0.251123
0.271728
0.271864
0.287712
0.2685
0.253373
0.2365
0.0085
0.2625
0.227886
0.2425
0.253247
0.00698952
0.25974
0.22
0.249
0.252
0.0204898
0.20669
0.2245
0.25
0.264236
0.2835
0.252495
0.214893
0.239141
0.237881
0.239641
0.237381
0.224164
0.2155
0.264868
0.2075
0.00649026
0.24
0.248376
0.265235
0.2835
0.00548902
0.271728
0.267
0.013993
0.191
0.2225
0.005997
0.2175
0.00849575
0.207896
0.00699301
0.243635
0.237881
0.2075
0.255372
0.221058
0.2375
0.196705
0.250125
0.23938
0.256872
0.247
0.002
0.293706
0.274813
0.256
0.2665
0.214286
0.2275
0.2225
0.207189
0.245377
0.237881
0.258371
0.279081
0.215569
0.312844
0.26087
0.2685
0.2055
0.261369
0.244
0.258
0.250125
0.262
0.243257
0.2155
0.208396
0.26037
0.227159
0.222
0.2035
0.249875
0.2235
0.2395
0.236264
0.247
0.013979
0.208188
0.276862
0.245754
0.258612
0.217891
0.237263
0.2415
0.2225
0.236645
0.255245
0.298753
0.209395
0.259111
0.237
0.2365
0.215676
0.263868
0.243014
0.209
0.205
0.241379
0.230885
0.271864
0.190405
0.257
0.202
0.237
0.270459
0.244878
0.00349825
0.238024
0.22505
0.22977
0.2425
0.282359
0.218672
0.0155
0.237881
0.223888
0.2365
0.261869
0.2545
0.210395
0.245632
0.2525
0.217891
0.257
0.2085
0.277223
0.244
0.2455
0.246131
0.24663
0.265867
0.208188
0.204
0.3015
0.157
0.235265
0.27023
0.230885
0.2275
0.2465
0.271728
0.261869
0.275225
0.215177
0.2745
0.226887
0.266367
0.284715
0.012475
0.262369
0.207189
0.167916
0.2485
0.1915
0.243878
0.232884
0.217891
0.235882
0.251
0.2245
0.291854
0.241
0.252747
0.275
0.2605
0.00649675
0.27309
0.266
0.232384
0.207
0.226387
0.216392
0.261869
0.257371
0.28036
0.2175
0.256872
0.23027
0.239261
0.254373
0.202696
0.255362
0.275
0.294353
0.241758
0.2495
0.267
0.285215
0.246
0.210185
0.232
0.182
0.231
0.2235
0.212
0.2715
0.0124938
0.21318
0.268098
0.248876
0.259
0.266867
0.279
0.247
0.233883
0.23503
0.266234
0.277584
0.2315
0.2645
0.232384
0.213786
0.281359
0.2545
0.0145
0.207896
0.27
0.248252
0.248376
0.2125
0.258371
0.248376
0.234
0.275
0.251748
0.259
0.254873
0.239261
0.215392
0.216783
0.222389
0.222056
0.226887
0.256
0.226773
0.24026
0.1945
0.273
0.2495
0.232
0.0155
0.2475
0.2495
0.182409
0.2335
0.28657
0.223441
0.243135
0.211682
0.221389
0.285429
0.267
0.316342
0.235265
0.008
0.265867
0.2545
0.291417
0.298
0.247752
0.222389
0.194903
0.257114
0.223553
0.238381
0.298053
0.237144
0.2735
0.230385
0.267366
0.255733
0.234765
0.221778
0.274
0.275724
0.228771
0.255
0.284
0.2205
0.266
0.2445
0.251
0.227
0.225
0.222889
0.2175
0.236882
0.195902
0.181228
0.223888
0.24
0.241
0.263
0.264868
0.2925
0.261
0.218891
0.242379
0.2405
0.3
0.3
0.243878
0.265367
0.260739
0.272864
0.24
0.214
0.215392
0.2399
0.24026
0.226387
0.2475
0.2315
0.2345
0.243
0.274863
0.2215
0.245377
0.256
0.282
0.236
0.244
0.2725
0.266367
0.238881
0.2215
0.242636
0.267
0.266
0.218173
0.216392
0.244
0.266367
0.252374
0.147
0.209395
0.251874
0.249126
0.203297
0.003
0.241259
0.235382
0.228771
0.00999001
0.248376
0.199
0.287856
0.238
0.303
0.258371
0.2055
0.253873
0.2655
0.217391
0.252874
0.281359
0.265367
0.205
0.206088
0.2445
0.185814
0.2175
0.213786
0.216
0.223665
0.221389
0.259111
0.256872
0.247129
0.213
0.258483
0.275225
0.188406
0.2365
0.231768
0.0045
0.267
0.2835
0.00698952
0.247
0.19
0.243135
0.212
0.26497
0.256
0.257
0.251874
0.244
0.222777
0.2475
0.231
0.268366
0.227
0.206397
0.2955
0.2205
0.189905
0.26037
0.227273
0.206793
0.2175
0.2415
0.248376
0.234883
0.195706
0.216
0.285357
0.20669
0.235529
0.239
0.215392
0.2175
0.0055
0.233
0.208188
0.27359
0.295205
0.2085
0.227386
0.232884
0.264368
0.264868
0.236
0.234
0.226
0.0075
0.258371
0.256872
0.249
0.219
0.248
0.2505
0.0385
0.234
0.235
0.194306
0.247
0.2885
0.284358
0.2235
0.216958
0.218672
0.185
0.256
0.2635
0.215392
0.250125
0.257984
0.2365
0.2495
0.254373
0.2595
0.224164
0.2545
0.226773
0.26
0.23
0.2265
0.23027
0.182
0.25
0.236882
0.296352
0.206793
0.228
0.224888
0.1905
0.232884
0.235265
0.00549725
0.279221
0.254873
0.174239
0.0204898
0.276362
0.2255
0.298851
0.2009
0.239
0.251374
0.215569
0.2135
0.174239
0.252495
0.226887
0.017
0.265235
0.2725
0.148926
0.2455
0.2405
0.28036
0.2535
0.246
0.269231
0.2545
0.239401
0.25974
0.267866
0.264104
0.202298
0.296852
0.237
0.223277
0.264735
0.00549725
0.2475
0.25362
0.202
0.0065
0.241
0.264236
0.255245
0.0075
0.0085
0.263736
0.2425
0.283
0.226887
0.242757
0.244878
0.199
0.272864
0.2805
0.244
0.298851
0.205
0.244511
0.2275
0.1825
0.233766
0.232384
0.250875
0.290355
0.248376
0.247129
0.274863
0.242379
0.290709
0.288212
0.207189
0.246377
0.2335
0.28
0.182409
0.221389
0.2735
0.271864
0.22977
0.268366
0.242757
0.243756
0.28
0.277
0.015
0.219
0.211394
0.223776
0.216176
0.205
0.1955
0.2455
0.291854
0.205
0.233383
0.275362
0.226387
0.197802
0.216392
0.254873
0.292707
0.297
0.2235
0.234
0.23004
0.272228
0.238
0.238761
0.234883
0.288922
0.224
0.252
0.243257
0.2415
0.211289
0.243257
0.237881
0.2425
0.3015
0.25025
0.271864
0.2955
0.2475
0.2255
0.264
0.233
0.2325
0.272228
0.222
0.0095
0.271093
0.238881
0.2455
0.2215
0.276862
0.0044955
0.287856
0.257371
0.232384
0.259
0.268366
0.251123
0.270095
0.268866
0.237
0.21507
0.294353
0.23988
0.159341
0.252248
0.245877
