0.143357
0.1685
0.1145
0.14036
0.1505
0.135864
0.219281
0.0464535
0.169162
0.177323
0.1045
0.0175
0.196108
0.189405
0.195402
0.196206
0.195902
0.18513
0.181637
0.192807
0.214072
0.00799201
0.198401
0.156266
0.0069965
0.153846
0.168
0.175325
0.0055
0.165
0.23
0.164336
0.1635
0.173913
0.218563
0.197204
0.1105
0.174413
0.208
0.189
0.155844
0.165917
0.011
0.155267
0.1165
0.0115
0.1595
0.127
0.197
0.145781
0.014
0.2035
0.191404
0.0105
0.221889
0.2305
0.145427
0.219281
0.217891
0.0239521
0.192116
0.1565
0.146927
0.146427
0.017973
0.197
0.198702
0.114443
0.157421
0.2025
0.01
0.237381
0.194915
0.013
0.2165
0.1535
0.121379
0.182817
0.155267
0.151848
0.194
0.03998
0.045
0.195706
0.191213
0.13986
0.217
0.22977
0.153423
0.0375
0.196304
0.199
0.168332
0.051
0.0154845
0.143
0.184908
0.206
0.214571
0.166417
0.00649675
0.185315
0.125874
0.1595
0.00899101
0.24
0.191213
0.0868697
0.160759
0.17
0.1985
0.188218
0.14093
0.218
0.1305
0.128871
0.16034
0.202197
0.1405
0.175
0.132934
0.137931
0.144
0.205897
0.146
0.0115
0.011
0.152272
0.13993
0.126311
0.149
0.2025
0.215285
0.194903
0.163174
0.1997
0.165417
0.210684
0.1695
0.215
0.191213
0.2345
0.007
0.197
0.0194903
0.174239
0.016
0.166251
0.151349
0.181319
0.124875
0.202399
0.163
0.0085
0.197901
0.162338
0.0564436
0.1415
0.183408
0.164918
0.142929
0.207189
0.18091
0.186221
0.145
0.196
0.0089955
0.133234
0.007
0.178233
0.162919
0.245754
0.186813
0.0105
0.125811
0.1785
0.0695
0.163754
0.182
0.258113
0.217174
0.1925
0.199
0.194708
0.197802
0.185721
0.165917
0.162419
0.215392
0.0683292
0.0114943
0.164336
0.226387
0.141429
0.196304
0.166417
0.209395
0.147852
0.114828
0.1055
0.223
0.193806
0.146927
0.0529206
0.127436
0.150849
0.1895
0.13943
0.166917
0.197204
0.2305
0.0945
0.171243
0.212787
0.0239521
0.167665
0.201798
0.215892
0.00649351
0.056
0.164671
0.169915
0.167416
0.138
0.174738
0.1405
0.187406
0.144928
0.0115
0.0134865
0.165917
0.144928
0.190809
0.150849
0.235382
0.2002
0.1575
0.206897
0.2
0.183908
0.154845
0.188218
0.1655
0.235764
0.156687
0.221778
0.158921
0.207
0.217174
0.204296
0.22
0.232268
0.1695
0.186
0.021
0.184
0.2165
0.177411
0.222889
0.158921
0.249
0.190809
0.1625
0.176
0.209186
0.188811
0.167416
0.144284
0.171414
0.094
0.193806
0.0134865
0.1585
0.1535
0.00799201
0.0115
0.182409
0.188811
0.223888
0.0164589
0.204387
0.123814
0.00749625
0.205
0.232268
0.1675
0.126437
0.0835
0.1685
0.182409
0.194915
0.154845
0.051
0.190405
0.1595
0.00798802
0.192711
0.204
0.203898
0.137862
0.137431
0.217
0.0069965
0.167333
0.155267
0.150699
0.1655
0.0104843
0.151349
0.2095
0.2245
0.144284
0.1305
0.2245
0.235764
0.197
0.1785
0.1705
0.144928
0.204387
0.164918
0.137862
0.176
0.14
0.181818
0.085
0.2145
0.1985
0.1905
0.1845
0.1575
0.206
0.191213
0.1305
0.16002
0.170829
0.165417
0.1545
0.00849151
0.149351
0.006
0.168663
0.191213
0.0075
0.194805
0.155
0.152424
0.165417
0.03998
0.0389805
0.017973
0.0684658
0.213074
0.211183
0.154923
0.1705
0.1275
0.177911
0.201399
0.221889
0.218173
0.183
0.211366
0.200799
0.171742
0.126311
0.152924
0.1155
0.0234765
0.166251
0.145
0.0575
0.178411
0.014
0.218391
0.171914
0.185721
0.0913174
0.201899
0.147353
0.0175
0.197
0.142929
0.19321
0.159341
0.146427
0.161419
0.13993
0.1998
0.199
0.0835
0.22977
0.202399
0.00649675
0.016
0.13943
0.017991
0.152348
0.1255
0.155
0.1105
0.010978
0.183
0.21029
0.1655
0.193806
0.214571
0.166833
0.218891
0.187
0.009
0.1815
0.167832
0.1305
0.0115
0.177411
0.1705
0.18032
0.0683292
0.206
0.0889555
0.125
0.206294
0.201
0.165751
0.163174
0.124938
0.22028
0.183408
0.253
0.191
0.2245
0.0145
0.174913
0.189405
0.206
0.145781
0.162919
0.155422
0.16034
0.0089955
0.156687
0.1465
0.248751
0.134
0.168248
0.00848727
0.1375
0.167
0.173826
0.136863
0.15942
0.188717
0.166667
0.221389
0.204
0.1665
0.181409
0.162
0.202298
0.23365
0.0924538
0.00549176
0.1725
0.14036
0.0069965
0.218391
0.155
0.1502
0.1415
0.1275
0.0943585
0.183908
0.049
0.203491
0.137294
0.188218
0.216176
0.0135
0.1305
0.191404
0.1575
0.125
0.143
0.211682
0.166917
0.02
0.154346
0.1997
0.122877
0.0329835
0.222889
0.186407
0.026
0.196803
0.215
0.243513
0.1805
0.184908
0.252374
0.15
0.200799
0.172
0.181
0.201399
0.15992
0.167416
0.201798
0.1795
0.015984
0.215285
0.183408
0.1985
0.148426
0.170245
0.1555
0.1145
0.179
0.197
0.169
0.171
0.0924538
0.188811
0.213074
0.1985
0.155844
0.195902
0.138
0.231
0.225
0.1275
0.198801
0.0665
0.0129805
0.0464535
0.143
0.01
0.173
0.156422
0.145
0.223888
0.176324
0.192
0.006
0.045
0.155844
0.021989
0.204387
0.1815
0.21008
0.127936
0.187
0.21029
0.2145
0.167832
0.1375
0.017991
0.174
0.0154923
0.149425
0.103345
0.208396
0.0835
0.1595
0.1735
0.162
0.0575
0.1985
0.165
0.2005
0.202399
0.168416
0.212894
0.19031
0.1975
0.045
0.0109945
0.198901
0.162
0.0465
0.195902
0.167416
0.235764
0.183408
0.157343
0.225
0.166251
0.186035
0.0234765
0.18041
0.151349
0.221778
0.245754
0.183724
0.181909
0.172
0.162756
0.1225
0.182726
0.13979
0.201
0.167416
0.174
0.190809
0.158
0.1415
0.1705
0.0184815
0.165669
0.1895
0.1925
0.192308
0.2185
0.1775
0.204795
0.14093
0.1765
0.104343
0.0034965
0.149276
0.178411
0.1905
0.181
0.190215
0.162919
0.1375
0.1695
0.213393
0.106447
0.0405
0.232
0.248252
0.218
0.147852
0.198203
0.193709
0.0105
0.173
0.175912
0.2035
0.032
0.14985
0.226387
0.0224663
0.1785
0.0564436
0.1115
0.218391
0.160759
0.195
0.160679
0.0085
0.215285
0.1275
0.142929
0.1705
0.14985
0.206
0.150699
0.205
0.193806
0.215285
0.163418
0.157763
0.0224888
0.18041
0.195
0.15
0.207792
0.194403
0.1455
0.005997
0.1055
0.218781
0.18
0.12
0.0255
0.1695
0.155766
0.103345
0.167416
0.113943
0.0329835
0.185721
0.177822
0.127436
0.181637
0.155533
0.0225
0.162
0.00949525
0.1725
0.0149626
0.249
0.0225
0.18041
0.153347
0.118941
0.00798802
0.1775
0.202899
0.191426
0.1695
0.172414
0.174913
0.193903
0.226387
0.153846
0.171
0.170829
0.093953
0.191309
0.18041
0.00799201
0.075
0.117383
0.198
0.1615
0.1705
0.192
0.100899
0.210395
0.194209
0.2005
0.167
0.180819
0.201
0.207792
0.190809
0.211577
0.202899
0.125811
0.01
0.133234
0.204296
0.1845
0.0129805
0.207293
0.189905
0.154845
0.148204
0.1895
0.194
0.168
0.172414
0.100849
0.1605
0.016
0.196
0.1625
0.00949051
0.216392
0.136727
0.0389805
0.214393
0.161419
0.161419
0.19031
0.245754
0.196
0.063968
0.0135
0.174
0.208
0.148851
0.0895
0.2115
0.1745
0.193806
0.191309
0.206
0.0114885
0.185907
0.0115
0.1695
0.0888667
0.156922
0.0125
0.220779
0.192904
0.002997
0.0055
0.245754
0.0675
0.1865
0.15992
0.0818363
0.187812
0.21
0.0169915
0.216392
0.223888
0.1105
0.208896
0.194805
0.16
0.0175
0.201899
0.177911
0.206
0.0255
0.212394
0.191213
0.223388
0.167416
0.1815
0.029
0.0104948
0.185
0.179
0.0155
0.1735
0.044955
0.0085
0.203
0.178
0.183724
0.168
0.131434
0.127
0.227386
0.128936
0.179
0.201899
0.13979
0.185907
0.0515
0.142929
0.16092
0.1985
0.212
0.0924538
0.194209
0.172827
0.209
0.234648
0.23988
0.232651
0.205
0.223
0.175824
0.212
0.21939
0.158921
0.157343
0.177323
0.172414
0.0075
0.192615
0.100849
0.1785
0.183816
0.227545
0.0224888
0.170829
0.200699
0.185721
0.014985
0.166667
0.193403
0.196
0.132934
0.1795
0.16983
0.221889
0.109835
0.007
0.1275
0.0895
0.173
0.125437
0.009
0.185222
0.00848727
0.19321
0.17
0.166251
0.1785
0.175325
0.163
0.16092
0.015
0.100849
0.111944
0.19321
0.161838
0.145427
0.0315
0.0114885
0.172914
0.124438
0.156922
0.152272
0.197
0.155844
0.192
0.124875
0.0069965
0.172414
0.213393
0.174913
0.189
0.2
0.205486
0.2
0.166833
0.1455
0.091
0.257871
0.087
0.199
0.0264471
0.217673
0.131303
0.2145
0.201
0.2125
0.199201
0.135
0.189
0.174326
0.157763
0.17941
0.00849575
0.147
0.173
0.138155
0.15
0.248252
0.14
0.1725
0.218891
0.1875
0.209186
0.033966
0.1425
0.190809
0.191
0.1655
0.153693
0.196
0.1855
0.1635
0.150849
0.1005
0.0165
0.194805
0.2245
0.163
0.155
0.1985
0.121756
0.1765
0.196705
0.0969515
0.0655
0.0943585
0.0234765
0.178411
0.237881
0.1915
0.156422
0.137862
0.201
0.163836
0.19031
0.201
0.085
0.159341
0.152695
0.167916
0.174913
0.161419
0.1385
0.163918
0.215392
0.2025
0.1725
0.201
0.0049975
0.2165
0.201399
0.218
0.0164835
0.135864
0.2055
0.218
0.0104843
0.2001
0.004
0.0085
0.1165
0.142715
0.013
0.1765
0.205
0.0085
0.177911
0.0265
0.176823
