0.250875
0.228044
0.00749625
0.229
0.271364
0.228158
0.258371
0.258371
0.235882
0.25025
0.2295
0.267866
0.221389
0.26497
0.272727
0.2605
0.261239
0.270729
0.004995
0.226773
0.1815
0.00749625
0.25937
0.2275
0.230885
0.245377
0.256
0.158
0.24975
0.2985
0.2435
0.2465
0.259611
0.246254
0.2655
0.253373
0.26037
0.284858
0.2815
0.216
0.28086
0.248627
0.28036
0.241638
0.242
0.264104
0.2645
0.25362
0.2485
0.0104895
0.283
0.255
0.269365
0.246131
0.241
0.236
0.253873
0.2395
0.255988
0.2875
0.2205
0.29306
0.276
0.221889
0.256872
0.2795
0.2845
0.007996
0.283858
0.221557
0.2
0.232884
0.256
0.314
0.2795
0.246254
0.213893
0.250375
0.250375
0.253
0.24088
0.25
0.247006
0.239
0.245377
0.285357
0.247376
0.2665
0.27986
0.261738
0.262869
0.211
0.210684
0.273726
0.172914
0.260609
0.228
0.236
0.212288
0.2425
0.276
0.253247
0.251374
0.209395
0.256
0.262869
0.0144928
0.263
0.213
0.239
0.280719
0.264236
0.302849
0.229885
0.252
0.304543
0.275587
0.235382
0.282934
0.203694
0.257
0.2705
0.222389
0.215
0.231
0.2785
0.2335
0.272
0.224938
0.0204898
0.285714
0.248
0.275724
0.278
0.218282
0.2695
0.262737
0.245877
0.267366
0.275724
0.231
0.228771
0.276862
0.232884
0.253373
0.218672
0.2175
0.268463
0.193
0.249
0.2575
0.286857
0.240399
0.216892
0.2905
0.228
0.2205
0.252
0.285857
0.262369
0.2855
0.240519
0.249126
0.243878
0.205897
0.278582
0.258242
0.288
0.224938
0.223
0.2395
0.28086
0.2185
0.295
0.270729
0.252874
0.0184815
0.252874
0.258741
0.2685
0.28971
0.269231
0.007
0.183
0.262369
0.219
0.268866
0.260739
0.271364
0.008
0.1815
0.277223
0.276
0.289855
0.238024
0.215892
0.204398
0.241259
0.276362
0.226048
0.288212
0.2305
0.242379
0.2385
0.253373
0.276
0.245877
0.224663
0.243135
0.195
0.288423
0.268232
0.281859
0.216783
0.241259
0.274725
0.256
0.007
0.273
0.2355
0.243135
0.300549
0.29
0.235764
0.238381
0.276
0.238262
0.2
0.007996
0.253873
0.274
0.2515
0.32084
0.300549
0.2815
0.267
0.252
0.283
0.244
0.262869
0.263736
0.247
0.228158
0.288212
0.265867
0.2555
0.277584
0.244256
0.235764
0.269096
0.284358
0.2585
0.281219
0.243
0.280719
0.274863
0.2595
0.2205
0.237
0.229
0.2505
0.273726
0.237
0.297702
0.263868
0.255617
0.232152
0.2425
0.27986
0.263868
0.246
0.241138
0.215
0.272727
0.2735
0.270865
0.246254
0.28971
0.2545
0.2395
0.317682
0.256372
0.255
0.25937
0.244878
0.251249
0.215892
0.248876
0.2565
0.245377
0.24
0.293353
0.294
0.25362
0.2505
0.2505
0.238024
0.2945
0.267964
0.224663
0.235147
0.237
0.238784
0.251
0.286857
0.264735
0.258
0.269
0.299
0.258
0.2485
0.288711
0.252874
0.2885
0.29306
0.29356
0.2655
0.2145
0.276862
0.308346
0.241879
0.235382
0.223776
0.2775
0.225887
0.242
0.208791
0.258242
0.299
0.253746
0.2775
0.237644
0.252374
0.29356
0.2645
0.236
0.235382
0.259241
0.245255
0.218173
0.237381
0.218672
0.201198
0.282218
0.209291
0.255872
0.317682
0.246507
0.245377
0.25987
0.2135
0.230385
0.2605
0.255
0.263368
0.238
0.245377
0.24
0.242879
0.272591
0.251874
0.249
0.259241
0.247
0.265867
0.229156
0.268
0.2485
0.2845
0.282934
0.251497
0.244378
0.222278
0.25
0.265867
0.2585
0.261
0.0184815
0.26497
0.254373
0.2305
0.222278
0.229385
0.288
0.255117
0.26087
0.1875
0.252
0.249126
0.2625
0.256872
0.257
0.2385
0.2515
0.268232
0.270095
0.213
0.238024
0.223388
0.25937
0.22505
0.24975
0.2695
0.308346
0.267465
0.25362
0.194403
0.2295
0.280719
0.0134933
0.281359
0.2425
0.272
0.265367
0.255117
0.2625
0.235265
0.267964
0.241
0.268366
0.2335
0.251249
0.176823
0.241
0.222
0.1995
0.291
0.317682
0.305847
0.267732
0.255117
0.304848
0.228543
0.282859
0.287139
0.272727
0.251374
0.305
0.245
0.212681
0.258
0.2735
0.248
0.274863
0.255372
0.2535
0.236
0.195305
0.249251
0.284358
0.291272
0.273863
0.223
0.233
0.201198
0.267964
0.27936
0.247376
0.228
0.007
0.265867
0.2495
0.2585
0.296703
0.2505
0.2445
0.242394
0.265367
0.278361
0.02
0.256872
0.00649351
0.212469
0.256872
0.226387
0.2655
0.236882
0.005997
0.241
0.259611
0.228272
0.290709
0.241
0.236882
0.24038
0.229
0.003998
0.235882
0.2035
0.229
0.2155
0.297054
0.269
0.287856
0.257
0.28086
0.212
0.256372
0.261
0.276
0.274
0.286
0.2435
0.267366
0.283
0.222278
0.262107
0.261
0.006
0.0134933
0.210395
0.245877
0.231384
0.288856
0.224
0.297851
0.294264
0.226274
0.256743
0.261869
0.2455
0.265867
0.277361
0.318182
0.204
0.235265
0.235
0.255245
0.244
0.272
0.2595
0.237881
0.2795
0.270729
0.271364
0.262369
0.239
0.25362
0.219
0.290709
0.208791
0.249002
0.245877
0.306
0.216
0.224388
0.287856
0.2655
0.238381
0.00649675
0.256487
0.257614
0.264
0.216
0.235382
0.244256
0.2565
0.262606
0.241
0.202
0.2505
0.253873
0.246254
0.247253
0.21978
0.24975
0.0149701
0.227886
0.244
0.243878
0.255117
0.0149701
0.211
0.239141
0.2665
0.261
0.260739
0.257614
0.2
0.2505
0.299
0.281359
0.277223
0.2625
0.247129
0.2595
0.214
0.2625
0.0134933
0.00799201
0.254873
0.287569
0.235647
0.279581
0.2575
0.2575
0.286
0.272228
0.2325
0.263
0.218282
0.216176
0.225275
0.228044
0.253247
0.258371
0.276
0.294853
0.265867
0.226887
0.227386
0.269
0.1885
0.225549
0.263972
0.252
0.287856
0.012
0.222
0.272591
0.295852
0.266733
0.28657
0.23988
0.288212
0.261
0.245255
0.201299
0.208
0.241879
0.237026
0.244256
0.232384
0.274863
0.256
0.2775
0.2395
0.231384
0.243257
0.215
0.2695
0.229
0.2505
0.256372
0.0035
0.1675
0.281437
0.292854
0.263605
0.193
0.2495
0.251748
0.211682
0.189405
0.254373
0.238
0.223776
0.257371
0.225275
0.273863
0.214
0.263868
0.223388
0.250624
0.258242
0.277361
0.222
0.23938
0.253373
0.196902
0.235
0.2465
0.257371
0.284573
0.256
0.256872
0.2365
0.28008
0.329335
0.262974
0.224164
0.225162
0.268
0.26037
0.275362
0.24663
0.25312
0.2495
0.2465
0.205897
0.2835
0.248
0.295852
0.2605
0.226887
0.273863
0.235764
0.261
0.213
0.24
0.296703
0.283
0.265867
0.281
0.2205
0.272864
0.266733
0.2235
0.2355
0.226
0.0075
0.258242
0.2345
0.2305
0.2485
0.254246
0.235764
0.24026
0.241379
0.291209
0.271
0.245377
0.254119
0.021989
0.2605
0.270865
0.224938
0.2445
0.294853
0.0085
0.2175
0.277361
0.229
0.2565
0.2905
0.222889
0.25974
0.2415
0.258741
0.25937
0.225
0.238
0.219171
0.255372
0.2795
0.255117
0.242137
0.2605
0.2455
0.263368
0.2775
0.247376
0.249375
0.265734
0.264236
0.283
0.239
0.294206
0.004
0.2845
0.2445
0.20979
0.318341
0.25
0.276309
0.270729
0.2775
0.317841
0.262737
0.284358
0.2265
0.248
0.278083
0.022
0.213287
0.23938
0.265469
0.231269
0.256872
0.2655
0.273363
0.2775
0.2165
0.268962
0.254373
0.012
0.007996
0.234383
0.272
0.267964
0.23938
0.2585
0.258242
0.2145
0.271864
0.278
0.262606
0.208
0.300699
0.278361
0.2545
0.241895
0.28086
0.2785
0.0134933
0.254373
0.263972
0.2155
0.0195
0.255872
0.228771
0.0075
0.244878
0.24088
0.27023
0.291354
0.2135
0.2095
0.255372
0.229885
0.262369
0.248252
0.257
0.209895
0.267732
0.266101
0.278
0.234383
0.191808
0.252874
0.253746
0.252747
0.2705
0.2465
0.260739
0.221389
0.282717
0.237644
0.241638
0.20979
0.271
0.283358
0.2265
0.276362
0.213
0.268866
0.219281
0.213287
0.236
0.244378
0.254491
0.284
0.271
0.253373
0.2475
0.24038
0.234383
0.267732
0.260609
0.28036
0.246877
0.24
0.250624
0.228158
0.28086
0.252994
0.212182
0.253373
0.238
0.2395
0.248876
0.23976
0.267599
0.2055
0.259241
0.2495
0.2665
0.2335
0.2595
0.256
0.274863
0.271728
0.26497
0.254373
0.2445
0.224388
0.236
0.271728
0.236028
0.248376
0.178322
0.289211
0.2325
0.266367
0.288423
0.246
0.2695
0.2815
0.20979
0.20979
0.267366
0.267732
0.276585
0.236645
0.243756
0.2935
0.235647
0.274363
0.2815
0.242879
0.266367
0.262606
0.2815
0.2495
0.3215
0.272
0.221778
0.241
0.297851
0.234765
0.236882
0.247
0.2545
0.217
0.306347
0.24002
0.251374
0.268232
0.252621
0.2345
0.253247
0.237381
0.007
0.22505
0.235382
0.287425
0.293353
0.228886
0.255617
0.267866
0.281
0.2075
0.244256
0.268
0.2785
0.305
0.231
0.219281
0.255872
0.27972
0.2335
0.216176
0.244878
0.225387
0.271
0.185407
0.207396
0.267732
0.251874
0.240759
0.224888
0.240519
0.243135
0.217391
0.297851
0.2375
0.254373
0.287356
0.210395
0.207396
0.209395
0.2795
0.246
0.261869
0.285215
0.284074
0.221889
0.225662
0.248376
0.258741
0.246131
0.222389
0.268463
0.286926
0.22505
0.243135
0.2175
0.230385
0.276585
0.28008
0.276723
0.276862
0.184815
0.225
0.2665
0.249375
0.293
0.236645
0.263868
0.258
0.26087
0.248876
0.286284
0.318182
0.230385
0.213393
0.262369
0.25998
0.244256
0.272591
0.2505
0.237381
0.257371
0.2705
0.265469
0.249126
0.259241
0.277361
0.281859
0.204398
0.24088
0.2735
0.2
0.272228
0.283858
0.288
0.284573
0.24026
0.2535
0.218391
0.23988
0.267366
0.239261
0.217
0.276723
0.242
0.281
0.226773
0.2285
0.2545
0.203694
0.265734
0.254
0.269825
0.237381
0.243878
0.281578
0.1835
0.121318
0.251497
0.2355
0.223388
0.292354
0.00649351
0.264104
0.260739
0.259241
0.2475
0.256615
0.276723
0.228771
0.2755
0.2245
0.271093
0.290065
0.310379
0.284
0.275362
0.2675
0.248
0.239
0.270729
0.287569
0.32084
0.293353
0.273227
0.296352
0.230385
0.254373
0.2235
0.272727
0.232036
0.219
0.2635
0.2545
0.236645
0.236
0.255872
0.292854
0.272727
0.2635
0.271093
0.308038
0.28971
0.267866
0.258242
0.258
0.194403
0.2035
0.2835
0.232884
0.282717
0.250875
0.009995
0.249375
0.275362
0.243378
0.28008
0.305847
0.265367
0.258871
0.209395
0.00649351
0.286926
0.28022
0.270365
0.210684
0.2505
0.242137
0.2145
0.016
0.237381
0.2004
0.265469
0.228386
0.236
0.267732
0.300699
0.24
0.245877
0.272228
0.232884
0.2595
0.241379
0.250499
0.258612
0.27994
0.248
0.213393
0.2585
0.231884
0.273227
0.0125
0.2485
0.241879
0.2145
0.27
0.236763
0.279
0.231884
0.209895
0.2585
0.255372
0.265
0.226274
0.255117
0.2435
0.007
0.217
0.220559
0.243378
0.269365
0.271864
0.268866
0.216176
0.239
0.183
0.225935
0.2535
0.242636
0.308346
0.25025
0.213
0.283075
0.256743
0.0114943
0.2395
0.224388
0.284
0.184908
0.276
0.247752
0.2605
0.217283
0.258242
0.222
0.251
0.265102
0.236
0.22505
0.2695
0.232651
0.24038
0.220559
0.244755
0.256872
0.243878
0.223
0.267866
0.222
0.284074
0.268232
0.0244878
0.218891
0.275
0.0135
0.247876
0.261
0.016
0.011982
0.294853
0.308346
0.239141
0.273363
0.007
0.272228
0.273863
0.2905
0.2915
0.257
0.248
0.221389
0.207896
0.235265
0.235265
0.007996
0.007
0.255372
0.2825
0.248
0.208
0.243378
0.228272
0.2145
0.172914
0.197901
0.303848
0.304
0.270594
0.252122
0.288856
0.242379
0.248252
0.254
0.230654
0.290855
0.1815
0.225387
0.235764
0.251
0.261239
0.245877
0.2715
0.2165
0.291209
0.00749625
0.238143
0.221889
0.2875
0.2295
0.284
0.269825
0.243756
0.284858
0.277223
0.222889
0.273726
0.236645
0.267
0.246131
0.231384
0.239
0.233
0.2395
0.266367
0.257
0.2025
0.261738
0.276
0.25937
0.245255
0.250624
0.0105
0.235
0.218
0.28008
0.287856
0.226274
0.242879
0.2375
0.230885
0.231884
0.2735
0.2305
0.240399
0.236028
0.242
0.215569
0.233
0.259241
0.23988
0.250624
0.262869
0.291354
0.2055
0.221279
0.3075
0.248376
0.004
0.256372
0.0244878
0.2655
0.255872
0.231384
0.308346
0.269865
0.2935
0.225662
0.2755
0.2395
0.2235
0.242879
0.229
0.237644
0.275
0.248876
0.265867
0.231384
0.289855
0.250375
0.2405
0.250375
0.296703
0.230385
0.19321
0.262737
0.259
0.241259
0.213393
0.2305
0.225774
0.234383
0.199
0.265469
0.285357
0.267732
0.241379
0.222889
0.274863
0.270729
0.286
0.197
0.2395
0.258
0.271364
0.2305
0.216284
0.225662
0.214785
0.283
0.273863
0.242
0.275362
0.284573
0.252122
0.215
0.2825
0.2635
0.263
0.3005
0.287356
0.254373
0.255744
0.23976
0.242379
0.2395
0.2345
0.191309
0.242379
0.285
0.247376
0.2795
0.210395
0.2625
0.2325
0.2505
0.216
0.266867
0.271956
0.254873
0.275
0.273726
0.3115
0.26087
0.2825
0.262869
0.287139
0.221
0.258741
0.244378
0.007
0.273453
0.2605
0.254
0.290855
0.273453
0.261869
0.270865
0.266867
0.275087
0.25362
0.262869
0.24975
0.229385
0.232884
0.2355
0.293353
0.254745
0.212681
0.022
0.3005
0.284074
0.254373
0.216392
0.245
0.222
0.305
0.254
0.2645
0.24975
0.220559
0.2585
0.269825
0.1875
0.300699
0.2395
0.232
0.271864
0.261239
0.274863
0.28008
0.218891
0.221168
0.21989
0.217391
0.247376
0.27
0.2665
0.256372
0.253873
0.25025
0.268866
0.238
0.262869
0.2605
0.212
0.275
0.294853
0.2595
0.242879
0.270865
0.243
0.27986
0.250499
0.253746
0.177911
0.234383
0.2185
0.243
0.25937
0.2875
0.254491
0.233383
0.244
0.247376
0.308346
0.281
0.287856
0.268
0.250375
0.252
0.248376
0.271093
0.183
0.245377
0.256
0.256
0.21978
0.230385
0.252994
0.201299
0.0089955
0.264104
0.255744
0.00849575
0.2445
0.2535
0.2515
0.2075
0.231
