0.199102
0.2055
0.2805
0.01
0.232767
0.204898
0.212394
0.215892
0.1565
0.2525
0.23
0.212681
0.264104
0.2405
0.241
0.266733
0.231884
0.2265
0.242137
0.0159681
0.2585
0.226274
0.203
0.191
0.235764
0.242379
0.251249
0.182817
0.2165
0.13993
0.263
0.243378
0.0115
0.193403
0.161919
0.235
0.256872
0.255245
0.217891
0.210185
0.217673
0.25974
0.165417
0.241758
0.224052
0.225387
0.187906
0.201798
0.225549
0.2485
0.172
0.23938
0.227886
0.238
0.264706
0.23027
0.207896
0.004995
0.192
0.1725
0.231
0.244256
0.199
0.168
0.238881
0.234383
0.206294
0.190405
0.212
0.232
0.194
0.2325
0.223776
0.193903
0.217174
0.2235
0.239141
0.221279
0.256858
0.276585
0.242137
0.245877
0.238143
0.0065
0.251748
0.238761
0.23027
0.251
0.229
0.00749251
0.2295
0.195402
0.246377
0.253873
0.248376
0.21989
0.194306
0.225387
0.00899101
0.222389
0.2465
0.2085
0.2455
0.00549725
0.264104
0.203796
0.224276
0.2365
0.257
0.196902
0.1855
0.214785
0.225662
0.235882
0.226887
0.227886
0.2175
0.271864
0.251874
0.222
0.19031
0.211394
0.023988
0.234032
0.01
0.2405
0.225162
0.286357
0.24088
0.2175
0.1785
0.2265
0.195305
0.2145
0.184908
0.252374
0.234032
0.211894
0.251249
0.159
0.24
0.223888
0.252248
0.234149
0.250375
0.1565
0.262737
0.00499251
0.2315
0.22
0.221168
0.2525
0.202797
0.235147
0.243
0.199
0.192404
0.16018
0.197401
0.0134865
0.257614
0.228272
0.251372
0.22394
0.2625
0.24038
0.203
0.243257
0.255872
0.005997
0.175325
0.157264
0.303045
0.236763
0.243257
0.227772
0.235
0.2585
0.232384
0.22039
0.21
0.184408
0.2525
0.2009
0.2325
0.210185
0.2325
0.163
0.147426
0.1825
0.187906
0.23976
0.213393
0.193403
0.214785
0.159
0.1495
0.251996
0.2365
0.2285
0.21
0.255245
0.2215
0.257
0.221889
0.229885
0.203
0.233383
0.254119
0.25312
0.0185
0.213287
0.206
0.182
0.25937
0.188906
0.1575
0.269231
0.273363
0.172
0.228272
0.23
0.207
0.2295
0.2475
0.227886
0.199
0.23315
0.231768
0.250749
0.228
0.235
0.2265
0.251
0.245377
0.192
0.216892
0.19012
0.243878
0.230885
0.2445
0.2545
0.235
0.238
0.223388
0.252
0.232
0.0204795
0.246753
0.2535
0.0129935
0.203593
0.2465
0.2655
0.161
0.226887
0.2015
0.230385
0.2545
0.263868
0.234
0.220779
0.181909
0.235882
0.191904
0.22394
0.213393
0.224276
0.237381
0.218891
0.00149775
0.00949525
0.1635
0.234883
0.191213
0.162594
0.1695
0.196
0.228272
0.224888
0.238881
0.252248
0.196304
0.209895
0.23004
0.178411
0.2145
0.197401
0.21939
0.225662
0.0154845
0.226387
0.2185
0.208687
0.254373
0.2085
0.226274
0.255245
0.237381
0.198
0.248751
0.187906
0.201899
0.028
0.226048
0.2755
0.23938
0.209476
0.252
0.23976
0.232384
0.2365
0.2225
0.2245
0.234383
0.145355
0.246377
0.008
0.211394
0.230385
0.206
0.228
0.233883
0.246
0.26497
0.2015
0.217283
0.23988
0.221389
0.233267
0.246
0.1725
0.224826
0.190905
0.202899
0.225387
0.213573
0.0105
0.25
0.230385
0.191
0.186407
0.230155
0.212
0.2575
0.225387
0.221
0.232535
0.21978
0.254618
0.261369
0.211394
0.217891
0.009995
0.238
0.2175
0.270095
0.0129935
0.199
0.230885
0.241758
0.209291
0.245877
0.147353
0.01
0.2535
0.2325
0.221279
0.225387
0.225
0.226387
0.258871
0.215892
0.222167
0.2385
0.2225
0.187718
0.2675
0.2325
0.00949525
0.133799
0.218891
0.234149
0.201
0.212
0.1915
0.227886
0.243257
0.234266
0.254745
0.223888
0.214179
0.26
0.231768
0.231384
0.258371
0.229156
0.244
0.234
0.296
0.226
0.188906
0.239
0.212
0.217283
0.238024
0.247876
0.237
0.254246
0.204194
0.25025
0.251249
0.171243
0.214678
0.214
0.1994
0.239261
0.217891
0.2265
0.2385
0.248
0.256872
0.21939
0.005
0.2095
0.197901
0.217891
0.195
0.208687
0.21
0.223277
0.234883
0.270729
0.2155
0.1835
0.222
0.245
0.2125
0.2105
0.25025
0.223277
0.244
0.276862
0.247876
0.2205
0.210895
0.2245
0.241758
0.203898
0.0045
0.0114885
0.260739
0.203898
0.218891
0.206
0.157
0.281219
0.224775
0.23315
0.205295
0.255372
0.2295
0.282435
0.215
0.260609
0.0204898
0.2105
0.218
0.25937
0.172914
0.00549176
0.231653
0.22
0.269231
0.2315
0.230385
0.193903
0.243378
0.215
0.221889
0.222
0.1845
0.2585
0.218672
0.01
0.2275
0.21989
0.235764
0.2415
0.229
0.221945
0.250624
0.2
0.201399
0.252874
0.013
0.224888
0.1915
0.248376
0.284358
0.18041
0.229156
0.255744
0.251372
0.170245
0.005
0.0114943
0.0194903
0.216
0.226
0.2175
0.237
0.213893
0.238
0.2585
0.213679
0.247752
0.238
0.01
0.2295
0.194403
0.218891
0.250749
0.193903
0.2415
0.01
0.217391
0.21978
0.205794
0.250875
0.2585
0.21978
0.245255
0.2325
0.235
0.2009
0.228886
0.243257
0.246254
0.251374
0.23938
0.244134
0.219
0.211289
0.196902
0.217
0.2265
0.252
0.262238
0.238
0.199
0.189
0.2405
0.217391
0.212394
0.193403
0.023988
0.247876
0.157264
0.262475
0.284358
0.0135
0.218891
0.23938
0.22
0.243378
0.218891
0.204
0.213573
0.223776
0.2395
0.230155
0.232884
0.225
0.232767
0.0154768
0.228886
0.238761
0.193403
0.2145
0.2255
0.228
0.2445
0.235
0.238381
0.021
0.225387
0.252747
0.278861
0.187906
0.2365
0.201798
0.199
0.242137
0.221389
0.210395
0.008
0.231884
0.240399
0.273
0.218
0.218
0.0144928
0.192
0.248
0.244378
0.232767
0.209291
0.194112
0.226
0.239
0.2105
0.227886
0.243378
0.258612
0.2465
0.013
0.225162
0.235
0.217891
0.203694
0.240519
0.306847
0.244256
0.1975
0.241
0.0244878
0.257614
0.1885
0.231384
0.227886
0.2525
0.147426
0.243
0.251874
0.2285
0.234149
0.1845
0.0144783
0.18672
0.223
0.190405
0.273
0.1995
0.2095
0.283858
0.235882
0.186
0.207086
0.165417
0.222
0.217891
0.216
0.271
0.25
0.2375
0.241879
0.229042
0.247253
0.203593
0.1955
0.2385
0.205
0.218891
0.2175
0.247253
0.228386
0.2275
0.2615
0.187812
0.2525
0.241018
0.237381
0.196304
0.227886
0.00799201
0.257871
0.232384
0.255245
0.215892
0.2445
0.216783
0.111333
0.256872
0.236645
0.250749
0.0065
0.209395
0.212394
0.20509
0.242
0.231153
0.25025
0.2445
0.224388
0.248
0.262369
0.272092
0.23938
0.182
0.2535
0.162837
0.197
0.216176
0.187718
0.0045
0.237381
0.00649351
0.257614
0.216892
0.23938
0.225387
0.231384
0.2085
0.214
0.175
0.249002
0.2
0.227772
0.0085
0.255372
0.242379
0.235764
0.250749
0.21
0.253
0.221834
0.196705
0.2105
0.211289
0.2105
0.200799
0.234
0.181409
0.266
0.210185
0.214571
0.221667
0.223
0.177
0.207396
0.0189905
0.267366
0.173
0.236
0.235382
0.259
0.1865
0.2055
0.213393
0.020979
0.194
0.1885
0.22666
0.2175
0.2415
0.2195
0.202298
0.2175
0.238143
0.197605
0.250875
0.251748
0.2565
0.004995
0.226387
0.239261
0.2375
0.248376
0.236382
0.218891
0.2245
0.228158
0.231269
0.213393
0.201995
0.226274
0.225
0.1885
0.253873
0.172741
0.25312
0.1965
0.235265
0.2255
0.2475
0.2245
0.266733
0.2645
0.192404
0.257
0.00649675
0.21318
0.1975
0.26011
0.212681
0.208
0.216783
0.247
0.245754
0.0135
0.267366
0.0069965
0.2225
0.2185
0.1999
0.241
0.229271
0.192
0.248376
0.234531
0.216783
0.233383
0.236
0.23
0.242379
0.243378
0.281
0.199102
0.255372
0.2535
0.251874
0.200699
0.208
0.259611
0.0114885
0.223388
0.228
0.231269
0.199
0.242879
0.17515
0.264207
0.1865
0.225387
0.197605
0.213
0.2265
0.234149
0.176
0.184408
0.25937
0.281
0.262
0.224775
0.2265
0.237381
0.197401
0.2245
0.250375
0.2135
0.214
0.191213
0.229042
0.1705
0.22977
0.226547
0.214179
0.0114885
0.2705
0.241
0.2445
0.00949525
0.259241
0.245
0.22
0.219
0.203796
0.199
0.225387
0.21
0.00899101
0.266
0.254618
0.251
0.246877
0.207293
0.0065
0.227886
0.217565
0.194514
0.201798
0.188717
0.224276
0.2015
0.1785
0.222
0.189905
0.238881
0.271
0.225
0.213393
0.2465
0.227886
0.201798
0.210895
0.237
0.2125
0.238381
0.248751
0.223388
0.232
0.236
0.252
0.231153
0.0135
0.217174
0.239
0.240519
0.1725
0.2285
0.229
0.255
0.1965
0.243
0.191904
0.201697
0.161919
0.210395
0.236763
0.234648
0.221889
0.217
0.204
0.2405
0.225
0.250749
0.0075
0.2225
0.25
0.0069965
0.2535
0.2225
0.254246
0.254373
0.2845
0.223388
0.238
0.244755
0.264706
0.198702
0.209291
0.231153
0.212
0.216
0.209395
0.236
0.24088
0.23938
0.16018
0.244
0.247876
0.236
0.214
0.26497
0.181409
0.187812
0.22
0.2245
0.248751
0.2045
0.216
0.238
0.209186
0.1975
0.25937
0.220779
0.216
0.205295
0.259241
0.2245
0.22
0.241
0.231
0.184815
0.187906
0.271864
0.270365
0.222389
0.2595
0.206
0.1785
0.2675
0.212394
0.230385
0.249875
0.01
0.2045
0.242879
0.183724
0.211894
0.1885
0.00399401
0.151198
0.214286
0.209895
0.203
0.00649675
0.2305
0.168
0.206397
0.1855
0.186
0.214286
0.2265
0.250375
0.223
0.239
0.222
0.276
0.0189905
0.251748
0.182
0.18981
0.254618
0.00399401
0.0114943
0.2755
0.111333
0.232152
0.186314
0.2105
0.2585
0.249501
0.1885
0.205397
0.263
0.249002
0.286357
0.218781
0.2325
0.256858
0.210185
0.210185
0.221
0.207189
0.2025
0.255489
0.23938
0.236
0.238
0.231
0.2125
0.226
0.218064
0.229385
0.2165
0.172741
0.2025
0.2035
0.249626
0.212288
0.205295
0.221889
0.182
0.268366
0.0159681
0.251874
0.255245
0.175
0.209895
0.227659
0.204898
0.205295
0.218391
0.264603
0.234531
0.203297
0.163418
0.25
0.255872
0.228272
0.239
0.201899
0.215892
0.183
0.222
0.226
0.225
0.215892
0.0154845
0.2355
0.24
0.2705
0.262238
0.228272
0.18672
0.1865
0.0154845
0.242879
0.203398
0.202399
0.224388
0.1425
0.201
0.21989
0.2655
0.227772
0.278
0.212
0.21
0.2045
0.164918
0.147426
0.2645
0.194
0.238881
0.235647
0.201798
0.225387
0.216176
0.232384
0.2215
0.18
0.252374
0.0114885
0.217174
0.193613
0.2225
0.213893
0.257614
0.224826
0.00749625
0.26497
0.2365
0.245132
0.198203
0.229271
0.2215
0.2165
0.1855
0.0129935
0.237
0.255245
0.186407
0.184815
0.238143
0.197
0.218064
0.235147
0.255872
0.177
0.188811
0.2575
0.23004
0.267
0.226
0.251874
0.214
0.238381
0.202
0.262737
0.263368
0.226387
0.255
0.237
0.2445
0.2495
0.239261
0.207688
0.224826
0.252374
0.194306
0.216392
0.184316
0.244256
0.232
0.194
0.231384
0.183408
0.248252
0.21978
0.164918
0.210185
0.222889
0.229156
0.0065
0.2535
0.24038
0.2465
0.204898
0.231
0.1333
0.204898
0.198702
0.2215
0.209895
0.008
0.245877
0.221667
0.239
0.22
0.2095
0.226387
0.217891
0.228272
0.2465
0.2115
0.2775
0.225
0.245
0.245754
0.202
0.232651
0.216783
0.193903
0.214
0.225
0.222
0.239261
0.203694
0.209395
0.00549725
0.223
0.0144855
0.195402
0.210789
0.263
0.235147
0.251996
0.1945
0.244755
0.228272
0.1855
0.211
0.2225
0.214785
0.175736
0.253873
0.257871
0.241638
0.0129935
0.1825
0.181909
0.201798
0.235
0.1705
0.269231
0.19321
0.256
0.0209895
0.227886
0.2125
0.176412
0.21029
0.198401
0.2445
0.229
0.224663
0.242
0.278
0.230885
0.208687
0.256244
0.252
0.18
0.227159
0.270958
0.2185
0.205295
0.254373
0.215
0.0115
0.2255
0.203
0.220669
0.148426
0.224388
0.213393
0.251
0.245132
0.228771
0.234
0.213893
0.252248
0.229
0.238
0.169915
0.212394
0.221168
0.197703
0.0129935
0.239261
0.2525
0.269865
0.22017
0.269
0.244256
0.1855
0.24038
0.228
0.1595
0.210789
0.220669
0.264104
0.215
0.209895
0.25937
0.266
0.191904
0.226887
0.183724
0.2445
0.2625
0.232384
0.248
0.241
0.25
0.2365
0.192212
0.165751
0.238
0.00549725
0.209186
0.24088
0.215892
0.210895
0.216176
0.217
0.2175
0.003996
0.201
0.24788
0.2
0.245754
0.00349476
0.249501
0.248376
0.2455
0.00349476
0.185
0.276585
0.2365
0.267233
0.201
0.246377
0.146
0.2495
0.2
0.197605
0.173413
0.24975
0.229
0.212182
0.187906
0.253
0.191904
0.21
0.25937
0.25937
0.22
0.222
0.23004
0.231
0.212894
0.1865
0.255744
0.271
0.209895
0.214893
0.222
0.2105
0.201
0.237263
0.208896
0.226274
0.235647
0.262238
0.213893
0.191
0.235
0.262
0.210395
0.00549725
0.2255
0.242379
0.198203
0.01
0.238
0.217
0.2735
0.235147
0.158421
0.234414
0.1915
0.181409
0.201899
0.256743
0.223388
0.163418
0.1825
0.2385
0.256
0.1845
0.223
0.231038
0.264603
0.230885
0.251374
0.023988
0.254873
0.254873
0.249626
0.161
0.235
0.258871
0.192904
0.152348
0.233267
0.251372
0.209
0.216783
0.227659
0.212288
0.2245
0.213393
0.011
0.21
0.248376
0.00349476
0.218282
0.261369
0.25937
0.172914
0.203195
0.261369
0.2145
0.2295
0.2325
0.207688
0.211788
0.2185
0.242137
0.251874
0.2105
0.2405
0.258371
0.1945
0.283858
0.263
0.229
0.264104
0.17515
0.254618
0.245255
0.239641
0.164835
0.187812
0.148426
0.226387
0.209895
0.2325
0.296056
0.258
0.178411
0.231
0.1695
0.230155
0.232767
0.2155
0.233
0.224
0.175
0.233267
0.241
0.235
0.26
0.226387
0.2265
0.184408
0.223
0.243
0.198401
0.184908
0.225162
0.0129935
0.222
0.243513
0.252248
0.261369
0.2775
0.266733
0.235
0.1775
0.00499251
0.21318
0.00349825
0.0129935
0.186314
0.212894
0.213573
0.198801
0.2245
0.257
0.25025
0.028
0.218781
0.296056
0.2255
0.2405
