0.2015
0.189905
0.203
0.195
0.1175
0.170829
0.225887
0.158342
0.2225
0.168663
0.00998502
0.172
0.00949051
0.218
0.194903
0.0089955
0.15992
0.2004
0.245632
0.197
0.0075
0.198203
0.182409
0.177
0.027986
0.132
0.196402
0.182409
0.2005
0.0159681
0.157421
0.1875
0.142358
0.218672
0.234
0.162257
0.12044
0.188623
0.242
0.170245
0.008
0.183816
0.204398
0.177822
0.252
0.2335
0.0144928
0.2015
0.18041
0.263
0.231884
0.137931
0.15942
0.127
0.198203
0.007
0.2295
0.206897
0.187812
0.175736
0.207
0.167916
0.157264
0.181409
0.006
0.198901
0.184908
0.1585
0.201098
0.18023
0.195902
0.0974513
0.221168
0.144928
0.138431
0.2075
0.0169915
0.165834
0.171914
0.145927
0.176
0.0125
0.2175
0.0105
0.237263
0.0045
0.1395
0.202399
0.202797
0.1655
0.167
0.00848727
0.1994
0.248876
0.212182
0.157
0.184908
0.231884
0.1255
0.13
0.202
0.194
0.210684
0.245877
0.187
0.213
0.0044955
0.13
0.1805
0.183816
0.18041
0.207
0.2045
0.1175
0.1715
0.14093
0.2055
0.2055
0.224276
0.147353
0.226887
0.1925
0.183042
0.190809
0.248876
0.2315
0.192807
0.2105
0.22
0.249375
0.0069965
0.2003
0.2185
0.071964
0.190714
0.205397
0.0169745
0.2215
0.2185
0.172328
0.170829
0.224388
0.00849575
0.1575
0.1715
0.225774
0.19511
0.204296
0.137931
0.161
0.1994
0.2175
0.0075
0.205
0.182409
0.1905
0.189216
0.197
0.228158
0.157842
0.17973
0.22
0.241379
0.21029
0.188124
0.2145
0.225662
0.183816
0.2225
0.071964
0.085
0.2175
0.158762
0.246753
0.239261
0.1835
0.0289855
0.200799
0.229156
0.15984
0.188
0.204194
0.206897
0.232651
0.2145
0.146427
0.117823
0.152348
0.2055
0.191617
0.171828
0.208
0.223
0.184316
0.131934
0.214893
0.230885
0.1515
0.012
0.009995
0.14029
0.0914543
0.0194805
0.1825
0.222278
0.161
0.1975
0.149
0.218
0.164835
0.005
0.178
0.216284
0.00848727
0.201
0.183042
0.138
0.24663
0.204795
0.203898
0.123938
0.199
0.193
0.2145
0.201098
0.1505
0.209895
0.0289855
0.206484
0.24
0.205589
0.211078
0.2075
0.237881
0.205397
0.207896
0.018
0.257371
0.189216
0.215
0.196402
0.148
0.229
0.210895
0.206484
0.102949
0.148926
0.2195
0.212394
0.172741
0.191
0.085
0.225887
0.277861
0.184631
0.0559441
0.238381
0.2004
0.22089
0.221889
0.152348
0.0085
0.244755
0.212894
0.177911
0.0349825
0.200799
0.151349
0.00698952
0.138
0.2155
0.141
0.172914
0.231269
0.144928
0.141359
0.224388
0.198903
0.226
0.15942
0.17982
0.193403
0.1785
0.198901
0.217673
0.255
0.185907
0.181
0.234765
0.0295
0.172914
0.2565
0.206294
0.00399401
0.00798403
0.1855
0.158762
0.220669
0.211366
0.145927
0.197703
0.224388
0.1545
0.223776
0.164
0.189
0.185536
0.211894
0.214072
0.186221
0.17991
0.2055
0.167
0.195706
0.213
0.188
0.169246
0.1905
0.191309
0.186907
0.192519
0.2009
0.195
0.027986
0.192807
0.230769
0.248876
0.207792
0.2005
0.221
0.146853
0.221336
0.2055
0.183816
0.182136
0.216284
0.0289855
0.177
0.221889
0.185536
0.2004
0.13037
0.1815
0.151424
0.2415
0.241379
0.2305
0.176324
0.224388
0.215392
0.232767
0.233383
0.257
0.218
0.157
0.1865
0.011994
0.204194
0.0944528
0.2525
0.127
0.2225
0.2045
0.184408
0.213573
0.15035
0.2195
0.148
0.1805
0.212
0.221168
0.139291
0.183
0.221889
0.191904
0.1915
0.248376
0.191808
0.00749251
0.101449
0.0349825
0.025987
0.1915
0.212
0.145
0.201
0.2035
0.138
0.268366
0.00449775
0.0494259
0.206397
0.025987
0.143
0.236
0.175325
0.202
0.1955
0.2585
0.143
0.1715
0.186627
0.183
0.153
0.136932
0.214893
0.194
0.16042
0.00649351
0.14
0.225387
0.0975
0.169661
0.236146
0.2175
0.228272
0.158
0.063
0.246
0.0105
0.192
0.222777
0.1525
0.193903
0.138
0.157421
0.168916
0.167
0.208
0.225275
0.238881
0.011994
0.188
0.244
0.216675
0.168
0.221389
0.25025
0.0289855
0.205691
0.236
0.0295
0.176823
0.170245
0.181818
0.119
0.229271
0.1605
0.2045
0.2004
0.154691
0.013993
0.00649026
0.0045
0.2445
0.212
0.198302
0.225887
0.2195
0.227772
0.198901
0.188312
0.138362
0.2015
0.00999001
0.0104843
0.1745
0.125
0.222889
0.207688
0.0324838
0.157842
0.010989
0.2055
0.1615
0.185
0.222889
0.2
0.164
0.204296
0.16983
0.0045
0.006
0.170245
0.214286
0.217283
0.14029
0.206484
0.007996
0.2004
0.215
0.167916
0.2075
0.15984
0.165417
0.178
0.2285
0.212
0.1875
0.2055
0.1735
0.237762
0.203297
0.1615
0.198801
0.185
0.234383
0.139291
0.1905
0.231269
0.207
0.1805
0.00549725
0.17
0.184
0.127
0.015976
0.138
0.193806
0.013
0.188312
0.1865
0.199102
0.00749625
0.2135
0.22
0.1915
0.143
0.203
0.0145
0.17
0.22666
0.201
0.221889
0.21989
0.233
0.2225
0.193
0.268366
0.1935
0.188406
0.17982
0.189
0.0425
0.196607
0.245
0.248376
0.207293
0.232036
0.0104895
0.194
0.159
0.211894
0.226387
0.202399
0.221279
0.203593
0.223776
0.1885
0.157921
0.2585
0.199301
0.235382
0.206397
0.196304
0.174738
0.205397
0.0224888
0.185315
0.21989
0.1005
0.175736
0.127
0.188906
0.196
0.0045
0.205397
0.199301
0.224388
0.153
0.208
0.2055
0.164
0.185907
0.203398
0.232535
0.184815
0.191808
0.179
0.203398
0.135
0.2055
0.211
0.193903
0.243878
0.2055
0.227386
0.212894
0.01997
0.2004
0.244378
0.2145
0.182409
0.167416
0.169
0.1998
0.209
0.009
0.237
0.189905
0.1785
0.172741
0.195902
0.269
0.1815
0.139291
0.188312
0.195305
0.261738
0.223553
0.187
0.0579421
0.135932
0.0349825
0.196
0.248
0.183816
0.169415
0.211894
0.146927
0.183408
0.192807
0.023
0.223
0.139
0.267099
0.211894
0.196206
0.199
0.201098
0.192904
0.241879
0.1525
0.0254745
0.193709
0.25025
0.2185
0.178
0.244256
0.153
0.26
0.243878
0.2125
0.176412
0.2305
0.170415
0.179321
0.239261
0.0665
0.18
0.179142
0.236763
0.199
0.245377
0.222278
0.277223
0.153347
0.177
0.190905
0.196
0.230769
0.2065
0.012987
0.14093
0.194805
0.180549
0.112944
0.2535
0.208687
0.003996
0.202696
0.156188
0.158342
0.201399
0.178411
0.248
0.1805
0.169
0.176823
0.238881
0.181909
0.216392
0.2065
0.2
0.171914
0.2004
0.269231
0.188623
0.161
0.2305
0.194805
0.131369
0.206397
0.1795
0.1998
0.1955
0.195305
0.1835
0.0085
0.211394
0.00749251
0.159
0.25
0.206
0.186128
0.230885
0.202899
0.212894
0.180729
0.204398
0.238381
0.182409
0.00749625
0.00798802
0.2235
0.23
0.191022
0.217673
0.184408
0.18
0.214072
0.248876
0.194903
0.2295
0.204296
0.006
0.175736
0.1975
0.207
0.0944528
0.102449
0.0564718
0.195207
0.1675
0.223
0.1905
0.206397
0.1835
0.265867
0.2095
0.2145
0.1475
0.222389
0.207585
0.168
0.183
0.007996
0.2205
0.187
0.137931
0.230885
0.231884
0.193806
0.197
0.196402
0.1785
0.210395
0.185907
0.193
0.14029
0.185907
0.211894
0.202399
0.198
0.206191
0.196206
0.201
0.1995
0.248252
0.2005
0.123438
0.17
0.183
0.212394
0.236382
0.211289
0.269231
0.182817
0.1775
0.147426
0.233
0.00599101
0.209895
0.234
0.1505
0.208583
0.205397
0.0089955
0.2125
0.188
0.167416
0.203593
0.013
0.00649351
0.1705
0.2535
0.247253
0.158184
0.152771
0.203195
0.00249875
0.00449775
0.231
0.101847
0.1935
0.212182
0.207
0.201098
0.1994
0.00998004
0.164172
0.252374
0.179
0.217891
0.006
0.192904
0.0254745
0.268232
0.204398
0.204591
0.166917
0.192904
0.1565
0.206397
0.25
0.1955
0.0095
0.191808
0.219
0.176823
0.237381
0.195706
0.2015
0.1865
0.193403
0.1865
0.208
0.206793
0.1745
0.157921
0.214678
0.017
0.178411
0.22
0.1715
0.191309
0.215784
0.215784
0.1765
0.009
0.191
0.228886
0.215177
0.193
0.193709
0.177
0.173566
0.177
0.1955
0.165751
0.163
0.185
0.170415
0.1565
0.236882
0.2125
0.216892
0.207086
0.235764
0.164
0.2585
0.1715
0.147852
0.199
0.0229885
0.166417
0.167333
0.15984
0.147852
0.209291
0.21989
0.2004
0.1935
0.102949
0.146927
0.1855
0.220669
0.200799
0.2305
0.175912
0.2145
0.197106
0.175
0.011994
0.153846
0.194805
0.163418
0.225275
0.165751
0.160839
0.171329
0.2085
0.183
0.202399
0.237381
0.187906
0.2005
0.237381
0.236264
0.218
0.181909
0.171742
0.0045
0.2005
0.013
0.173413
0.209
0.208896
0.2185
0.010989
0.208479
0.131238
0.197802
0.192615
0.188312
0.0114943
0.191118
0.218391
0.171914
0.1985
0.2175
0.241379
0.216675
0.1855
0.245
0.1865
0.168916
0.195706
0.210684
0.221889
0.2065
0.236882
0.212394
0.207
0.00648703
0.189311
0.186221
0.2165
0.232268
0.188
0.1955
0.164418
0.223665
0.196402
0.225275
0.216284
0.186407
0.0075
0.192519
0.186128
0.185
0.185315
0.248
0.2375
0.208896
0.1715
0.215
0.201
0.1555
0.0224888
0.250875
0.182318
0.176
0.228272
0.11944
0.182817
0.207
0.235382
0.1815
0.1999
0.193
0.165417
0.00748877
0.214
0.18672
0.198401
0.181909
0.219
0.225887
0.22089
0.131238
0.183
0.1625
0.167
0.164418
0.219171
0.144928
0.0105
0.17991
0.210895
0.212394
0.19031
0.246877
0.185721
0.214893
0.166917
0.230654
0.00599401
0.198302
0.003996
0.184
0.157421
0.131934
0.186407
0.209291
0.2235
0.239
0.167916
0.239261
0.180819
0.171657
0.246753
0.1225
0.255372
0.2695
0.189
0.191309
0.202
0.197401
0.017
0.176324
0.195706
0.209
0.1605
0.00998004
0.2009
0.191
0.2105
0.157343
0.25025
0.008
0.212894
0.116
0.0075
0.21989
0.221889
0.1955
0.197703
0.112944
0.2235
0.127936
0.2315
0.1615
0.145927
0.188623
0.267732
0.186
0.1805
0.1915
0.0104895
0.207293
0.0944528
0.213
0.243635
0.204194
0.208896
0.177911
0.184908
0.199
0.267099
0.148
0.167
0.197802
0.185315
0.214893
0.257371
0.197802
0.176
0.193
0.2315
0.2075
0.185
0.0105
0.0205
0.00449775
0.210395
0.207
0.0045
0.198401
0.227386
0.184908
0.174326
0.217283
0.212575
0.1935
0.197802
0.2525
0.215177
0.194805
0.138431
0.185315
0.2315
0.205397
0.131369
0.15
0.21008
0.252
0.190619
0.215
0.208
0.0914543
0.203195
0.141717
0.0045
0.198
0.00599401
0.2335
0.234383
0.203898
0.215392
0.0645
0.164753
0.1955
0.157921
0.205897
0.181
0.117823
0.201697
0.1915
0.180729
0.211289
0.25025
0.184908
0.197401
0.154
0.181909
0.0089955
0.221168
0.168
0.247253
0.1925
0.1905
0.012987
0.230885
0.204296
0.2935
0.2065
0.011976
0.180729
0.208583
0.172328
0.183317
0.185
0.2355
0.205794
0.186128
0.180729
0.258242
0.185721
0.187
0.197802
0.182726
0.196803
0.17991
0.1885
0.141717
0.186407
0.229
0.157421
0.185
0.247129
0.169415
0.168663
0.169
0.216284
0.188
0.1805
0.207792
0.230769
0.246753
0.176324
0.022
0.2215
0.186907
0.0205
0.011994
0.1915
0.196402
0.196206
0.165417
0.189405
0.191
0.187126
0.244
0.183
0.230769
0.163
0.228771
0.238381
0.017
0.134299
0.218
0.226048
0.1525
0.181818
0.126437
0.1775
0.202298
0.1815
0.219281
0.244
0.196
0.163
0.006
0.209
0.164418
0.196402
0.2175
0.202
0.188
0.246
0.185
0.195706
0.198203
0.125
0.1745
0.217673
0.188
0.248876
0.205397
0.223277
0.218672
0.195402
0.206191
0.193114
0.2055
0.198801
0.234383
0.00998004
0.2395
0.0045
0.00349825
0.207293
0.233
0.199301
0.2225
0.202298
0.217283
0.228272
0.167
0.1775
0.2365
0.2935
0.191
0.2325
0.271186
0.239141
0.240759
0.1975
0.0264603
0.18
0.244378
0.203195
0.24663
0.212894
0.205295
0.218781
0.180549
0.169661
0.192404
0.222167
0.1985
0.008
0.1815
0.208896
0.0559441
0.1975
0.166833
0.22666
0.102794
0.2225
0.199
0.2065
0.157842
0.199
0.0109945
0.246
0.252374
0.222777
0.1805
0.0264603
0.144928
0.1715
0.272727
0.2305
0.153923
0.178911
0.191404
0.198302
0.187
0.158841
0.0494259
0.237762
0.139
0.0075
0.209
0.1825
0.232918
0.174
0.2365
0.00949525
0.115385
0.193
0.212
0.235382
0.2009
0.249
0.247253
0.190714
0.1215
0.2295
0.214179
0.1545
0.017
0.116
0.222389
0.1965
0.185407
0.199
0.1955
0.01
0.156422
0.215177
0.1965
0.19031
0.007
0.1885
0.202
0.22089
0.237263
0.1705
0.1655
0.166417
0.164172
0.172242
0.1515
0.191213
0.112944
0.210895
0.1935
0.157763
0.0159681
0.232036
0.0104843
0.233
0.1835
0.238381
0.205
0.1615
0.2
0.200699
0.210789
0.218
0.174413
0.16983
0.212076
0.175
0.183042
0.186907
0.166917
0.1525
0.179142
0.231884
0.155422
0.151
0.17941
0.00749251
0.2075
0.0304391
0.221889
0.180729
0.190619
0.193403
0.157
0.2004
0.184908
0.237881
0.158
0.175736
0.211
0.198901
0.187219
0.185407
0.169661
0.238881
0.2125
0.175824
0.1185
0.168916
0.237263
0.1715
0.0154845
0.136932
0.202899
0.223
0.185536
0.186627
0.193806
0.177411
0.196402
0.2065
0.1825
0.223553
0.221168
0.195
0.192404
0.221
0.2335
0.182909
0.1885
0.181
0.057971
0.138362
0.216284
0.191404
0.0454773
0.184
0.193709
0.181409
0.144928
0.213393
0.2025
0.2455
0.207396
0.194
0.011994
0.210895
0.194
0.2155
0.248376
0.2185
0.212
0.2295
0.176
0.15942
0.229
0.2045
0.0329835
0.00899101
0.153
0.181
0.230885
0.199601
0.184908
0.2225
0.177911
0.224
0.112944
0.188
0.017
0.1935
0.221168
0.2025
0.183908
0.193709
0.267732
0.1905
0.131238
0.1735
0.233766
0.149
0.198901
0.2004
0.234
0.152924
0.2055
0.00698952
0.222167
0.189
0.197703
0.132434
0.203898
0.102449
0.165417
0.00949051
0.184631
0.152348
0.22
0.207896
0.168416
0.144711
0.0349825
0.168332
0.207
0.1825
0.192807
0.194805
0.199
0.25974
0.1995
0.192404
0.177411
0.239261
0.172414
0.201697
0.006
0.224388
0.195305
0.205794
0.135932
0.1775
0.190714
0.212894
0.246753
0.1675
0.237762
0.222278
0.232651
0.128936
0.011994
0.206484
0.2255
0.184908
0.2235
0.2025
0.1825
0.159
0.233
0.2005
0.135297
0.238381
0.194611
0.148926
0.189
0.174326
0.174738
0.206897
0.129
0.1885
0.2105
0.193806
0.196206
0.023976
0.21967
0.192904
0.172414
0.00749625
0.193403
0.198
0.224276
0.182817
0.004
0.0169915
0.1805
0.202298
0.183908
0.191808
0.1975
0.209291
0.138
0.221336
0.221
0.212894
0.201399
0.1805
0.208188
0.199102
0.18
0.046
0.0349825
0.19511
0.0135
0.207896
0.2005
0.159
0.154269
0.1425
0.144428
0.194
0.239261
0.228771
0.249375
0.132
0.0104895
0.153923
0.145282
0.187
0.176823
0.1925
0.2055
0.023
0.2075
0.203898
0.22089
0.1655
0.1715
0.222167
0.170415
0.208479
0.163418
0.1915
0.0974513
0.0105
0.2055
0.183908
0.181
0.156
0.223553
0.192
0.147279
0.127936
0.164418
0.202
0.169
0.185407
0.198
0.151349
0.175325
0.21029
0.2004
0.2035
0.241379
0.213393
0.212394
0.2145
0.225774
0.007
0.00849575
0.112944
0.2285
0.12044
0.152924
0.190905
0.00599401
0.2004
0.0314685
0.189621
0.215
0.172914
0.14029
0.219
0.205897
0.174
0.226274
0.1715
0.009
0.200799
0.208583
0.158421
0.242636
0.157842
0.0494259
0.185315
0.206897
0.0055
0.2165
0.222389
0.172914
0.187906
0.218391
0.201798
0.01999
0.2004
0.127
0.205
0.236382
0.207293
0.2035
0.017
0.147279
0.187
0.184
0.214893
0.126
0.005997
0.01
0.019
0.183816
0.2055
0.203195
0.169
0.255872
0.152
0.012
0.2055
0.1645
0.1595
0.0095
0.214893
0.108
0.214072
0.1565
0.192404
0.171414
0.206397
0.225275
0.194903
0.22039
0.178
0.157
0.01999
0.183816
0.110834
0.196803
0.139
0.110834
0.1715
0.018
0.185
0.181228
0.13979
0.172914
0.204795
0.204898
0.230155
0.16042
0.2075
0.2155
0.165834
0.237
0.208
0.147353
0.1715
0.007
0.172328
0.234
0.19031
0.145927
0.205397
0.230769
0.184908
0.170829
0.192807
0.183408
0.261738
0.182136
0.008
0.228886
0.158
0.046
0.16983
0.1515
0.2015
0.234765
0.206397
0.1525
0.157343
0.005997
0.158603
0.204591
0.17941
0.0075
0.229271
0.202696
0.214072
0.198801
0.199
0.0589411
0.187
0.203
0.1975
0.194805
0.187
0.1935
0.2025
0.185
0.00449775
0.182909
0.209
0.174
0.131737
0.144783
0.199
0.228
0.202696
0.116942
0.095357
0.214072
0.101
0.1999
0.174326
0.1695
0.233766
0.210789
0.155922
0.152847
0.216284
0.186128
0.245877
0.148426
0.16983
0.167333
0.205
0.184
0.1655
0.1935
0.207
0.225887
0.21967
0.226
0.0104843
0.224775
0.172914
0.206793
0.046
0.188906
0.172914
0.1425
0.0665
0.237263
0.2285
0.2135
0.185721
0.208
0.2065
0.184
0.2015
0.183816
0.151424
0.102794
0.197703
0.1985
0.1955
0.1805
0.231
0.21989
0.197
0.241
0.0664668
0.227
0.185407
0.1775
0.1255
0.135
0.257
0.187126
0.193709
0.00599401
0.188
0.249375
0.0045
0.205397
0.216284
0.217673
0.196206
0.173913
0.2025
0.230885
0.2001
0.23
0.233
0.196206
0.174913
0.182909
0.236
0.244
0.2095
0.189621
0.1845
0.18041
0.18032
0.1805
0.189
0.182136
0.22089
0.193
0.00998502
0.2195
0.234
0.0289566
0.00349825
0.194
0.00648703
0.1875
0.158921
0.247253
0.174413
0.191904
0.207
0.0044955
0.165834
0.1535
0.139
0.215392
0.196
0.148
0.193
0.191
0.207086
0.175736
0.2035
0.228
0.1995
0.167416
0.157763
0.2
0.0264603
0.1175
0.170415
0.2045
0.225387
0.21989
0.1785
0.1975
0.209291
0.2095
0.233766
0.063
0.210895
0.15035
0.131737
0.242636
0.157
0.003996
0.188406
0.184
0.210789
0.1235
0.211
0.228
0.25
0.199601
0.191808
0.228
0.218
0.19511
0.13037
0.18032
0.184815
0.1925
0.213
0.21967
0.224775
0.232384
0.157
0.171914
0.164835
0.1515
0.2045
0.223553
0.207
0.18672
0.202797
0.164418
0.156
0.218391
0.00349825
0.178
0.2055
0.1705
0.227659
0.063
0.00698952
0.172414
0.17991
0.182409
0.184316
0.176324
0.183317
0.2085
0.213
0.170415
0.1535
0.169415
0.2165
0.145
0.00999001
0.222889
0.222889
0.168332
0.248
0.0564718
0.17941
0.15035
0.19031
0.181228
0.183908
0.172414
0.2205
0.202
0.187
0.063
0.1565
0.141429
0.185407
0.195804
0.196402
0.2035
0.201
0.226321
