0.186
0.214286
0.2265
0.250375
0.223
0.239
0.222
0.276
0.0189905
0.251748
0.182
0.18981
0.254618
0.00399401
0.0114943
0.2755
0.111333
0.232152
0.186314
0.2105
0.2585
0.249501
0.1885
0.205397
0.263
0.249002
0.286357
0.218781
0.2325
0.256858
0.210185
0.210185
0.221
0.207189
0.2025
0.255489
0.23938
0.236
0.238
0.231
0.2125
0.226
0.218064
0.229385
0.2165
0.172741
0.2025
0.2035
0.249626
0.212288
0.205295
0.221889
0.182
0.268366
0.0159681
0.251874
0.255245
0.175
0.209895
0.227659
0.204898
0.205295
0.218391
0.264603
0.234531
0.203297
0.163418
0.25
0.255872
0.228272
0.239
0.201899
0.215892
0.183
0.222
0.226
0.225
0.215892
0.0154845
0.2355
0.24
0.2705
0.262238
0.228272
0.18672
0.1865
0.0154845
0.242879
0.203398
0.202399
0.224388
0.1425
0.201
0.21989
0.2655
0.227772
0.278
0.212
0.21
0.2045
0.164918
0.147426
0.2645
0.194
0.238881
0.235647
0.201798
0.225387
0.216176
0.232384
0.2215
0.18
0.252374
0.0114885
0.217174
0.193613
0.2225
0.213893
0.257614
0.224826
0.00749625
0.26497
0.2365
0.245132
0.198203
0.229271
0.2215
0.2165
0.1855
0.0129935
0.237
0.255245
0.186407
0.184815
0.238143
0.197
0.218064
0.235147
0.255872
0.177
0.188811
0.2575
0.23004
0.267
0.226
0.251874
0.214
0.238381
0.202
0.262737
0.263368
0.226387
0.255
0.237
0.2445
0.2495
0.239261
0.207688
0.224826
0.252374
0.194306
0.216392
0.184316
0.244256
0.232
0.194
0.231384
0.183408
0.248252
0.21978
0.164918
0.210185
0.222889
0.229156
0.0065
0.2535
0.24038
0.2465
0.204898
0.231
0.1333
0.204898
0.198702
0.2215
0.209895
0.008
0.245877
0.221667
0.239
0.22
0.2095
0.226387
0.217891
0.228272
0.2465
0.2115
0.2775
0.225
0.245
0.245754
0.202
0.232651
0.216783
0.193903
0.214
0.225
0.222
0.239261
0.203694
0.209395
0.00549725
0.223
0.0144855
0.195402
0.210789
0.263
0.235147
0.251996
0.1945
0.244755
0.228272
0.1855
0.211
0.2225
0.214785
0.175736
0.253873
0.257871
0.241638
0.0129935
0.1825
0.181909
0.201798
0.235
0.1705
0.269231
0.19321
0.256
0.0209895
0.227886
0.2125
0.176412
0.21029
0.198401
0.2445
0.229
0.224663
0.242
0.278
0.230885
0.208687
0.256244
0.252
0.18
0.227159
0.270958
0.2185
0.205295
0.254373
0.215
0.0115
0.2255
0.203
0.220669
0.148426
0.224388
0.213393
0.251
0.245132
0.228771
0.234
0.213893
0.252248
0.229
0.238
0.169915
0.212394
0.221168
0.197703
0.0129935
0.239261
0.2525
0.269865
0.22017
0.269
0.244256
0.1855
0.24038
0.228
0.1595
0.210789
0.220669
0.264104
0.215
0.209895
0.25937
0.266
0.191904
0.226887
0.183724
0.2445
0.2625
0.232384
0.248
0.241
0.25
0.2365
0.192212
0.165751
0.238
0.00549725
0.209186
0.24088
0.215892
0.210895
0.216176
0.217
0.2175
0.003996
0.201
0.24788
0.2
0.245754
0.00349476
0.249501
0.248376
0.2455
0.00349476
0.185
0.276585
0.2365
0.267233
0.201
0.246377
0.146
0.2495
0.2
0.197605
0.173413
0.24975
0.229
0.212182
0.187906
0.253
0.191904
0.21
0.25937
0.25937
0.22
0.222
0.23004
0.231
0.212894
0.1865
0.255744
0.271
0.209895
0.214893
0.222
0.2105
0.201
0.237263
0.208896
0.226274
0.235647
0.262238
0.213893
0.191
0.235
0.262
0.210395
0.00549725
0.2255
0.242379
0.198203
0.01
0.238
0.217
0.2735
0.235147
0.158421
0.234414
0.1915
0.181409
0.201899
0.256743
0.223388
0.163418
0.1825
0.2385
0.256
0.1845
0.223
0.231038
0.264603
0.230885
0.251374
0.023988
0.254873
0.254873
0.249626
0.161
0.235
0.258871
0.192904
0.152348
0.233267
0.251372
0.209
0.216783
0.227659
0.212288
0.2245
0.213393
0.011
0.21
0.248376
0.00349476
0.218282
0.261369
0.25937
0.172914
0.203195
0.261369
0.2145
0.2295
0.2325
0.207688
0.211788
0.2185
0.242137
0.251874
0.2105
0.2405
0.258371
0.1945
0.283858
0.263
0.229
0.264104
0.17515
0.254618
0.245255
0.239641
0.164835
0.187812
0.148426
0.226387
0.209895
0.2325
0.296056
0.258
0.178411
0.231
0.1695
0.230155
0.232767
0.2155
0.233
0.224
0.175
0.233267
0.241
0.235
0.26
0.226387
0.2265
0.184408
0.223
0.243
0.198401
0.184908
0.225162
0.0129935
0.222
0.243513
0.252248
0.261369
0.2775
0.266733
0.235
0.1775
0.00499251
0.21318
0.00349825
0.0129935
0.186314
0.212894
0.213573
0.198801
0.2245
0.257
0.25025
0.028
0.218781
0.296056
0.2255
0.2405
0.250875
0.237
