0.25025
0.224388
0.138224
0.253
0.21
0.2285
0.189905
0.230539
0.183908
0.289776
0.188906
0.1915
0.228386
0.248004
0.2475
0.169331
0.234149
0.2
0.281
0.247
0.226887
0.222389
0.0034965
0.215892
0.233
0.215
0.223888
0.233034
0.2335
0.225387
0.226387
0.252374
0.209291
0.248627
0.2865
0.258371
0.268
0.255489
0.274363
0.222389
0.245632
0.21989
0.272364
0.237
0.194
0.222278
0.214
0.1975
0.2135
0.24014
0.248876
0.0134933
0.23027
0.218
0.17941
0.194
0.218672
0.2575
0.2405
0.229385
0.242379
0.251
0.214
0.21967
0.231269
0.252747
0.236264
0.226387
0.208896
0.174825
0.252874
0.228386
0.243378
0.247876
0.205
0.207792
0.1755
0.00999001
0.2435
0.1755
0.215892
0.1925
0.227772
0.2065
0.274363
0.2335
0.229541
0.189
0.237762
0.239
0.218391
0.272727
0.239
0.208396
0.2
0.215892
0.24014
0.231884
0.262737
0.2495
0.2225
0.017991
0.242258
0.249501
0.1998
0.216392
0.251748
0.184
0.228
0.222889
0.00899101
0.222777
0.203398
0.212
0.261608
0.209
0.232884
0.253
0.268731
0.22977
0.2315
0.227
0.249251
0.264603
0.207792
0.196108
0.2575
0.2405
0.2615
0.247505
0.218891
0.238381
0.2255
0.275
0.246131
0.138224
0.268731
0.021967
0.213786
0.144
0.195402
0.24088
0.233883
0.217
0.2105
0.243378
0.236763
0.226547
0.262869
0.268731
0.003
0.234
0.2255
0.252248
0.196705
0.194
0.221778
0.226887
0.238262
0.1615
0.172414
0.183724
0.244134
0.211183
0.291854
0.179
0.2005
0.246753
0.227
0.233766
0.204898
0.280719
0.248376
0.2335
0.210895
0.16
0.213679
0.2145
0.272228
0.248
0.249375
0.253373
0.143856
0.243878
0.226
0.204
0.252374
0.1985
0.227886
0.191712
0.222056
0.017991
0.257614
0.213074
0.241879
0.195804
0.21
0.209395
0.277223
0.203398
0.197
0.231653
0.22666
0.185907
0.2275
0.233267
0.252122
0.207396
0.222389
0.222389
0.2275
0.219561
0.203398
0.235
0.274363
0.208687
0.24
0.1775
0.213573
0.1915
0.189
0.196206
0.198401
0.225162
0.189905
0.254
0.237381
0.246377
0.215676
0.175237
0.239
0.312844
0.243635
0.222278
0.209895
0.2095
0.213679
0.23365
0.226161
0.2195
0.206294
0.234
0.2285
0.274363
0.259
0.263868
0.316
0.265102
0.2835
0.197802
0.242
0.2485
0.2285
0.204693
0.2265
0.201
0.252248
0.207792
0.243378
0.249375
0.21
0.275862
0.2255
0.1755
0.251748
0.247253
0.225887
0.243513
0.2395
0.00698952
0.2805
0.1955
0.229156
0.197204
0.216
0.1625
0.26087
0.291854
0.00698952
0.204
0.245877
0.1705
0.2335
0.252994
0.2125
0.251374
0.211894
0.272727
0.229156
0.0104895
0.0125
0.2005
0.26024
0.236882
0.172414
0.254873
0.234383
0.216
0.24
0.236882
0.248004
0.2455
0.2435
0.1825
0.2155
0.268366
0.2125
0.27
0.221
0.243392
0.232767
0.280719
0.280719
0.194306
0.2385
0.24014
0.2055
0.206
0.239
0.2385
0.233034
0.212
0.203398
0.214286
0.192404
0.230424
0.190405
0.277
0.215892
0.237
0.122816
0.170829
0.215392
0.2235
0.21197
0.23503
0.222
0.244755
0.215892
0.21939
0.182
0.213893
0.217
0.122816
0.235882
0.0144928
0.154346
0.164918
0.2485
0.005
0.248876
0.2405
0.222389
0.169331
0.195
0.156344
0.243392
0.163337
0.1665
0.186
0.221389
0.256615
0.253373
0.2575
0.2355
0.232384
0.254
0.2525
0.2365
0.183908
0.222
0.227
0.223888
0.2435
0.248128
0.2995
0.290855
0.277361
0.248376
0.25
0.274863
0.21
0.188906
0.231
0.2065
0.2385
0.302546
0.2335
0.239141
0.209895
0.251745
0.178911
0.208896
0.218391
0.217673
0.228
0.222056
0.0225
0.2009
0.224663
0.262475
0.205295
0.180639
0.201399
0.00949525
0.263868
0.208396
0.242016
0.243
0.245
0.23315
0.235764
0.193709
0.248
0.2265
0.198
0.003998
0.204
0.229
0.251748
0.256372
0.224888
0.248128
0.246131
0.247253
0.217391
0.2295
0.217891
0.2355
0.22
0.175237
0.214893
0.2165
0.217283
0.236527
0.226387
0.236264
0.256872
0.2075
0.192615
0.182817
0.195
0.216892
0.27936
0.222
0.172
0.245255
0.240759
0.237
0.193806
0.28036
0.258982
0.264
0.214678
0.18981
0.264603
0.221
0.18014
0.009
0.203398
0.242
0.249251
0.195
0.206397
0.174
0.236
0.243513
0.193709
0.2535
0.00848727
0.221389
0.236763
0.15992
0.2045
0.0104843
0.25
0.26037
0.26037
0.2355
0.227046
0.2735
0.204296
0.2015
0.2535
0.2365
0.2285
0.242
0.211183
0.209186
0.009995
0.312844
0.22089
0.187812
0.224276
0.170915
0.2535
0.1997
0.162837
0.221889
0.2205
0.266
0.156344
0.193403
0.235882
0.235882
0.1999
0.21978
0.227386
0.267099
0.206897
0.258371
0.232884
0.236382
0.2185
0.228272
0.265102
0.223
0.174413
0.189
0.272319
0.277
0.205397
0.178411
0.237
0.00698952
0.2415
0.238024
0.1975
0.281219
0.2515
0.2245
0.2415
0.2135
0.25499
0.185907
0.236382
0.1965
0.245754
0.2335
0.215
0.238881
0.175237
0.269596
0.21029
0.00898652
0.197
0.00599401
0.202696
0.207896
0.195402
0.008
0.202
0.24026
0.2435
0.223
0.2475
0.268098
0.159182
0.2275
0.243392
0.236
0.013
0.222889
0.2385
0.246377
0.223553
0.217
0.226547
0.284358
0.213786
0.203
0.207086
0.2485
0.225887
0.3055
0.163418
0.217
0.227046
0.2225
0.161
0.26
0.243378
0.255
0.221
0.18981
0.284
0.251374
0.230539
0.267099
0.25
0.2015
0.241379
0.260739
0.00899101
0.272727
0.221
0.2495
0.2395
0.233
0.236264
0.242879
0.2255
0.197204
0.192116
0.177733
0.217283
0.179
0.243257
0.208896
0.243378
0.2485
0.233
0.201798
0.1975
0.207792
0.259
0.248
0.274363
0.25937
0.195
0.274363
0.241758
0.2575
0.2295
0.211394
0.169331
0.272319
0.234
0.214785
0.221
0.25987
0.298552
0.259
0.270365
0.251374
0.215
0.264
0.236527
0.262
0.274363
0.210684
0.247376
0.156344
0.2045
0.2165
0.229156
0.222278
0.2205
0.226773
0.249
0.215892
0.2635
0.245754
0.259
0.2095
0.192404
0.256372
0.263473
0.2425
0.223
0.252374
0.209895
0.219
0.234765
0.214
0.233383
0.232884
0.208896
0.221
0.208188
0.287425
0.224663
0.247129
0.266733
0.174413
0.2
0.239
0.221
0.2235
0.206793
0.242258
0.167416
0.26037
0.233
0.301548
0.3055
0.192807
0.257243
0.252248
0.22039
0.2585
0.245
0.2225
0.173154
0.244378
0.2475
0.272727
0.237881
0.262869
0.222889
0.205
0.0065
0.2515
0.215177
0.226
0.225887
0.189405
0.203398
0.182409
0.228886
0.214785
0.284
0.245
0.212894
0.2475
0.205
0.227772
0.232884
0.21967
0.241638
0.189405
0.238024
0.2235
0.233766
0.228886
0.236
0.254373
0.23988
0.206897
0.2245
0.245132
0.0154845
0.219
0.262
0.2015
0.23
0.00649675
0.24038
0.183
0.0055
0.225387
0.178911
0.2415
0.181909
0.202
0.232767
0.2305
0.1655
0.176823
0.222
0.230654
0.271364
0.250125
0.2475
0.248627
0.2225
0.21989
0.236763
0.227
0.1725
0.206
0.142287
0.210895
0.222
0.226274
0.214393
0.263368
0.210895
0.26783
0.2495
0.230385
0.184631
0.2335
0.228771
0.226387
0.202
0.236
0.2855
0.181909
0.237881
0.202595
0.233383
0.215892
0.2075
0.216392
0.21939
0.239141
0.27936
0.216176
0.146354
0.257871
0.2635
0.24975
0.24088
0.220837
0.218391
0.271229
0.2295
0.274
0.257371
0.226274
0.195
0.2009
0.242258
0.238024
0.245
0.192615
0.217
0.2365
0.2385
0.203
0.269365
0.236882
0.1605
0.242016
0.247752
0.2505
0.0114713
0.2095
0.213287
0.233
0.2515
0.2165
0.269365
0.222889
0.259
0.26037
0.244378
0.208
0.2115
0.242879
0.21989
0.2575
0.222889
0.257871
0.25987
0.228044
0.216284
0.195804
0.2395
0.225
0.2735
0.2495
0.004
0.2205
0.252248
0.206897
0.233766
0.2015
0.217283
0.1775
0.2495
0.201
0.2025
0.23027
0.245877
0.190405
0.247253
0.245255
0.226274
0.261608
0.301548
0.222
0.189
0.244
0.00549451
0.3
0.2575
0.213893
0.2265
0.2675
0.201
0.255
0.1705
0.2315
0.218391
0.2365
0.182
0.179
0.28036
0.225
0.021
0.223388
0.0623752
0.23
0.233883
0.0125
0.2355
0.209
0.217174
0.226
0.201098
0.19321
0.2065
0.208896
0.263868
0.0075
0.265
0.0174738
0.208896
0.225887
0.1995
0.1999
0.2585
0.008
0.184408
0.2205
0.262107
0.228
0.1995
0.22
0.199
0.264
0.2385
0.0623752
0.246753
0.150425
0.29021
0.29021
0.0875
0.232767
0.267866
0.208896
0.223888
0.00649675
0.222278
0.169415
0.2645
0.210684
0.2235
0.242636
0.222278
0.202899
0.268098
0.226887
0.009
0.182409
0.2255
0.26
0.215392
0.253992
0.186221
0.204795
0.2475
0.290709
0.226161
0.178
0.254873
0.248128
0.181
0.2665
0.24088
0.233267
0.2475
0.2125
0.246877
0.257371
0.258242
0.266101
0.222
0.217283
0.243878
0.2585
0.207792
0.186907
0.186221
0.220669
0.209395
0.274363
0.169331
0.208396
0.262107
0.2285
0.234149
0.24038
0.262869
0.193806
0.245877
0.1775
0.274
0.233383
0.24014
0.198401
0.181409
0.206
0.284
0.22089
0.224388
0.190215
0.206397
0.241379
0.226387
0.248252
0.24088
0.223888
0.00998502
0.203297
0.2115
0.285714
0.21989
0.21989
0.211183
