0.250875
0.1815
0.017
0.229385
0.217391
0.235647
0.207896
0.245877
0.182
0.189526
0.198
0.251497
0.205295
0.1875
0.2175
0.021
0.2095
0.2605
0.236382
0.017
0.202399
0.234
0.21008
0.2245
0.228657
0.228657
0.2375
0.00599401
0.197
0.218672
0.2135
0.223
0.204296
0.1645
0.0184815
0.282717
0.211894
0.187313
0.212894
0.016983
0.176236
0.182817
0.23
0.205295
0.199
0.204795
0.211394
0.0195
0.007
0.223
0.219
0.185407
0.224775
0.214678
0.207792
0.017
0.267866
0.246877
0.278222
0.2285
0.208292
0.1595
0.2495
0.194611
0.2015
0.216392
0.26011
0.193806
0.00699301
0.193903
0.214
0.216284
0.196304
0.2085
0.283716
0.208396
0.208292
0.2035
0.0035
0.199201
0.176912
0.211682
0.26037
0.206
0.258242
0.0085
0.2645
0.0045
0.0085
0.256372
0.2615
0.2305
0.2105
0.2135
0.244
0.017
0.251
0.247
0.222
0.007
0.2125
0.2375
0.252
0.193
0.142
0.189
0.211183
0.21029
0.2305
0.181818
0.191712
0.17515
0.005
0.221889
0.206587
0.246877
0.226887
0.230385
0.179231
0.240639
0.00699301
0.212894
0.223776
0.202
0.1905
0.221889
0.1485
0.216
0.217066
0.216783
0.2305
0.1975
0.196304
0.144
0.20509
0.2025
0.198
0.2475
0.2255
0.226547
0.197901
0.232884
0.2
0.169415
0.166917
0.202595
0.157421
0.205397
0.167916
0.1945
0.208292
0.228886
0.212894
0.205397
0.181909
0.209082
0.217673
0.250375
0.244878
0.139
0.206088
0.214393
0.0495
0.2225
0.155922
0.209
0.211
0.006
0.23027
0.156765
0.144
0.185
0.217673
0.00849575
0.233766
0.2325
0.1295
0.0089955
0.2305
0.154845
0.2385
0.2085
0.239
0.215892
0.161919
0.2225
0.248
0.234383
0.187906
0.221389
0.2285
0.2005
0.173327
0.223
0.2215
0.208396
0.2025
0.156922
0.17991
0.247376
0.249501
0.20669
0.227386
0.2225
0.1999
0.2405
0.233766
0.23988
0.222889
0.193307
0.239
0.203398
0.214893
0.181727
0.199
0.223
0.139
0.221889
0.230385
0.265235
0.254
0.009
0.187313
0.237881
0.281718
0.270594
0.224
0.205
0.25987
0.2275
0.228657
0.004
0.231384
0.214
0.183908
0.192615
0.237762
0.2255
0.2565
0.224
0.194
0.228771
0.164918
0.261239
0.1665
0.217782
0.231384
0.228771
0.207792
0.236382
0.151349
0.183
0.006
0.229885
0.196902
0.172914
0.22089
0.00949051
0.243
0.1995
0.239641
0.017
0.2505
0.013
0.0174825
0.181818
0.161258
0.2285
0.196803
0.2405
0.213
0.224
0.206
0.21
0.267964
0.210579
0.2195
0.23988
0.196803
0.237
0.155922
0.247876
0.135432
0.0164671
0.2545
0.181228
0.192212
0.212
0.243878
0.2205
0.236882
0.178963
0.208896
0.187313
0.183908
0.243
0.246877
0.213679
0.265367
0.220779
0.205794
0.183408
0.2355
0.202797
0.231884
0.014
0.241758
0.22977
0.2475
0.224
0.24088
0.25
0.21318
0.238381
0.196803
0.194403
0.211
0.241259
0.246377
0.2175
0.234
0.205794
0.24088
0.2575
0.209
0.188124
0.236
0.211289
0.276
0.254873
0.1865
0.1855
0.209975
0.278222
0.201697
0.2035
0.2405
0.2365
0.238381
0.221889
0.220779
0.011994
0.1915
0.158342
0.004995
0.2195
0.226887
0.223388
0.218781
0.255
0.21967
0.215569
0.234266
0.222
0.2355
0.198
0.237381
0.194403
0.209
0.197303
0.220669
0.208396
0.244378
0.218
0.196
0.210395
0.249875
0.181228
0.224
0.226387
0.00849575
0.214571
0.195804
0.194611
0.264868
0.195902
0.278942
0.232918
0.222389
0.2085
0.1695
0.209685
0.228
0.195804
0.214
0.175
0.192904
0.19
0.205397
0.213287
0.287
0.236
0.244256
0.246507
0.2002
0.2005
0.228386
0.229385
0.263237
0.227
0.203
0.211894
0.217673
0.193709
0.2285
0.171914
0.2295
0.224
0.205397
0.268597
0.171914
0.194903
0.283716
0.00649026
0.2125
0.204795
0.2305
0.2375
0.229385
0.1665
0.213893
0.263237
0.218282
0.227273
0.181409
0.24038
0.009
0.218391
0.0035
0.264603
0.243378
0.244256
0.210185
0.261738
0.135365
0.249501
0.238381
0.2475
0.2075
0.2645
0.231653
0.2475
0.233
0.2225
0.173913
0.149425
0.262606
0.205397
0.259
0.1455
0.2375
0.210789
0.176412
0.216783
0.2315
0.228886
0.216284
0.190809
0.0175
0.1625
0.16042
0.2005
0.2135
0.216284
0.225162
0.202399
0.206897
0.1485
0.175
0.276
0.209
0.218672
0.00849575
0.2
0.181
0.238262
0.132
0.2225
0.241758
0.218282
0.0185
0.2225
0.221389
0.2325
0.211
0.228
0.237
0.254873
0.195609
0.198
0.208396
0.231768
0.2095
0.197401
0.225162
0.206088
0.204693
0.244878
0.196304
0.222389
0.228
0.2245
0.197
0.252874
0.186221
0.249501
0.1935
0.247629
0.182
0.196
0.2075
0.194805
0.217
0.243
0.00699301
0.254
0.183
0.173826
0.183408
0.225
0.192
0.177
0.2175
0.215784
0.2395
0.2265
0.211
0.232152
0.212182
0.208292
0.242879
0.223
0.252374
0.008
0.2475
0.112944
0.255744
0.2515
0.244378
0.208188
0.2045
0.196304
0.181
0.265469
0.2515
0.236382
0.226
0.193
0.223776
0.211394
0.246
0.248876
0.218
0.1945
0.190809
0.1805
0.213
0.176
0.281718
0.2
0.228
0.238262
0.00549725
0.195
0.1815
0.242
0.228886
0.241879
0.1625
0.23
0.240759
0.184408
0.1485
0.226547
0.174
0.1485
0.245877
0.177411
0.231269
0.173327
0.251497
0.168416
0.2425
0.207792
0.017
0.210789
0.206897
0.2395
0.165
0.204296
0.00599401
0.172569
0.204795
0.2225
0.015992
0.186407
0.201
0.215676
0.234
0.228771
0.260739
0.167916
0.1605
0.18981
0.199201
0.237381
0.225774
0.196
0.156922
0.2325
0.217673
0.004995
0.221
0.242379
0.242
0.226773
0.19012
0.2785
0.252874
0.1955
0.254
0.151424
0.211394
0.192404
0.173913
0.18032
0.21967
0.2
0.254373
0.2305
0.257371
0.236264
0.214893
0.216675
0.182
0.1835
0.246377
0.205
0.186907
0.229042
0.157421
0.194403
0.193307
0.223277
0.009
0.195804
0.2265
0.252
0.197
0.241758
0.201
0.252
0.2495
0.222777
0.1675
0.004995
0.2195
0.194403
0.196304
0.183408
0.2255
0.205397
0.217391
0.227386
0.2425
0.112444
0.139361
0.214
0.23976
0.2435
0.248876
0.217
0.217066
0.276
0.224164
0.0813373
0.222889
0.248751
0.2405
0.176823
0.193307
0.1965
0.183225
0.23027
0.223277
0.294853
0.17515
0.2405
0.1675
0.2
0.211183
0.24038
0.245877
0.003
0.194403
0.00599401
0.2205
0.202298
0.23938
0.171
0.1945
0.225162
0.217283
0.248627
0.222889
0.181818
0.190809
0.2615
0.1775
0.017
0.20509
0.203593
0.185315
0.234765
0.23027
0.209895
0.176912
0.158841
0.1695
0.1955
0.209395
0.00349825
0.2425
0.0165
0.1945
0.236146
0.22089
0.2525
0.237
0.192
0.2405
0.18
0.217891
0.2315
0.242
0.204795
0.0175
0.205794
0.241259
0.213
0.217
0.137157
0.2385
0.234
0.223
0.2515
0.184408
0.0144928
0.00599401
0.193307
0.26
0.2004
0.1905
0.204693
0.194805
0.1785
0.198901
0.218672
0.2395
0.244878
0.2175
0.229656
0.014
0.234765
0.25937
0.22039
0.194708
0.191404
0.014
0.2245
0.237
0.215285
0.2565
0.214286
0.211183
0.1994
0.017991
0.227
0.0189905
0.21318
0.228
0.238262
0.198401
0.2465
0.214179
0.161
0.208791
0.237381
0.1994
0.224
0.2015
0.202197
0.176148
0.2005
0.210789
0.207585
0.237288
0.233
0.228771
0.234
0.1985
0.241
0.183
0.231653
0.226547
0.2395
0.226887
0.228886
0.237644
0.1895
0.134
0.2055
0.213
0.261738
0.2525
0.136
0.2305
0.00849575
0.226
0.00798802
0.185
0.227886
0.218
0.152771
0.272
0.217
0.18023
0.242757
0.2105
0.00599401
0.211788
0.2155
0.251
0.195609
0.242
0.228886
0.212894
0.210185
0.226
0.1145
0.1875
0.214179
0.252248
0.270594
0.241758
0.164918
0.203
0.255372
0.195
0.221
0.261369
0.199
0.22039
0.243378
0.157
0.23
0.137157
0.225887
0.250375
0.218891
0.224663
0.203
0.188906
0.246377
0.2205
0.232384
0.210684
0.21978
0.205
0.283358
0.237381
0.208
0.214393
0.255245
0.194903
0.180729
0.2365
0.2175
0.255
0.213893
0.176
0.182817
0.205
0.2065
0.222889
0.007
0.235147
0.227
0.25937
0.212
0.2355
0.232152
0.217782
0.223
0.005
0.221667
0.017
0.244
0.165
0.209186
0.2025
0.257371
0.224
0.1595
0.231384
0.2175
0.222889
0.0095
0.229
0.154845
0.191404
0.2055
0.215892
0.196304
0.247376
0.211183
0.2695
0.2002
0.193806
0.2315
0.1595
0.141929
0.194403
0.1945
0.169745
0.2345
0.1895
0.151349
0.2165
0.239641
0.191712
0.1955
0.212894
0.201798
0.221389
0.216176
0.213679
0.239
0.217066
0.254373
0.193709
0.221557
0.235382
0.257871
0.198801
0.225774
0.167416
0.166917
0.21029
0.191404
0.192404
0.21989
0.211394
0.246877
0.230885
0.21
0.283716
0.2395
0.244256
0.226387
0.205691
0.006
0.158841
0.248751
0.2085
0.237881
0.2005
0.2375
0.201198
0.202797
0.1785
0.188406
0.218891
0.217891
0.194403
0.2305
0.211
0.253873
0.191404
0.201
0.143
0.205397
0.214
0.151349
0.241
0.00849575
0.215676
0.21989
0.2505
0.206
0.244878
0.167249
0.228272
0.232651
0.2515
0.2365
0.176
0.251249
0.210395
0.2415
0.157
0.209895
