0.152771
0.2445
0.1575
0.216284
0.212
0.214
0.2195
0.205897
0.2055
0.193709
0.197401
0.192116
0.0104948
0.2315
0.168916
0.1955
0.1045
0.1585
0.2305
0.173327
0.1285
0.246877
0.242879
0.205295
0.1805
0.2275
0.2365
0.208896
0.217391
0.17941
0.223388
0.234
0.176823
0.19
0.0155
0.163836
0.155345
0.174
0.209685
0.196206
0.1695
0.023988
0.1785
0.258741
0.2002
0.015
0.18014
0.194611
0.1955
0.146427
0.1885
0.175824
0.22028
0.17991
0.174
0.227
0.206897
0.201299
0.2355
0.163
0.21
0.179321
0.229271
0.216783
0.175325
0.1994
0.1505
0.227886
0.202899
0.191309
0.213287
0.189
0.2265
0.210895
0.217283
0.124875
0.241879
0.245632
0.238881
0.247876
0.208188
0.175736
0.240759
0.2275
0.182726
0.2465
0.2055
0.2475
0.249002
0.238881
0.241259
0.201299
0.197802
0.201
0.26024
0.1925
0.2025
0.266867
0.211682
0.208396
0.15
0.234383
0.185907
0.189
0.209895
0.182
0.1925
0.218891
0.223776
0.2285
0.176
0.211894
0.17991
0.165417
0.024
0.15942
0.194903
0.169162
0.1775
0.185814
0.17
0.137
0.186
0.169415
0.159182
0.193403
0.225774
0.189405
0.141929
0.196803
0.1995
0.200897
0.213287
0.2005
0.209395
0.198104
0.212288
0.157107
0.0214785
0.175412
0.200799
0.191904
0.1805
0.239141
0.1935
0.2045
0.2055
0.197901
0.228771
0.152847
0.183816
0.228386
0.234
0.211289
0.1935
0.214
0.141929
0.191309
0.0144928
0.2045
0.185814
0.169
0.205
0.224052
0.1825
0.226274
0.2
0.258741
0.167832
0.2145
0.189405
0.18672
0.1945
0.132368
0.203796
0.232
0.168248
0.201
0.219171
0.185814
0.2545
0.00749625
0.182409
0.0134933
0.124875
0.218891
0.200599
0.0045
0.196402
0.236146
0.18091
0.170915
0.1605
0.211289
0.213287
0.216892
0.1495
0.249251
0.184
0.194
0.213
0.119
0.189905
0.0814593
0.188
0.2095
0.183816
0.0124938
0.1795
0.183816
0.225662
0.21978
0.218
0.206
0.185
0.1495
0.182
0.011
0.201899
0.157107
0.188717
0.202197
0.2055
0.161339
0.208292
0.197906
0.16042
0.212681
0.185814
0.073
0.134
0.1925
0.137226
0.218891
0.229385
0.169745
0.2205
0.24038
0.16034
0.184408
0.247
0.23315
0.190405
0.200599
0.218391
0.0209895
0.209
0.201399
0.197901
0.1994
0.178821
0.1795
0.1855
0.1825
0.201399
0.187406
0.1505
0.207396
0.230885
0.237381
0.249002
0.181818
0.00649026
0.17324
0.1965
0.136863
0.167832
0.205397
0.207688
0.1998
0.177645
0.233383
0.101449
0.215392
0.2065
0.225774
0.2285
0.205295
0.1715
0.207
0.2345
0.198
0.2275
0.203094
0.145854
0.185
0.185
0.209395
0.224
0.164
0.231269
0.206
0.2065
0.168747
0.1925
0.169246
0.1515
0.1855
0.206191
0.17991
0.241
0.185907
0.24038
0.137226
0.196304
0.239282
0.1605
0.197605
0.212288
0.161339
0.192615
0.192807
0.195402
0.238262
0.2365
0.247876
0.168916
0.163836
0.1875
0.183
0.208687
0.185907
0.161919
0.241
0.1997
0.2002
0.214893
0.2015
0.176236
0.2345
0.177
0.168916
0.187906
0.227
0.2025
0.18041
0.199201
0.223776
0.182
0.1975
0.219171
0.157107
0.149925
0.227772
0.226274
0.0065
0.19
0.216783
0.00649675
0.196902
0.171
0.1545
0.205897
0.180549
0.2004
0.173
0.1805
0.214286
0.202
0.214571
0.197401
0.1997
0.255245
0.1775
0.193903
0.196304
0.2055
0.2285
0.1915
0.193403
0.1815
0.151424
0.1855
0.201798
0.248
0.103
0.245877
0.2285
0.2125
0.2005
0.153846
0.1965
0.1855
0.24038
0.0069965
0.185907
0.194805
0.004995
0.184631
0.189905
0.185315
0.119
0.226
0.225774
0.110445
0.1825
0.2065
0.193307
0.221557
0.0134933
0.0049975
0.251123
0.2025
0.172328
0.1925
0.223
0.2795
0.2145
0.172741
0.199601
0.235147
0.221
0.199
0.0085
0.183816
0.1955
0.1994
0.192404
0.1745
0.128871
0.182909
0.184908
0.207396
0.188811
0.175325
0.198801
0.0149925
0.205295
0.2145
0.1985
0.2235
0.182817
0.204898
0.230654
0.20798
0.188906
0.226161
0.216675
0.16
0.1625
0.168332
0.2005
0.191904
0.223776
0.224888
0.145
0.0069965
0.1915
0.1997
0.184
0.023988
0.1994
0.00898204
0.171828
0.165669
0.183816
0.177911
0.126937
0.151424
0.196902
0.189
0.247752
0.197901
0.191904
0.148926
0.226274
0.212787
0.190405
0.1585
0.199201
0.00898204
0.2055
0.159182
0.216
0.217891
0.194903
0.21
0.22
0.2125
0.142929
0.178322
0.155844
0.170415
0.232884
0.1997
0.1575
0.212681
0.168916
0.217391
0.2385
0.00749251
0.1885
0.218391
0.1885
0.185
0.2185
0.24038
0.2285
0.1785
0.196705
