0.195804
0.141858
0.212681
0.122939
0.1755
0.0234765
0.1795
0.1175
0.0135
0.175325
0.130435
0.1545
0.044
0.141429
0.167
0.1295
0.0205
0.047976
0.096
0.112887
0.149425
0.137862
0.185814
0.111
0.0759241
0.145854
0.14029
0.1575
0.152
0.146927
0.157842
0.185222
0.106
0.151772
0.143928
0.168332
0.0804598
0.1935
0.0109835
0.011988
0.1075
0.134299
0.1345
0.166417
0.1815
0.153923
0.1435
0.142429
0.0129935
0.150849
0.1185
0.141218
0.171742
0.1775
0.1625
0.143856
0.111
0.10634
0.1865
0.153
0.0045
0.0135
0.052
0.00449775
0.136863
0.167
0.1065
0.153
0.134299
0.0979021
0.168916
0.153846
0.0255
0.0945
0.147778
0.1345
0.131
0.044
0.0644678
0.113
0.108446
0.136
0.137294
0.0384615
0.165335
0.138
0.043956
0.0795
0.136296
0.013993
0.178732
0.122439
0.172242
0.1175
0.15992
0.194903
0.152424
0.1535
0.1405
0.14093
0.0914543
0.005
0.176324
0.182
0.136
0.129935
0.12987
0.00449775
0.148926
0.150774
0.14
0.162
0.114943
0.019
0.150925
0.0769615
0.182909
0.155345
0.1075
0.1355
0.11982
0.0069965
0.128436
0.1935
0.1105
0.130305
0.157921
0.1295
0.156922
0.0309845
0.140859
0.009995
0.033
0.12987
0.111
0.0314843
0.00549725
0.131868
0.1345
0.165
0.152847
0.149925
0.181319
0.1405
0.0474525
0.1615
0.137431
0.0934066
0.163
0.161339
0.148926
0.029
0.175
0.146
0.021989
0.1
0.172414
0.14043
0.145
0.129741
0.127309
0.155
0.167
0.138861
0.0495
0.0874126
0.126
0.026
0.133
0.2105
0.17941
0.179
0.114
0.0644678
0.0549176
0.142358
0.152
0.1095
0.117441
0.1635
0.012987
0.176735
0.027
0.104948
0.136432
0.181727
0.138931
0.077961
0.1105
0.1525
0.1635
0.0975
0.182227
0.152
0.00799201
0.1045
0.167416
0.159
0.126747
0.0969515
0.168248
0.169915
0.11
0.196902
0.103896
0.125437
0.0698952
0.173913
0.118941
0.169915
0.143856
0.0124938
0.157
0.125811
0.00949525
0.044
0.14029
0.180729
0.2004
0.0135
0.1125
0.0214571
0.141929
0.126873
0.2375
0.143214
0.0115
0.168
0.1405
0.142
0.153846
0.163
0.015976
0.12032
0.136
0.0694306
0.1015
0.1435
0.135
0.012
0.0603491
0.0429785
0.117441
0.105447
0.19031
0.121439
0.141858
0.1525
0.1175
0.140789
0.152924
0.165417
0.130935
0.195402
0.136863
0.149925
0.151424
0.117882
0.135
0.143928
0.0724638
0.0315
0.146927
0.146927
0.125
0.161
0.174
0.021978
0.138431
0.127
0.175412
0.1545
0.14043
0.152847
0.165834
0.183225
0.174239
0.137931
0.11039
0.104343
0.105342
0.192904
0.154
0.1845
0.129435
0.175
0.0684658
0.111333
0.127936
0.155267
0.172
0.18981
0.157685
0.151
0.204296
0.122816
0.0129935
0.16042
0.1845
0.015976
0.122
0.0834166
0.1475
0.183908
0.1505
0.179142
0.0185
0.130305
0.1515
0.148926
0.170744
0.212681
0.107
0.138861
0.007
0.147426
0.041
0.159
0.167416
0.0115
0.1425
0.112831
0.1485
0.17033
0.147852
0.137294
0.121939
0.1225
0.14
0.141929
0.10684
0.154768
0.170915
0.157921
0.178411
0.1445
0.1655
0.123938
0.151198
0.1365
0.0514486
0.112444
0.016
0.0354291
0.1235
0.0129935
0.1285
0.138861
0.130869
0.1435
0.175912
0.0244755
0.0979021
0.121
0.00898204
0.118703
0.14
0.1555
0.1004
0.118
0.183816
0.0425
0.156266
0.144356
0.011
0.0855
0.131369
0.14678
0.1045
0.0124813
0.179
0.143928
0.174
0.077961
0.183
0.146281
0.1475
0.185222
0.174913
0.151924
0.0995
0.116442
0.181727
0.175237
0.0185
0.121439
0.025987
0.0754623
0.164753
0.064
0.0095
0.156
0.1095
0.1004
0.083
0.114329
0.152847
0.0204591
0.131934
0.1035
0.149925
0.146354
0.173
0.015
0.137431
0.0875
0.113
0.013
0.0095
0.152924
0.157421
0.145
0.103948
0.113
0.0204693
0.1225
0.162419
0.167665
0.11976
0.044
0.155422
0.0175
0.181
0.158342
0.125937
0.14
0.083
0.136432
0.103
0.1675
0.1735
0.133
0.161258
0.015976
0.163918
0.1385
0.182909
0.2105
0.169915
0.143214
0.176
0.1285
0.0125
0.143428
0.138
0.143784
0.157343
0.126248
0.0175
0.145854
0.177411
0.140859
0.146281
0.0475
0.111444
0.171914
0.167416
0.135
0.170415
0.0129935
0.189216
0.150925
0.1645
0.112887
0.163
0.163
0.18041
0.159681
0.1465
0.193403
0.147353
0.0095
0.0555
0.032
0.0465
0.0235
0.151924
0.0855
0.1265
0.157921
0.111
0.1595
0.117941
0.00549451
0.138293
0.0194708
0.057
0.141858
0.106947
0.1465
0.083958
0.177411
0.167249
0.137363
0.154691
0.1235
0.1655
0.158921
0.0384615
0.207896
0.138362
0.101399
0.121939
0.144428
0.184908
0.1665
0.11039
0.157
0.0374438
0.015992
0.163
0.0834166
0.141858
0.17
0.171329
0.206397
0.18513
0.0549176
0.172242
0.0878682
0.114885
0.13943
0.167
0.0304695
0.020979
0.164753
0.1645
0.164418
0.157
0.083958
0.114329
0.122939
0.131
0.138861
0.130435
0.115768
0.156922
0.125437
0.0754623
0.160679
0.111444
0.1735
0.157921
0.16018
0.108392
0.132735
0.145
0.1375
0.1685
0.134299
0.176735
0.0105
0.011
0.0694306
0.161
0.122439
0.181909
0.104
0.148278
0.170744
0.125811
0.0959041
0.138362
0.118881
0.163
0.1615
0.165
0.0134933
0.156422
0.0124938
0.111
0.0055
0.133733
0.168248
0.0145
0.1425
0.104
0.118822
0.1565
0.175824
0.0334498
0.178411
0.158683
0.0594703
0.026
0.14043
0.1505
0.141717
0.098
0.106893
0.1575
0.0129805
0.115768
0.00899101
0.157
0.077
0.1535
0.164
0.126873
0.157921
0.0975
0.0565
0.182909
0.188124
0.00998502
0.115385
0.106947
0.139
0.131369
0.0124938
0.157
0.025
0.1425
0.171914
0.167249
0.0104895
0.188406
0.144428
0.127309
0.0949525
0.113943
0.149925
0.146
0.138431
0.14
0.14678
0.123752
0.104
0.0089955
0.0155
0.157343
0.177
0.018
0.1705
0.016983
0.113
0.0125
0.167
0.136432
0.175325
0.169246
0.1495
0.134299
0.174825
0.0114943
0.022
0.115942
0.138431
0.0105
0.112444
0.0069965
0.013993
0.036963
0.15611
0.148
0.1345
0.03
0.151
0.1135
0.1495
0.0229885
0.185
0.0534733
0.127745
0.1785
0.0204693
0.1505
0.0124938
0.101
0.156
0.122
0.168747
0.130935
0.1025
0.178732
0.109
0.1465
0.148926
0.1455
0.104948
0.152924
0.0854146
0.0235
0.1495
0.162756
0.0569715
0.10684
0.1595
0.104948
0.110445
0.0925
0.147279
0.162919
0.137431
0.148851
0.157
0.1515
0.1345
0.148851
0.161
0.021
0.1735
0.163255
0.00749625
0.115
0.00949051
0.154691
0.0999001
0.116942
0.171414
0.013993
0.013
0.1395
0.118441
0.146281
0.0644678
0.022
0.1525
0.107946
0.143784
0.161
0.011
0.0349301
0.152
0.1135
0.1185
0.164
0.1465
0.171329
0.121756
0.124938
0.124813
0.1195
0.00649351
0.089955
0.173913
0.0798802
0.17982
0.1515
0.121817
0.130935
0.177733
0.1565
0.1045
0.0389805
0.167249
0.025987
0.152424
0.071964
0.161919
0.114885
0.146927
0.017973
0.166833
0.1485
0.0109945
0.0949525
0.118822
0.101
0.167
0.131802
0.132
0.108392
0.165335
0.156
0.138931
0.133
0.1805
0.163337
0.16
0.106
0.172242
0.012
0.005
0.11039
0.148926
0.157
0.1655
0.171329
0.136863
0.1505
0.00598802
0.161419
0.0289566
0.1165
0.0185
0.1835
0.155422
0.0089955
0.0104948
0.168416
0.147926
0.124376
0.1185
0.1585
0.0835
0.148926
0.169915
0.0879121
0.16034
0.0235
0.1004
0.158342
0.166833
0.165417
0.166417
0.027986
0.00898652
0.161919
0.00549725
0.1165
0.141288
0.169246
0.161919
0.123438
0.0124938
0.127
0.151924
0.137931
0.1955
0.163918
0.167416
0.154
0.149
0.114
0.105841
0.024975
0.162
0.132934
0.147426
0.1065
0.157
0.083
0.14985
0.1255
0.147852
0.104
0.1305
0.012
0.11976
0.0204898
0.1515
0.1075
0.00899101
0.1175
0.0095
0.12987
0.123438
0.0049975
0.157343
0.136863
0.1485
0.1333
0.15992
0.0125
0.12044
0.132434
0.1625
0.14029
0.0194805
0.0855
0.155922
0.138861
0.133
0.1585
0.1915
0.133367
0.148851
0.00949525
0.133433
0.1575
0.0994503
0.14
0.183225
0.171742
0.007
0.147279
0.153923
0.026
0.1295
0.1615
0.155844
0.0194805
0.0679321
0.0745
0.0915
0.009995
0.0104895
0.150425
0.167832
0.1115
0.145427
0.011
0.165917
0.175325
0.113
0.162756
0.041
0.171
0.139
0.00749625
0.0185
0.178411
0.1575
0.13943
0.1615
0.1315
0.00898652
0.127373
0.181409
0.1645
0.111665
0.144428
0.158683
0.022
0.0978044
0.104948
0.036
0.155766
0.136932
0.126937
0.0825
0.110445
0.163
0.150925
0.151424
0.116
0.153923
0.174
0.00549725
0.156344
0.136
0.121939
0.168747
0.146927
0.201
0.17
0.172827
0.0185
0.151
0.106394
0.156422
0.1235
0.0969515
0.112444
0.180729
0.1465
0.147852
0.026
0.142
0.134
0.158921
0.177
0.117441
0.1455
0.156422
0.0935
0.167249
0.1575
0.176912
0.132
0.189216
0.0189905
0.152424
0.0244755
0.136863
0.143214
0.130869
0.103844
0.026
0.0795
0.179
0.106947
0.1605
0.1345
0.212681
0.00749625
0.156422
0.125437
0.158762
0.1605
0.0224888
0.162419
0.160679
0.1625
0.1125
0.156922
0.106
0.162837
0.143214
0.1485
0.148851
0.129
0.041958
0.0644356
0.188906
0.157842
0.192807
0.118822
0.103844
0.1004
0.166417
0.129371
0.0745
0.159
0.105395
0.1285
0.171
0.0125
0.148426
0.157
0.162837
0.173
0.117941
0.026973
0.046953
0.177822
0.137931
0.151848
0.165917
0.1695
0.00949525
0.148278
0.1055
0.13943
0.173413
0.0935
0.113443
0.0194903
0.156266
0.1075
0.185222
0.121817
0.175
0.0155
0.18091
0.148426
0.113
0.00949525
0.149425
0.026
0.18091
0.178
0.098
0.025974
0.0344828
0.1865
0.157
0.1385
0.13993
0.1135
0.186407
0.146
0.00549451
0.117764
0.162419
0.133367
0.026973
0.1135
0.145927
0.1605
0.044
0.138931
0.1575
0.0724638
0.14
0.174
0.089955
0.1495
0.156
0.157685
0.121939
0.17
0.0124813
0.108392
0.1415
0.15035
0.1185
0.1075
0.005
0.176735
0.1295
0.1475
0.156266
0.1585
0.1335
0.167
0.124376
0.124
0.0145
0.0089955
0.158921
0.121
0.155422
0.22682
0.165
0.0125
0.1285
0.158921
0.1405
0.1065
0.0644356
0.1435
0.1005
0.175237
0.103896
0.027
0.0858712
0.115
0.159
0.13993
0.178
0.103896
0.164753
0.143928
0.144356
0.0875
0.148926
0.167665
0.1065
0.143784
0.078
0.17033
0.188906
0.111
0.168747
0.117441
0.108446
0.149925
0.1475
0.156422
0.117
0.148426
0.0129935
0.140859
0.1265
0.1175
0.0105
0.130935
0.021
0.174239
0.1375
0.172242
0.145
0.167832
0.105894
0.101399
0.176912
0.1695
0.11
0.095
0.009
0.12094
0.149
0.165
0.146
0.162919
0.0574713
0.147
0.095952
0.145
0.157
0.107838
0.175412
0.125437
0.14
0.045954
0.159
0.0204591
0.1025
0.1055
0.14043
0.0134663
0.155
0.1595
0.114
0.153423
0.141429
0.027
0.13943
0.0304695
0.177733
0.1525
0.157421
0.011988
0.0165
0.150425
0.046953
0.108392
0.148
0.1445
0.110445
0.1085
0.0275
0.172414
0.165417
0.1495
0.154
0.1575
0.11039
0.1235
0.148926
0.100349
0.1445
0.1615
0.158
0.00898652
0.167665
0.00499251
0.0754623
0.1385
0.1665
0.164418
0.114443
0.113943
0.0194903
0.181727
0.146281
0.0594703
0.0375
0.166917
0.023988
0.1465
0.0095
0.128436
0.0115
0.0684316
0.0684316
0.141429
0.148
0.1065
0.147426
0.100299
0.1085
0.128936
0.1085
0.1915
0.17
0.0384423
0.0925
0.158921
0.143214
0.174
0.181409
0.0234765
0.0045
0.1385
0.12044
0.132934
0.195902
0.1635
0.0204898
0.172827
0.146927
0.119
0.106394
0.117882
0.2375
0.157
0.0109945
0.105894
0.127681
0.150925
0.121
0.194805
0.178
0.1495
0.0853719
0.147852
0.147852
0.0234765
0.0394408
0.173
0.141
0.152424
0.153
0.0214571
0.1004
0.145355
0.210789
0.111
0.0224551
0.17982
0.128436
0.117441
0.0979021
0.0764236
0.134
0.127936
0.165917
0.1545
0.172242
0.142857
0.170415
0.023
0.1915
0.176236
0.0544728
0.1885
0.0104948
0.1445
0.135796
0.153769
0.139291
0.114
0.0509745
0.139291
0.2004
0.206191
0.198901
0.0825
0.143
0.181
0.009995
0.104948
0.165
0.151924
0.1635
0.143214
0.00998502
0.0465
0.1775
0.203
0.14043
0.00999001
0.156
0.154768
0.143928
0.0089955
0.1525
0.134299
0.0549725
0.13
0.143928
0.174
0.0574713
0.189905
0.1385
0.0055
0.107
0.146281
0.041958
0.0155
0.157421
0.155
0.163
0.163
0.103948
0.00499251
0.0754623
0.1185
0.1905
0.135
0.1955
0.140859
0.185222
0.171329
0.154768
0.16042
0.026
0.0315
0.141
0.0759241
0.0129935
0.0888667
0.0194708
0.115
0.0065
0.0045
0.0489755
0.177
0.14029
0.0285
0.013993
0.14093
0.112275
0.0315
0.145636
0.014985
0.157
0.1055
0.1065
0.127436
0.1555
0.172827
0.14
0.111665
0.184132
0.166
0.148426
0.1755
0.157343
0.172242
0.161339
0.149925
0.10634
0.148851
0.168
0.161258
0.01
0.1555
0.1325
0.185907
0.03
0.13
0.165
0.123438
0.163918
0.1425
0.186907
0.0895
0.174825
0.170915
0.106947
0.095952
0.138
0.00898652
0.175412
0.177
0.1535
0.051974
0.177323
0.0214785
0.0095
0.112944
0.012
0.193403
0.11039
0.105342
0.179551
0.148426
0.154845
0.155
0.0545
0.0145
0.0065
0.122939
0.014
0.1175
0.0743884
0.096
0.110445
0.175912
0.096
0.11
0.143856
0.163337
0.074
0.156
0.007996
0.115
0.0934066
0.205691
0.1235
0.175
0.142857
0.056
0.0175
0.124938
0.203
0.17982
0.171414
0.136432
0.032
0.121878
0.108446
0.012987
0.156
0.1345
0.1615
0.167
0.135932
0.114443
0.118941
0.167416
0.171243
0.151424
0.170415
0.1575
0.149276
0.152924
0.148426
0.157343
0.19031
0.124376
0.121
0.15992
0.137
0.17
0.137294
0.155922
0.0214785
0.0854573
0.147353
0.161
0.143214
0.0804598
0.1875
0.1885
0.1375
