0.27936
0.2215
0.277861
0.2335
0.299
0.273363
0.234149
0.248
0.274725
0.243257
0.300549
0.291563
0.2955
0.23988
0.247629
0.2905
0.288856
0.2545
0.245
0.260479
0.27667
0.284
0.246
0.2655
0.271
0.249875
0.27
0.283
0.285572
0.27972
0.296852
0.2575
0.285357
0.304848
0.284
0.205397
0.24026
0.228386
0.288356
0.241
0.315
0.267366
0.261
0.322355
0.1975
0.272364
0.293207
0.3085
0.28971
0.2675
0.227431
0.2935
0.257243
0.273
0.237
0.252874
0.331
0.2955
0.255
0.285357
0.283716
0.279
0.252994
0.264868
0.2275
0.262737
0.2965
0.218064
0.266234
0.2525
0.288856
0.271322
0.308346
0.264236
0.216176
0.306847
0.2285
0.249375
0.252621
0.253247
0.234149
0.27986
0.276
0.274363
0.26973
0.269231
0.248627
0.275449
0.2855
0.309036
0.241
0.2575
0.287
0.273863
0.274363
0.301048
0.298403
0.2955
0.223277
0.293207
0.250749
0.293207
0.30035
0.268
0.253873
0.285
0.291854
0.288212
0.259481
0.2475
0.247505
0.256743
0.265367
0.282859
0.235882
0.286
0.282359
0.284358
0.2315
0.278721
0.298
0.2475
0.23988
0.306693
0.268962
0.264368
0.291854
0.287569
0.2555
0.224888
0.246
0.258741
0.224888
0.2025
0.238381
0.257871
0.297702
0.224164
0.2555
0.262869
0.236
0.245255
0.287356
0.245377
0.28022
0.2515
0.267366
0.236
0.245377
0.247505
0.274725
0.2115
0.305847
0.232152
0.22666
0.285714
0.262
0.270729
0.236028
0.232036
0.22039
0.248376
0.2625
0.273
0.266234
0.277361
0.298
0.2875
0.280439
0.287712
0.228886
0.267866
0.317183
0.274588
0.269231
0.276
0.263368
0.226887
0.322339
0.2955
0.322339
0.2845
0.2655
0.2575
0.28
0.2755
0.2605
0.284074
0.2955
0.279
0.261738
0.2435
0.278861
0.254618
0.276808
0.3025
0.305694
0.2935
0.257614
0.315
0.278861
0.233
0.255
0.282077
0.231
0.00698952
0.266833
0.23988
0.250749
0.269
0.258
0.2615
0.274
0.315369
0.271
0.0089955
0.265367
0.24
0.291354
0.264868
0.270594
0.3075
0.2605
0.276585
0.267366
0.252
0.272591
0.2625
0.250749
0.226387
0.27023
0.278361
0.265235
0.233
0.2955
0.29021
0.251996
0.304848
0.216
0.292
0.216
0.221889
0.2725
0.289855
0.232
0.2565
0.268866
0.2935
0.281297
0.232884
0.223776
0.00948577
0.003
0.244378
0.273227
0.285
0.0174913
0.312344
0.315369
0.2855
0.270865
0.24038
0.248878
0.268366
0.294853
0.308192
0.306
0.282
0.255
0.265867
0.28086
0.256244
0.258
0.288856
0.257371
0.2645
0.2615
0.247629
0.25937
0.281
0.272864
0.308691
0.2575
0.238381
0.2835
0.242879
0.283716
0.30489
0.275362
0.221389
0.275087
0.236
0.226
0.256615
0.256
0.301
0.291
0.268866
0.257871
0.267866
0.264
0.226
0.284858
0.233383
0.289
0.325012
0.191
0.221389
0.1975
0.297851
0.2365
0.243257
0.264
0.3115
0.234032
0.24038
0.262869
0.233383
0.285
0.278942
0.2605
0.294353
0.2295
0.268866
0.272092
0.286071
0.2955
0.230885
0.003
0.246877
0.228771
0.242379
0.2405
0.247752
0.274363
0.269
0.232
0.270729
0.282359
0.276808
0.241
0.291
0.00549451
0.281859
0.304
0.276
0.29
0.282359
0.266
0.245754
0.2735
0.255872
0.241758
0.291708
0.305847
0.218781
0.218064
0.0209476
0.294
0.258
0.284074
0.252248
0.251
0.23315
0.2805
0.288356
0.296852
0.331834
0.296852
0.2575
0.261976
0.243878
0.223388
0.2565
0.233
0.265
0.0085
0.26
0.316026
0.262
0.251
0.2405
0.2775
0.258
0.28657
0.304348
0.286857
0.257371
0.283075
0.247
0.227431
0.00449775
0.279
0.2525
0.224164
0.223388
0.261976
0.3125
0.212
0.269365
0.2785
0.205397
0.257243
0.271
0.2425
0.286357
0.2975
0.262369
0.2555
0.312844
0.2855
0.252874
0.211894
0.263605
0.201198
0.28
0.281
0.2795
0.284358
0.265867
0.243257
0.296852
0.245632
0.274363
0.2465
0.236382
0.2215
0.293
0.267866
0.308038
0.272228
0.21967
0.285215
0.263368
0.249875
0.268597
0.228543
0.243257
0.315
0.291354
0.2875
0.292
0.218781
0.25937
0.2295
0.293
0.245
0.27
0.261738
0.288
0.2405
0.314029
0.291209
0.2685
0.315342
0.272727
0.2245
0.258483
0.261239
0.286357
0.272092
0.246
0.305
0.258483
0.236028
0.245377
0.298
0.2825
0.273
0.295352
0.30489
0.308192
0.305847
0.2655
0.281359
0.223277
0.236382
0.274863
0.2685
0.294
0.28086
0.304
0.278861
0.262369
0.2935
0.266867
0.278721
0.278861
0.292
0.304586
0.284216
0.23938
0.261369
0.2435
0.284
0.221
0.270594
0.232384
0.275225
0.274
0.245877
0.287856
0.247505
0.224388
0.232384
0.2365
0.2085
0.252874
0.253746
0.2515
0.2375
0.294705
0.270865
0.271229
0.229042
0.2955
0.265734
0.232884
0.297
0.273863
0.267
0.317841
0.2935
0.2855
0.267
0.2475
0.273
0.2625
0.245377
0.218891
0.24038
0.2645
0.261239
0.262
0.2295
0.00599101
0.263
0.258
0.295908
0.269365
0.27986
0.2915
0.282859
0.27182
0.257371
0.261
0.2605
0.309036
0.248751
0.243878
0.251123
0.228386
0.246753
0.224164
0.293706
0.295852
0.305694
0.2405
0.233267
0.29
0.295205
0.25974
0.2965
0.277361
0.268366
0.267866
0.249375
0.272727
0.268366
0.246377
0.241879
0.2835
0.256
0.276585
0.218
0.276362
0.265
0.196902
0.266733
0.285357
0.00848303
0.3035
0.246377
0.293853
0.281
0.262737
0.25025
0.290855
0.2465
0.2855
0.2725
0.282717
0.269231
0.270865
0.223277
0.271364
0.296352
0.309845
0.237
0.26
0.31984
0.2935
0.221
0.3005
0.190405
0.243257
0.2865
0.258612
0.277361
0.2365
0.2575
0.3015
0.285857
0.286357
0.216
0.2415
0.252747
0.250875
0.262606
0.295352
0.2865
0.250998
0.275362
0.282218
0.276362
0.269365
0.239
0.285
0.2575
0.2595
0.23315
0.261369
0.275
0.218781
0.255617
0.01
0.271
0.224276
0.244
0.214678
0.2445
0.2635
0.262238
0.284715
0.286357
0.226
0.28036
0.276585
0.253
0.285857
0.28
0.2565
0.0209476
0.282859
0.27
0.247
0.293207
0.25937
0.277084
0.1999
0.270865
0.2665
0.2825
0.2245
0.258371
0.288856
0.212
0.2525
0.241879
0.256487
0.261369
0.281359
0.2405
0.243
0.274725
0.3002
0.312844
0.282576
0.255744
0.266733
0.299051
0.242258
0.252874
0.230385
0.297203
0.226
0.2815
0.276
0.258
0.277361
0.272954
0.307
0.255872
0.303348
0.262
0.004
0.283217
0.291708
0.309036
0.27972
0.28022
0.287213
0.229385
0.289855
0.281297
0.295852
0.2435
0.251748
0.226
0.284358
0.283858
0.239641
0.2935
0.287
0.274089
0.242258
0.2805
0.249875
0.257243
0.245877
0.23
0.270594
0.300898
0.232884
0.267233
0.247505
0.2565
0.261108
0.2925
0.263368
0.282859
0.285857
0.282359
0.274363
0.316342
0.242258
0.2385
0.251
0.315
0.246
0.285
0.2505
0.2385
0.29
0.245377
0.2925
0.233
0.288856
0.2375
0.2405
0.290065
0.2655
0.286214
0.229042
0.313843
0.282359
0.2735
0.245377
0.273227
0.250749
0.24663
0.2545
0.224
0.224
0.2565
0.2565
0.301849
0.2405
0.2885
0.270365
0.284715
0.263368
0.303197
0.3
0.297554
0.274863
0.241379
0.262
0.241
0.281
0.2725
0.273
0.231
0.268366
0.279
0.262369
0.00449775
0.312
0.252374
0.243756
0.204398
0.231
0.2935
0.323
0.238381
0.299051
0.254
0.243257
0.2405
0.244134
0.204398
0.281859
0.282
0.0065
0.233267
0.2875
0.284
0.2665
0.241
0.2645
0.26
0.2665
0.2365
0.2525
0.271
0.273227
0.0209476
0.2615
0.308346
0.273227
0.268366
0.320679
0.232036
0.315369
0.305
0.0069965
0.304348
0.229385
0.305
0.264
0.265968
0.229656
0.245255
0.229042
0.235382
0.2415
0.251123
0.224164
0.295205
0.25985
0.271229
0.243756
0.258242
0.306847
0.2955
0.0464768
0.261239
0.308691
0.243878
0.267866
0.2885
0.2615
0.2605
0.224
0.3025
0.2455
0.2355
0.205794
0.268366
0.284573
0.285215
0.265235
0.247
0.267866
0.262369
0.2935
0.290355
0.286357
0.257243
0.280938
0.261
0.268366
0.00549451
0.2845
0.248252
0.284289
0.282077
0.262238
0.285357
0.2875
0.261976
0.208896
0.196902
0.242
0.293353
0.293207
0.25362
0.283
0.256
0.232884
0.239261
0.3105
0.262
0.270865
0.271229
0.278222
0.257614
0.246377
0.253373
0.272727
0.274
0.209186
0.2585
0.296555
0.268366
0.2565
0.2695
0.242879
0.257742
0.2295
0.229042
0.224
0.288
0.31984
0.263105
0.262238
0.2765
0.24088
0.210395
0.291854
0.262238
0.308038
0.229042
0.244
0.275449
0.281859
0.276362
0.278721
0.328836
0.269365
0.305
0.224276
0.2295
0.245754
0.25
0.273363
0.248876
0.243756
0.3115
0.3025
0.2615
0.264868
0.263
0.257243
0.258371
0.2685
0.214678
0.2545
0.263
0.252874
0.309345
0.26
0.268366
0.273227
0.2425
0.288
0.247253
0.249375
0.256615
0.212787
0.225774
0.2915
0.3025
0.2955
0.290855
0.278222
0.309536
0.268
0.241
0.284216
0.3005
0.2615
0.295704
0.280938
0.2215
0.27
0.267
0.227273
0.256743
0.245877
0.253373
0.2735
0.297851
0.315369
0.287
0.237
0.252
0.2685
0.254
0.2835
0.238143
0.231
0.306847
0.2415
0.274588
0.315369
0.231768
0.233
0.2265
0.308691
0.274725
0.2915
0.233267
0.0124875
0.2945
0.291354
0.266833
0.2615
0.248252
0.331
0.246
0.285714
0.314343
0.314029
0.283217
0.28
0.258612
0.004
0.007
0.272092
0.258113
0.24038
0.264
0.012
0.2525
0.261239
0.293353
0.268232
0.242879
0.295852
0.289855
0.246877
0.22039
0.268366
0.293706
0.218891
0.275362
0.261108
0.251748
0.263368
0.272591
0.28
0.261
0.2925
0.288856
0.245255
0.246
0.284858
0.2935
0.287356
0.243257
0.271
0.286
0.221
0.283858
0.00948577
0.211289
0.303197
0.263368
0.211289
0.312844
0.260739
0.215392
0.1975
0.235647
0.272864
0.262238
0.281859
0.282859
0.293207
0.2415
0.272591
0.211894
0.2685
0.316342
0.2785
0.284
0.310845
0.24088
0.284074
0.2125
0.012
0.27182
0.264104
0.315
0.255617
0.299051
0.2385
0.2575
0.282576
0.2465
0.297054
0.289277
0.304
0.2335
0.238523
0.265867
0.00549451
0.2975
0.246753
0.243
0.27936
0.251374
0.2595
0.215
0.30085
0.2955
0.25362
0.229656
0.25362
0.254246
0.277
0.212787
0.311189
0.236
0.2475
0.294353
0.285
0.2865
0.266367
0.281219
0.308192
0.26037
0.26
0.293207
0.267732
0.2825
0.214
0.276723
0.297
0.269596
0.274226
0.307
0.234648
0.248876
0.0124875
0.279
0.286857
0.271
0.314186
0.262369
0.2925
0.262606
0.271
0.2615
0.249126
0.243378
0.283433
0.2765
0.286214
0.268
0.264
0.297554
0.248876
0.237
0.291354
0.236264
0.267233
0.282077
0.227386
0.0095
0.278
0.246
0.291354
0.284431
0.265
0.34033
0.251249
0.244
0.253373
0.273227
0.196803
0.264236
0.316184
0.267
0.291209
0.297054
0.2615
0.277
0.272364
0.2605
0.2855
0.284573
0.288
0.298701
0.201198
0.229042
0.258371
0.267366
0.205
0.2485
0.279
0.276
0.2865
0.296555
0.318023
0.307731
0.244389
0.277361
0.273363
0.223277
0.276946
0.276224
0.196902
0.312562
0.243257
0.257742
0.231768
0.273
0.290355
0.2015
0.2695
0.283
0.2415
0.288856
0.245
0.292
0.2375
0.30005
0.282859
0.267233
0.218781
0.2435
0.2555
0.287356
0.278721
0.284858
0.291708
0.275087
0.244878
0.2285
0.30489
0.284216
0.254745
0.282576
0.304848
0.261869
0.252
0.228272
0.27
0.266867
0.267
0.284358
0.296555
0.284074
0.315342
0.291354
0.279
0.2315
0.255
0.272092
0.285
0.304
0.262238
0.01
0.306847
0.230885
0.2865
0.243756
0.273863
0.2435
0.265
0.273
0.26
0.2715
0.281
0.23988
0.295852
0.267866
0.274
0.246877
0.268
0.274363
0.248376
0.2865
0.00798802
0.2405
0.253746
0.27667
0.30085
0.008
0.278361
0.264
0.276
0.288856
0.2955
0.283075
0.3085
0.331
0.2355
0.2795
0.304586
0.291854
0.294353
0.293
0.306693
0.257
0.25499
0.24038
0.216
0.237644
0.272228
0.296852
0.282859
0.272591
0.228
0.289211
0.241638
0.2745
0.294853
0.2825
0.255872
0.265968
0.290855
0.272591
0.258
0.251123
0.218
0.248252
0.204693
0.2765
0.2665
0.2025
0.252747
0.008
0.285572
0.295205
0.254
0.264368
0.270865
0.265235
0.2845
0.258113
0.274588
0.278
0.294206
0.284216
0.229925
0.264735
0.295852
0.250375
0.2355
0.282359
0.271
0.296352
0.2785
0.276086
0.255
0.242757
0.30035
0.2805
0.291
0.2575
0.215892
0.216284
0.299252
0.2385
0.302
0.2545
0.32002
0.282218
0.315369
0.272228
0.298202
0.276224
0.288212
0.261477
0.2765
0.2955
0.2675
0.242137
0.261369
0.224388
0.216
0.290709
0.2505
0.245754
0.236
0.264104
0.218064
0.307692
0.288356
0.25998
0.0134865
0.314843
0.27
0.244378
0.268
0.2665
0.282218
0.2215
0.223776
0.323338
0.271364
0.273
0.2945
0.25974
0.229042
0.278
0.241
0.263368
0.247505
0.008
0.296
0.331834
0.262238
0.2565
0.295704
0.233383
0.248876
0.25362
0.227
0.257871
0.283075
0.24038
0.231269
0.277
0.263736
0.290355
0.2785
0.3205
0.238523
0.305347
0.261
0.232152
0.257
0.250875
0.282
0.252747
0.01
0.294705
0.246377
0.295704
0.264
0.246377
0.215392
0.291854
0.249875
0.290355
0.261108
0.234032
0.278
0.245
0.277722
0.2515
0.2515
0.298351
0.331
0.2025
0.265968
0.273
0.266
0.261369
0.23
0.2725
0.2555
0.305
0.262606
0.298
0.224
0.267599
0.215784
0.261
0.271
0.2485
0.248627
0.285
0.2325
0.282359
0.278582
0.2815
0.232
0.267366
0.222889
0.2845
0.2835
0.252
0.284573
0.003998
0.275362
0.264735
0.215784
0.2445
0.243
0.271229
0.2885
0.2545
0.223277
0.273453
0.231884
0.229656
0.215892
0.2805
0.261369
0.253
0.261108
0.254
0.311189
0.2535
0.222167
0.2275
0.272
0.3125
0.295057
0.248876
0.272
0.305347
0.2975
0.2565
0.309536
0.223388
0.243756
0.2635
0.2935
0.268597
0.2745
0.3035
0.227
0.288
0.255
0.237
0.229385
0.24975
0.292
0.280579
0.241
0.230885
0.273
0.311189
0.302349
0.234883
0.241758
0.228272
0.272
0.264104
0.2755
0.2605
0.228
0.226
0.2575
0.223665
0.2575
0.279
0.257243
0.225387
0.289855
0.272364
0.246
0.271322
0.237263
0.283716
0.254618
0.2575
0.273
0.267866
0.262
0.256244
0.277361
0.284858
0.289855
0.2885
0.2465
0.2635
0.20509
0.252994
0.2515
0.257871
0.2695
0.268366
0.257742
0.280938
0.287856
0.212
0.282576
0.276
0.276723
0.262
0.258612
0.24
0.264735
0.245754
0.238
0.266
0.279
0.242258
0.245
0.301199
0.24088
0.2765
0.266367
0.244256
0.2555
0.227273
0.284074
0.274863
0.2555
0.263
0.252
0.23004
0.232152
0.271
0.282
0.284
0.212
0.267866
0.255
0.269365
0.309036
0.2935
0.258
0.2815
0.315342
0.290065
0.2945
0.245754
0.273726
0.277361
0.298851
0.309845
0.243756
0.226
0.278222
0.214393
0.266
0.325012
0.272727
0.270365
0.242
0.2385
0.258483
0.240639
0.262869
0.01
0.289066
0.286214
0.261369
0.276585
0.2666
0.00599101
0.253373
0.272364
0.33983
0.287856
0.316342
0.281359
0.265
0.27
0.283575
0.289855
0.241
0.196902
0.2865
0.266467
0.257614
0.2725
0.309536
0.296555
0.295704
0.263605
0.269096
0.284573
0.258
0.28971
0.258242
0.307731
0.255
0.247376
0.2775
0.2405
0.278861
0.3
0.2775
0.252
0.283
0.265867
0.295704
0.2435
0.242016
0.235382
0.305694
0.211289
0.262369
0.285
0.285215
0.30085
0.261108
0.25987
0.248627
0.291854
0.2025
0.246
0.2675
0.290855
0.2545
0.286857
0.24088
0.224
0.265235
0.252874
0.232152
0.258
0.279
0.281
0.266867
0.258
0.2445
0.262869
0.2825
0.2645
0.249375
0.0464768
0.25937
0.251748
0.257
0.2735
0.308192
0.2815
0.246877
0.2705
0.313843
0.259
0.245377
0.296852
0.27986
0.271229
0.272364
0.275362
0.307
0.2305
0.275587
0.264
0.263105
0.3135
0.263
0.263
0.232884
0.272
0.24088
0.2715
0.233383
0.2835
0.278083
0.305847
0.246
0.25362
0.2475
0.298403
0.273
0.276808
0.3025
0.297702
0.267866
0.273453
0.222889
0.314186
0.3025
0.277361
0.281718
0.30035
0.262
0.2835
0.252374
0.2635
0.263736
0.269865
0.295852
0.284431
0.2935
0.241379
0.255
0.307731
0.286357
0.28008
0.233383
0.256615
0.263368
0.282576
0.297
0.249375
0.283791
0.257371
0.267366
0.296352
0.243756
0.295352
0.250749
0.264104
0.253247
0.230885
0.281
0.276086
0.236382
0.27972
0.282
0.284074
0.243257
0.257243
0.267732
0.304848
0.2815
0.278
0.263868
0.273863
0.25987
0.255872
0.292561
0.319
0.258612
0.261108
0.272591
0.298
0.268366
0.246
0.257485
0.265
0.279081
0.216
0.299051
0.2905
0.281359
0.278361
0.235382
0.231768
0.272364
0.224888
0.254745
0.230385
0.2405
0.24
0.2545
0.226
0.265867
0.262369
0.2875
0.245
0.289355
0.305847
0.2405
0.262974
0.301199
0.231
0.254
0.231384
0.285857
0.308192
0.289855
0.28
0.2865
0.237644
0.296
0.241
0.272
0.276
0.27
0.255
0.256372
0.250375
0.282218
0.298
0.235382
0.229385
0.278861
0.2985
0.299051
0.3075
0.278582
0.257243
0.3115
0.262238
0.276
0.267233
0.236527
0.007
0.275225
0.215392
0.239261
0.212
0.297904
0.291354
0.261477
0.3125
0.24
0.255
0.2265
0.237
0.25987
0.296852
0.267233
0.26
0.274
0.287856
0.254
0.285
0.298
0.247629
0.2725
0.262238
0.2425
0.26
0.2855
0.250624
0.284715
0.24975
0.269
0.297851
0.233
0.2955
0.276
0.218781
0.245
0.003
0.274
0.2775
0.220779
0.266
0.229042
0.286357
0.276
0.28
0.00848727
0.327009
0.254373
0.28657
0.2435
0.257485
0.2365
0.27936
0.250875
0.2915
0.248876
0.237
0.228386
0.291209
0.264
0.264
0.264
0.280439
0.27
0.283716
0.243635
0.247752
0.300399
0.309845
0.255
0.2815
0.307692
0.2365
0.259
0.222389
0.21978
0.288212
0.284216
0.253992
0.2645
0.2615
0.274363
0.2935
0.238143
0.237
0.323338
0.017982
0.281859
0.2275
0.273363
0.252621
0.249375
0.2935
0.289
0.268
0.2875
0.281359
0.248876
0.2805
0.297702
0.284
0.246377
0.22666
0.305847
0.298351
0.289355
0.291854
0.298403
0.287
0.284358
0.293207
0.309845
0.312844
0.27023
0.2975
0.275087
0.2485
0.274
0.256244
0.253746
0.273726
0.271
0.2515
0.253373
0.314343
0.242879
