0.220559
0.164254
0.1545
0.219281
0.101
0.165
0.234765
0.155267
0.126437
0.021989
0.216
0.1805
0.152847
0.1515
0.166917
0.187
0.1865
0.178
0.16034
0.145282
0.1635
0.183225
0.172
0.192212
0.189
0.213
0.198401
0.0134663
0.178
0.171828
0.2215
0.139291
0.149925
0.134366
0.0044955
0.13
0.135432
0.193709
0.129435
0.14043
0.176647
0.1999
0.147926
0.166
0.199301
0.00549725
0.131
0.123938
0.152771
0.219
0.223277
0.166
0.183
0.189
0.201798
0.229271
0.2175
0.2345
0.1375
0.177323
0.190809
0.181
0.157
0.205794
0.1725
0.197802
0.176
0.157
0.192
0.132302
0.15942
0.141359
0.123438
0.183
0.135432
0.160759
0.132867
0.166417
0.132801
0.204
0.227772
0.181
0.216
0.185
0.255372
0.148777
0.182409
0.0534466
0.1215
0.0725
0.184224
0.1455
0.169331
0.163918
0.187
0.212
0.1935
0.147778
0.1535
0.167
0.192
0.012475
0.182817
0.164418
0.165917
0.0069965
0.165417
0.17991
0.128
0.177645
0.232
0.216783
0.211788
0.216892
0.163
0.185907
0.223553
0.198
0.0249875
0.258871
0.132434
0.00549725
0.177733
0.101348
0.152
0.213
0.178322
0.211
0.184815
0.193613
0.00949051
0.198401
0.0095
0.163418
0.207
0.2009
0.1965
0.238
0.152
0.241879
0.0918622
0.176412
0.209
0.01
0.0235
0.123377
0.1475
0.2225
0.00949525
0.187
0.2175
0.178322
0.1945
0.184316
0.0065
0.191404
0.235382
0.00799201
0.153
0.175912
0.017991
0.128436
0.172328
0.184316
0.22039
0.003998
0.101898
0.211394
0.152348
0.172
0.2115
0.161838
0.176
0.2004
0.0104948
0.177323
0.1785
0.162
0.198
0.0679321
0.192711
0.177323
0.210895
0.241879
0.233
0.211
0.220559
0.009995
0.1935
0.207
0.177645
0.1755
0.2009
0.0174913
0.117941
0.0264471
0.254873
0.174913
0.213679
0.013
0.175912
0.21
0.2225
0.0104895
0.0264603
0.166
0.165417
0.0184723
0.1998
0.227886
0.148
0.178911
0.174913
0.148278
0.222
0.00798403
0.166334
0.135
0.225887
0.2105
0.158921
0.1875
0.2395
0.227886
0.160759
0.1125
0.1998
0.134433
0.1095
0.0174913
0.00749625
0.187718
0.159261
0.181818
0.186
0.222167
0.212894
0.177911
0.0189621
0.1935
0.14036
0.1345
0.193307
0.153423
0.0175
0.006
0.1445
0.211394
0.189405
0.276
0.0334498
0.168332
0.234648
0.168747
0.224888
0.129435
0.178411
0.17
0.20979
0.208
0.189905
0.165
0.2175
0.128
0.1905
0.205397
0.135932
0.19
0.175912
0.158
0.1775
0.149925
0.2205
0.162919
0.156843
0.21978
0.1395
0.209
0.214
0.18672
0.121439
0.0918622
0.117941
0.199
0.177323
0.124438
0.167
0.1335
0.005997
0.138
0.2035
0.161838
0.191404
0.0949525
0.219062
0.006
0.192212
0.214286
0.21939
0.186407
0.161838
0.196206
0.1455
0.012475
0.1895
0.15992
0.1925
0.2215
0.0115
0.166334
0.2415
0.0125
0.1775
0.00749625
0.205897
0.139291
0.013993
0.245255
0.1885
0.194903
0.227386
0.208896
0.213
0.183816
0.136432
0.17982
0.224
0.182136
0.0264471
0.216892
0.159601
0.216
0.19321
0.216392
0.167
0.209
0.1925
0.1775
0.149351
0.189
0.2055
0.192
0.171414
0.205
0.174
0.161
0.006
0.020979
0.0105
0.153923
0.208873
0.118941
0.1004
0.134433
0.199
0.012
0.223665
0.184408
0.17
0.158841
0.185814
0.0035
0.134366
0.1735
0.174
0.213573
0.134
0.1765
0.146927
0.0309845
0.176412
0.132434
0.00249626
0.213679
0.15984
0.212
0.21939
0.145355
0.1785
0.165834
0.205192
0.0104948
0.205295
0.234648
0.172741
0.212894
0.172328
0.227886
0.162919
0.184
0.190215
0.171828
0.176
0.201299
0.135932
0.0174913
0.189
0.140859
0.00549451
0.0104843
0.1945
0.2265
0.0489755
0.238143
0.194708
0.1935
0.133
0.1515
0.0055
0.166417
0.131369
0.1635
0.207
0.14043
0.2145
0.211394
0.0265
0.01
0.168
0.187
0.178821
0.184908
0.193114
0.2
0.169415
0.1605
0.137363
0.154269
0.235382
0.1785
0.1935
0.139
0.176
0.1765
0.230654
0.0105
0.21008
0.219
0.139291
0.0065
0.128436
0.0085
0.1785
0.110445
0.23938
0.1455
0.187313
0.0135
0.130435
0.181
0.2145
0.184224
0.1545
0.235382
0.221557
0.1915
0.168
0.21989
0.176912
0.151424
0.00698603
0.208084
0.137931
0.166334
0.2235
0.2245
0.1565
0.158
0.013993
0.013
0.1465
0.029985
0.0204898
0.155
0.143928
0.1755
0.203694
0.168
0.132434
0.174
0.003996
0.143928
0.193
0.210684
0.178821
0.144212
0.158
0.190405
0.172
0.2245
0.1455
0.198401
0.1845
0.181909
0.138
0.144
0.152348
0.164918
0.191904
0.1415
