0.244378
0.243878
0.189
0.255245
0.2315
0.012
0.254873
0.2465
0.269865
0.253247
0.285857
0.189715
0.237762
0.208396
0.283358
0.229385
0.232884
0.256986
0.1735
0.242379
0.268866
0.226
0.248376
0.210789
0.251
0.27986
0.2525
0.3155
0.2435
0.227659
0.2655
0.223165
0.236382
0.2555
0.231038
0.267233
0.255617
0.237381
0.299
0.267233
0.265367
0.2595
0.242137
0.2475
0.00848727
0.2655
0.238
0.246
0.195402
0.237263
0.245
0.284074
0.226387
0.2395
0.294353
0.237144
0.249375
0.235382
0.222278
0.208396
0.223277
0.239641
0.210789
0.198
0.262
0.230155
0.214179
0.229385
0.286357
0.258982
0.278
0.2585
0.226387
0.2515
0.210789
0.2405
0.212
0.26
0.206191
0.2
0.00599401
0.2575
0.252874
0.251
0.231
0.223277
0.250624
0.232
0.256615
0.163337
0.199
0.160679
0.2715
0.2585
0.251123
0.246753
0.271
0.256986
0.285357
0.1745
0.264868
0.21
0.2455
0.263868
0.244878
0.3105
0.224775
0.238761
0.2385
0.252621
0.2385
0.231884
0.2685
0.232
0.192
0.242379
0.2375
0.241379
0.249875
0.247129
0.266867
0.3135
0.250624
0.2875
0.209895
0.228
0.301
0.2735
0.1925
0.2585
0.286357
0.228272
0.208292
0.212
0.228886
0.264735
0.2685
0.252
0.256372
0.26087
0.241638
0.303197
0.236382
0.224276
0.273952
0.259481
0.168
0.00949525
0.22039
0.259481
0.222777
0.160679
0.2595
0.252495
0.251874
0.26087
0.2815
0.274588
0.242
0.256
0.265367
0.229885
0.250624
0.237
0.00599401
0.301
0.273726
0.264735
0.267
0.234913
0.272228
0.273
0.275225
0.254745
0.266867
0.270865
0.2775
0.292
0.225
0.2745
0.2465
0.251
0.221
0.2175
0.187812
0.251
0.288856
0.255
0.260609
0.227772
0.262869
0.228272
0.28971
0.206
0.232767
0.0134933
0.252874
0.2375
0.275
0.203297
0.180729
0.231
0.236382
0.27182
0.228886
0.254618
0.301548
0.214785
0.242757
0.25974
0.206
0.265
0.251
0.2635
0.279
0.27182
0.29
0.272228
0.0125
0.2535
0.272864
0.272
0.2305
0.2115
0.233
0.0184815
0.267732
0.231768
0.263105
0.2585
0.250125
0.27936
0.228158
0.24
0.281859
0.2635
0.282294
0.268366
0.270365
0.252374
0.257
0.2755
0.249375
0.279441
0.2735
0.307193
0.18672
0.255872
0.249626
0.196108
0.2215
0.217
0.0065
0.23
0.2495
0.231768
0.282359
0.2415
0.271728
0.2135
0.281359
0.0105
0.207
0.2875
0.264868
0.18672
0.2645
0.251623
0.197
0.2535
0.252
0.2465
0.238
0.2365
0.265235
0.243378
0.259241
0.27581
0.2805
0.246877
0.284858
0.2565
0.181409
0.2555
0.266867
0.2355
0.2675
0.283716
0.2735
0.2415
0.279
0.2315
0.242757
0.257984
0.267233
0.272727
0.285857
0.233383
0.255117
0.24663
0.262369
0.229385
0.27936
0.174
0.012
0.287356
0.2175
0.2475
0.215285
0.292707
0.233
0.248
0.262369
0.255372
0.2395
0.293353
0.2475
0.284074
0.226161
0.282859
0.208396
0.261738
0.296
0.267866
0.237263
0.206897
0.246377
0.174
0.268866
0.232
0.223
0.286
0.22977
0.204398
0.243
0.213393
0.251623
0.265367
0.266867
0.226887
0.22028
0.2635
0.265602
0.234913
0.224388
0.267
0.268232
0.253
0.252
0.009
0.255
0.213786
0.276585
0.231884
0.2665
0.236763
0.2795
0.207688
0.1965
0.2475
0.25974
0.256872
0.228272
0.250875
0.2875
0.281578
0.285
0.304196
0.208396
0.27023
0.271593
0.243
0.255117
0.266367
0.305042
0.313
0.267099
0.2775
0.271728
0.2285
0.233383
0.225
0.276362
0.267233
0.239141
0.235265
0.257984
0.279
0.242893
0.244633
0.2765
0.257
0.278361
0.256872
0.267465
0.252374
0.2555
0.190405
0.252
0.206897
0.205397
0.2265
0.249126
0.237381
0.2455
0.2355
0.22089
0.262
0.307193
0.236763
0.0134933
0.261
0.249375
0.221
0.272228
0.2255
0.237762
0.253
0.228158
0.203898
0.26
0.262369
0.261
0.291708
0.241259
0.2805
0.285357
0.275862
0.249251
0.258371
0.243014
0.237026
0.24
0.296352
0.250875
0.228886
0.24038
0.252747
0.271728
0.0044955
0.25937
0.259
0.268731
0.245377
0.233
0.232384
0.2
0.270865
0.244
0.2515
0.253746
0.229156
0.2435
0.21
0.263368
0.215285
0.251
0.257243
0.2065
0.223
0.180729
0.212894
0.2485
0.241018
0.263972
0.2365
0.189
0.2745
0.240759
0.24026
0.257871
0.215285
0.2575
0.2585
0.221
0.234149
0.231653
0.270365
0.256872
0.265867
0.233883
0.292354
0.28657
0.268597
0.281859
0.272
0.29491
0.254
0.249375
0.269231
0.0134933
0.286713
0.190405
0.248376
0.226274
0.251123
0.244
0.258612
0.216
0.292062
0.235
0.237144
0.2485
0.245509
0.201399
0.258
0.286357
0.202
0.278361
0.2305
0.246131
0.286
0.012
0.225275
0.0075
0.2575
0.239
0.274363
0.241879
0.310534
0.2915
0.230769
0.224888
0.246377
0.265734
0.267866
0.255245
0.268329
0.264104
0.009
0.28657
0.24026
0.239141
0.268366
0.250875
0.252
0.249
0.276723
0.265367
0.238
0.2595
0.247505
0.25
0.217391
0.26
0.235764
0.26011
0.262475
0.268
0.160679
0.214179
0.266234
0.223
0.222889
0.291354
0.2465
0.252874
0.2945
0.267099
0.247006
0.277722
0.2315
0.230385
0.27
0.2775
0.2725
0.243
0.226434
0.222666
0.249375
0.246377
0.192404
0.2175
0.279
0.229385
0.266867
0.237263
0.251748
0.257871
0.252374
0.252122
0.246254
0.234149
0.1735
0.24088
0.282
0.231384
0.258
0.281359
0.290855
0.25937
0.231269
0.225662
0.251874
0.26037
0.252874
0.251748
0.262869
0.215
0.246877
0.264868
0.212787
0.257984
0.2795
0.292
0.196902
0.257871
0.276862
0.250875
0.2355
0.223
0.25974
0.242379
0.203898
0.269096
0.1925
0.313
0.1735
0.199
0.237762
0.263736
0.218
0.2115
0.25
0.288
0.301
0.190405
0.21318
0.261
0.2755
0.171243
0.2585
0.234266
0.240639
0.29
0.2435
0.283858
0.228886
0.218672
0.18672
0.2295
0.0089955
0.265602
0.277861
0.212787
0.2335
0.258741
0.253746
0.237263
0.267
0.301548
0.257371
0.261738
0.237762
0.233
0.260978
0.2865
0.2425
0.285357
0.2725
0.0075
0.284573
0.230385
0.22089
0.225275
0.2425
0.281078
0.256116
0.286
0.304
0.235147
0.232884
0.263
0.28086
0.265
0.2725
0.151424
0.242379
0.2435
0.001998
0.249875
0.2645
0.228272
0.2475
0.296
0.226887
0.229
0.2615
0.196206
0.189
0.2665
0.218173
0.245754
0.2125
0.244878
0.2635
0.2475
0.226
0.263237
0.227772
0.237881
0.192
0.220669
0.258113
0.189905
0.275225
0.237381
0.269
0.256872
0.2395
0.2395
0.247876
0.195
0.243135
0.19
0.256872
0.219451
0.2505
0.233383
0.254246
0.230155
0.290355
0.214893
0.26037
0.2485
0.2305
0.257871
0.201
0.269365
0.239261
0.2455
0.2385
0.236763
0.2905
0.228429
0.263368
0.24088
0.266234
0.27936
0.268232
0.0035
0.235647
0.2835
0.243378
0.245877
0.233267
0.286357
0.2325
0.24088
0.228386
0.2435
0.274588
0.290355
0.2585
0.208896
0.231884
0.234149
0.250875
0.28086
0.0044955
0.274363
0.276
0.237644
0.242
0.242757
0.2805
0.217391
0.2505
0.235647
0.249375
0.257485
0.249875
0.261369
0.235647
0.241
0.236146
0.202
0.291
0.25362
0.278443
0.245754
0.237644
0.289855
0.2125
0.2845
0.24088
0.293353
0.235882
0.262475
0.272
0.250375
0.2125
0.2825
0.252747
0.2265
0.1735
0.265867
0.242379
0.239261
0.242379
0.258371
0.272228
0.275948
0.234913
0.232384
0.0055
0.283358
0.226887
0.268866
0.2695
0.218672
0.012
0.247129
0.277722
0.220669
0.297203
0.265235
0.248376
0.223277
0.2615
0.2405
0.281359
0.247
0.237
0.254
0.2705
0.244755
0.2765
0.2205
0.242757
0.228158
0.2235
0.231768
0.239
0.224888
0.2285
0.2395
0.232
0.288
0.291354
0.2365
0.285357
0.263868
0.24038
0.245
0.2435
0.2055
0.279221
0.215285
0.007996
0.254
0.258
0.26037
0.225387
0.245
0.304348
0.240639
0.268597
0.275587
0.278361
0.211
0.241879
0.187313
0.0085
0.221778
0.230654
0.268098
0.232
0.176412
0.268866
0.2665
0.230424
0.302592
0.2245
0.231768
0.250375
0.2745
0.012
0.275
0.246
0.21318
0.254618
0.22
0.2465
0.275
0.230885
0.224
0.2215
0.24
0.237762
0.246
0.1775
0.285357
0.28
0.243
0.293
0.210789
0.00549725
0.218282
0.221336
0.272864
0.2
0.252374
0.250749
0.265734
0.2825
0.185407
0.226387
0.2515
0.261
0.250875
0.259
0.2145
0.257871
0.264368
0.26011
0.29
0.2375
0.2615
0.21
0.02
0.2875
0.255872
0.277084
0.256244
0.27
0.237263
0.2125
0.269231
0.272092
0.296352
0.30035
0.231768
0.250375
0.264735
0.164835
0.27495
0.228886
0.285857
0.196902
0.250624
0.0125
0.213786
0.251
0.273453
0.241
0.2945
0.252
0.236763
0.274863
0.22977
0.215
0.268366
0.216392
0.25
0.256244
0.2915
0.252495
0.301
0.2845
0.266234
0.192
0.229
0.2495
0.24975
0.228272
0.261869
0.267233
0.248252
0.24038
0.244
0.238262
0.212
0.206294
0.3035
0.208896
0.2675
0.25362
0.223
0.273453
0.2635
0.012
0.287356
0.222
0.248
0.168248
0.2955
0.267866
0.248751
0.266
0.190405
0.2005
0.2055
0.256372
0.285
0.256872
0.2585
0.248376
0.249375
0.234765
0.261
0.248376
0.264
0.265235
0.26011
0.27986
0.219062
0.2475
0.262369
0.282859
0.242879
0.0214678
0.2465
0.269865
0.2645
0.288
0.2465
0.241879
0.264
0.226387
0.223
0.261869
0.2725
0.217
0.231
0.261369
0.2475
0.26011
0.27309
0.231768
0.228
0.0065
0.279
0.0275
0.2625
0.24088
0.2835
0.291
0.291209
0.23
0.243756
0.2805
0.208896
0.164835
0.235647
0.250624
0.2715
0.2635
0.0174738
0.222889
0.2705
0.2385
0.237
0.275087
0.265235
0.245877
0.29985
0.291563
0.221
0.241138
0.282
0.261
0.2305
0.250375
0.231653
0.227
0.29
0.254873
0.2065
0.012475
0.276362
0.2565
0.253873
0.2585
0.256872
0.241379
0.2455
0.2945
0.176412
0.00649675
0.238784
0.196206
0.262238
0.228272
0.2715
0.2495
0.237644
0.284074
0.2475
0.249875
0.214893
0.252874
0.2385
0.285857
0.229156
0.2665
0.255
0.269231
0.2205
0.227659
0.202
0.223888
0.0214678
0.212894
0.261
0.00599401
0.266367
0.213393
0.26973
0.181409
0.256872
0.241
0.261869
0.2475
0.22977
0.234266
0.251748
0.213786
0.276362
0.02
0.2225
0.276946
0.246377
0.0089955
0.2835
0.269231
0.176412
0.2475
0.256872
0.284
0.234883
0.292062
0.253
0.22017
0.2575
0.184631
0.0114943
0.252
0.225
0.287856
0.248751
0.197303
0.244256
0.225662
0.263
0.26087
0.27
0.18981
0.232884
0.2835
0.221667
0.244
0.252747
0.256116
0.263
0.252374
0.239
0.271
0.202
0.2295
0.2595
0.204398
0.292707
0.227
0.266234
0.2375
0.255372
0.26973
0.217
0.246753
0.006
0.18672
0.272228
0.2665
0.248376
0.27986
0.241
0.229
0.285857
0.250749
0.2635
0.269365
0.2465
0.0234883
0.3025
0.238642
0.1745
0.2245
0.238761
0.237762
0.269865
0.274363
0.272092
0.268366
0.216392
0.254745
0.247505
0.250624
0.285
0.2465
0.2705
0.29
0.295
0.266733
0.265602
0.2375
0.228657
0.22017
0.256872
0.255
0.265235
0.277722
0.25937
0.25974
0.258612
0.269096
0.2265
0.22039
0.247505
0.202
0.217391
0.296056
0.237644
0.2915
0.237144
0.218
0.2435
0.226387
0.2465
0.247376
0.250875
0.241138
0.244
0.239641
0.25937
0.272727
0.275225
0.281359
0.303348
0.2365
0.265367
0.232884
0.281936
0.275862
0.27972
0.2535
0.0105
0.243014
0.241638
0.249375
0.287856
0.231
0.253
0.2685
0.2435
0.229885
0.213393
0.2495
0.239
0.006
0.289211
0.176412
0.2435
0.243
0.257742
0.2345
0.247129
0.218563
0.2665
0.243756
0.2365
0.26011
0.242379
0.2775
0.173913
0.234
0.226
0.250375
0.276946
0.223
0.00848727
0.256872
0.2405
0.247253
0.240759
0.247
0.214785
0.304044
0.2585
0.257485
0.247129
0.2665
0.276862
0.2175
0.206
0.2765
0.255872
0.25
0.292354
0.252374
0.285
0.245
0.2275
0.255489
0.283075
0.012
0.246
0.263
0.250375
0.269365
0.2375
0.274
0.257742
0.204398
0.256116
0.222889
0.2555
0.195402
0.269365
0.2735
0.2255
0.286357
0.304348
0.235265
0.241
0.306194
0.27495
0.246
0.29985
0.2705
0.248627
0.267732
0.214785
0.225
0.2235
0.255872
0.2685
0.256872
0.23988
0.268366
0.2385
0.243135
0.226887
0.2685
0.257
0.2745
0.290709
0.269865
0.270958
0.255988
0.228657
0.290355
0.226387
0.258
0.250749
0.222666
0.222889
0.229385
0.19321
0.225275
0.2705
0.26973
0.2785
0.267866
0.2465
0.269365
0.001998
0.21978
0.2695
0.203297
0.255245
0.248751
0.255617
0.176412
0.210185
0.241
0.244
0.277722
0.269
0.242258
0.229885
0.247876
0.226161
0.255988
0.187812
0.3135
0.29985
0.203094
0.275225
0.256
0.253746
0.2955
0.239641
0.1925
0.266867
0.225887
0.275087
0.242893
0.257
0.2615
0.275225
0.26011
0.227273
0.266234
0.207688
0.216
0.29985
0.244
0.2265
0.2535
0.2505
0.264
0.2615
0.272
0.269365
0.24
0.250749
0.233883
0.272727
0.2515
0.246
0.2475
0.231
0.2795
0.297054
0.2505
0.2385
0.237026
0.246877
0.295908
0.258
0.2475
0.217955
0.237881
0.249126
0.237
0.289855
0.2435
0.2585
0.264368
0.264868
0.2145
0.257371
0.274363
0.2445
0.274363
0.245877
0.247876
0.281359
0.263237
0.228
0.270958
0.265235
0.232884
0.262369
0.274588
0.185407
0.0144928
0.221
0.228386
0.264868
0.223054
0.256
0.25
0.2825
0.2895
0.208396
0.269365
0.221778
0.257871
0.279
0.3025
0.256872
0.29
0.218282
0.262
0.256872
0.0144928
0.268
0.247
0.2585
0.22039
0.2085
0.2485
0.295852
0.2685
0.195402
0.281078
0.228044
0.288212
0.260978
0.2325
0.206897
0.222
0.222
0.250125
0.281859
0.293207
0.220669
0.223277
