0.149425
0.0494505
0.177733
0.198005
0.109
0.16
0.153423
0.0888667
0.162
0.0955
0.102449
0.018
0.105395
0.168332
0.1195
0.0095
0.144428
0.148
0.125749
0.13943
0.175824
0.175325
0.141429
0.1125
0.146
0.0868697
0.177323
0.1535
0.101847
0.128871
0.155922
0.109
0.1255
0.1185
0.1865
0.158921
0.13943
0.186907
0.151349
0.047
0.1445
0.1175
0.1345
0.1645
0.009995
0.170415
0.011
0.147426
0.161919
0.142429
0.1502
0.1185
0.1675
0.114885
0.169331
0.1565
0.0154923
0.0104843
0.144928
0.169415
0.1625
0.11944
0.193307
0.014
0.162837
0.0109945
0.12044
0.1725
0.0254618
0.131434
0.164418
0.144428
0.176912
0.110889
0.127246
0.140789
0.102897
0.1395
0.0195
0.0965
0.132434
0.100349
0.1455
0.1565
0.0864568
0.155844
0.14093
0.0089955
0.126
0.0154923
0.123938
0.101898
0.177411
0.149925
0.1785
0.167916
0.0189715
0.16042
0.145
0.142
0.1865
0.1615
0.195402
0.0889555
0.191309
0.1695
0.118881
0.0714643
0.136795
0.107285
0.144928
0.012
0.1715
0.188406
0.159
0.01
0.1455
0.097951
0.012
0.150849
0.162837
0.011
0.117823
0.125187
0.149
0.174239
0.0974513
0.146927
0.174
0.136863
0.011
0.081959
0.1215
0.124
0.0194805
0.1415
0.153423
0.174738
0.126
0.154768
0.1085
0.194903
0.1575
0.1955
0.048
0.181
0.178
0.0109835
0.144928
0.135
0.1315
0.1345
0.1535
0.126374
0.011
0.114386
0.156765
0.0394803
0.13979
0.131434
0.0773453
0.158342
0.107946
0.15992
0.155422
0.159
0.144284
0.181319
0.1355
0.128372
0.123
0.142
0.1465
0.166917
0.11988
0.10684
0.126873
0.137
0.120758
0.162837
0.144711
0.0229885
0.167
0.169745
0.125437
0.16092
0.1285
0.102398
0.114329
0.118382
0.098
0.171
0.0204591
0.0943585
0.141429
0.120259
0.114329
0.1645
0.0195
0.168416
0.101847
0.136432
0.1525
0.113443
0.138861
0.12032
0.173413
0.136863
0.157343
0.03
0.0075
0.184815
0.153347
0.162
0.1565
0.12038
0.1455
0.125187
0.131802
0.191309
0.0184908
0.157343
0.0214571
0.174738
0.0204693
0.146427
0.1855
0.00799201
0.0514743
0.0569715
0.154768
0.146
0.038
0.0599101
0.038
0.169576
0.148
0.131802
0.016983
0.179
0.1815
0.1385
0.1455
0.114443
0.0883674
0.038
0.074
0.12
0.13993
0.0214571
0.158421
0.0974513
0.0209685
0.1575
0.105395
0.167416
0.0075
0.156
0.142929
0.157421
0.161339
0.1575
0.00649675
0.181228
0.117441
0.0734633
0.133
0.130869
0.133
0.027
0.153693
0.0759241
0.1495
0.190405
0.125749
0.027
0.181
0.112944
0.0943585
0.0235
0.038
0.108337
0.1445
0.0194805
0.13037
0.1645
0.1005
0.118941
0.164671
0.189905
0.0145
0.146
0.095
0.1365
0.0949525
0.169415
0.166
0.063
0.163337
0.132434
0.0925
0.135932
0.170415
0.075
0.123876
0.188906
0.0234883
0.154423
0.135297
0.00799201
0.094
0.183908
0.170415
0.125312
0.153
0.1745
0.149425
0.0244755
0.011982
0.0125
0.116
0.00998502
0.151772
0.145854
0.159
0.1335
0.0154923
0.0868697
0.128436
0.085957
0.162837
0.0289855
0.0104948
0.117
0.116442
0.12
0.13523
0.1655
0.011988
0.204296
0.0075
0.12094
0.111
0.141429
0.120819
0.048
0.0445
0.142929
0.137
0.162
0.154423
0.008
0.1275
0.139361
0.0214571
0.148
0.0864568
0.153846
0.162
0.113943
0.0938592
0.0489755
0.132434
0.134933
0.144
0.133
0.0185
0.1125
0.012
0.183408
0.00949525
0.116442
0.158342
0.132434
0.1545
0.121
0.115942
0.184
0.195402
0.0065
0.167
0.176412
0.109
0.176912
0.162837
0.142857
0.00849575
0.171
0.1225
0.15992
0.0125
0.1025
0.006
0.0925
0.139361
0.0395
0.063968
0.0464535
0.16
0.012475
0.076
0.1315
0.156765
0.0584708
0.103448
0.146427
0.0215
0.1535
0.118382
0.00849575
0.102
0.15942
0.130869
0.12032
0.1075
0.12094
0.189905
0.0329506
0.0244755
0.0204591
0.153923
0.0494753
0.126937
0.15942
0.105947
0.165252
0.011982
0.1675
0.155922
0.169246
0.16675
0.169915
0.147
0.1515
0.144855
0.0105
0.164918
0.009995
0.1295
0.1165
0.136
0.0215
0.081959
0.0104948
0.18
0.205
0.0254745
0.148
0.161419
0.150925
0.2
0.116384
0.035
0.0124875
0.1565
0.0344483
0.111944
0.189621
0.133
0.1715
0.138792
0.17991
0.0109945
0.1165
0.00649351
0.177323
0.149202
0.0675
0.1175
0.102398
0.156422
0.1155
0.1665
0.148
0.116
0.171828
0.1845
0.111944
0.0164835
0.105894
0.149425
0.165
0.0838742
0.134933
0.045
0.035
0.0425
0.120758
0.1685
0.1265
0.1855
0.153347
0.188406
0.118441
0.159
0.038
0.15035
0.191213
0.117383
0.111
0.159601
0.129435
0.104
0.114443
0.154845
0.009995
0.166917
0.0954523
0.0105
0.099351
0.178
0.083
0.117441
0.0834583
0.1305
0.147852
0.1125
0.158342
0.024
0.1865
0.13993
0.035
0.0205
0.167416
0.161919
0.1495
0.189905
0.133433
0.149
0.0869131
0.0773453
0.163754
0.1405
0.201798
0.12475
0.0105
0.12094
0.189905
0.151
0.156
0.161178
0.063
0.161258
0.0155
0.167416
0.185721
0.118941
0.0145
0.115768
0.12044
0.154768
0.0075
0.110945
0.185315
0.0154923
0.16675
0.165917
0.0244755
0.0115
0.181409
0.16042
0.117823
0.169915
0.121878
0.0374813
0.133
0.179
0.1285
0.206983
0.189
0.153423
0.0975
0.192308
0.095
0.1515
0.1945
0.130935
0.153923
0.116442
0.1385
0.0264735
0.0688967
0.162837
0.00899101
0.126437
0.147926
0.11988
0.0234883
0.1735
0.168916
0.011
0.0814593
0.118382
0.172156
0.165
0.0708937
0.0149925
0.144428
0.1675
0.0335
0.146427
0.116384
0.163754
0.15992
0.1515
0.12987
0.137862
0.101847
0.1465
0.014985
0.0969515
0.047
0.0065
0.002
0.0594406
0.0229885
0.181319
0.156
0.17033
0.162419
0.13993
0.138
0.154845
0.198005
0.153846
0.0264735
0.122378
0.104843
0.017982
0.189905
0.1545
0.1385
0.1495
0.11333
0.124938
0.1125
0.053
0.196902
0.1795
0.067966
0.1675
0.144428
0.0344483
0.1285
0.1655
0.108337
0.0345
0.0075
0.0569715
0.1535
0.131434
0.189621
0.1155
0.0464535
0.154923
0.0124813
0.148
0.105947
0.0864568
0.146
0.0977556
0.047976
0.127436
0.150425
0.1235
0.0874563
0.164918
0.136228
0.136932
0.011
0.0185
0.173413
0.1455
0.1825
0.161757
0.163418
0.157
0.165335
0.153846
0.040399
0.146
0.116384
0.0705
0.153423
0.0584708
0.210185
0.0245
0.143428
0.201798
0.162
0.0374625
0.09995
0.03
0.17982
0.0164918
0.011994
0.194903
0.106
0.1845
0.0245
0.0245
0.145
0.1415
0.163918
0.162594
0.126937
0.134798
0.171828
0.177911
0.130804
0.1245
0.0494505
0.134798
0.0119641
0.0549725
0.13943
0.1645
0.198005
0.126
0.157421
0.176
0.0374625
0.1265
0.176412
0.110945
0.1195
0.1165
0.151772
0.135432
0.146927
0.115942
0.1605
0.124376
0.0704648
0.1495
0.023
0.0599101
0.161677
0.149425
0.126374
0.165917
0.105947
0.116942
0.158841
0.123938
0.0595
0.135432
0.104895
0.15519
0.144855
0.152847
0.13943
0.161919
0.017991
0.168916
0.137931
0.125811
0.0194805
0.188406
0.119261
0.123
0.081959
0.129371
0.153693
0.0805
0.155844
0.116
0.125749
0.0294705
0.138224
0.0305
0.152
0.118941
0.016983
0.103
0.0249875
0.14
0.00349825
0.152695
0.0609695
0.0834166
0.146633
0.012
0.154845
0.122317
0.107446
0.1685
0.1565
0.149
0.181409
0.128372
0.0125
0.1275
0.178821
0.1095
0.147353
0.126
0.162
0.154269
0.1515
0.169576
0.077
0.114386
0.174413
0.0285
0.191
0.17941
0.011
0.144928
0.181
0.0918622
0.1535
0.1185
0.1175
0.113443
0.151424
0.0134933
0.152424
0.14093
0.1335
0.1585
0.0889555
0.1595
0.137793
0.1125
0.0494753
0.1215
0.025974
0.013
0.1315
0.163754
0.107285
0.133433
0.0764236
0.148926
0.0868697
0.1295
0.1565
0.118382
0.1515
0.009995
0.147852
0.123
0.11994
0.017982
0.1085
0.165335
0.169331
0.0274863
0.1375
0.136
0.156843
0.1525
0.137
0.135
0.017991
0.0938592
0.147
0.155422
0.172741
0.16034
0.1105
0.142358
0.024
0.125437
0.1105
0.152
0.139291
0.01
0.126374
0.133
0.144
0.174738
0.0595
0.149351
0.131
0.184815
0.0909545
0.102
0.158342
0.1255
0.165
0.11988
0.0934533
0.121439
0.0885
0.167249
0.130435
0.123
0.138431
0.138431
0.164254
0.0804598
0.184815
0.166417
0.0045
0.161919
0.118
0.099351
0.1355
0.1625
0.1675
0.109
0.143928
0.1285
0.0105
0.149351
0.149351
0.138792
0.135297
0.164918
0.143784
0.162
0.162837
0.0619071
0.171828
0.189905
0.173413
0.158921
0.166417
0.1495
0.182635
0.1495
0.1535
0.135
0.014985
0.13993
0.161
0.1525
0.132434
0.114943
0.115768
0.031984
0.008
0.163918
0.163754
0.167
0.156765
0.1145
0.125187
0.12038
0.165917
0.1655
0.148056
0.141429
0.0315
0.183
0.165252
0.1185
0.00748877
0.1255
0.156
0.1275
0.206983
0.155844
0.177733
0.1665
0.158841
0.0105
0.181909
0.011988
0.116825
0.145
0.1545
0.108
0.148
0.169415
0.132
0.1502
0.166417
0.144
0.1165
0.153423
0.143928
0.130869
0.135
0.112887
0.123938
0.191309
0.204693
0.045954
0.16042
0.079
0.088
0.014985
0.011988
0.133
0.1185
0.171
0.146
0.0125
0.138362
0.111
0.170415
0.13037
0.03996
0.1515
0.108
0.107446
0.181409
0.157
0.175412
0.134933
0.1615
0.154845
0.0195
0.1385
0.118441
0.1015
0.169
0.144928
0.101297
0.1565
0.0969031
0.129435
0.17033
0.1205
0.1245
0.15984
0.025
0.137
0.0634366
0.1545
0.117441
0.132867
0.143928
0.1665
0.141429
0.101898
0.200799
0.135432
0.167916
0.162
0.144284
0.123
0.165
0.00449775
0.1695
0.158263
0.1455
0.199201
0.133367
0.00748877
0.1225
0.0923154
0.121379
0.128436
0.147778
0.138931
0.0724276
0.108283
0.0139721
0.171329
0.0934066
0.063968
0.102897
0.136364
0.1595
0.164918
0.131934
0.025974
0.156
0.133
0.129
0.045
0.107946
0.149701
0.163918
0.190809
0.0425
0.1535
0.1535
0.0494505
0.126374
0.135864
0.183
0.129
0.1565
0.011988
0.166417
0.141429
0.131369
0.100349
0.111
0.111
0.138431
0.147279
0.167333
0.1015
0.167333
0.152424
0.16092
0.0104948
0.108392
0.136364
0.19
0.12044
0.00949525
0.1295
0.0534733
0.1615
0.132434
0.152847
0.009995
0.11994
0.00799201
0.176912
0.135297
0.192807
0.143928
0.024975
0.1475
0.144212
0.156765
0.13993
0.139
0.173413
0.0554723
0.01
0.0589116
0.1455
0.146927
0.125375
0.101898
0.0873253
0.161
0.152
0.1675
0.0154923
0.11944
0.111944
0.152847
0.0514743
0.12681
0.148926
0.0234883
0.172414
0.0234883
0.131434
0.143713
0.0225
0.137862
0.15992
0.109
0.133933
0.024975
0.102398
0.133933
0.101847
0.0104843
0.106893
0.164
0.114943
0.0704648
0.0124875
0.1335
0.1625
0.1245
0.108337
0.0938592
0.132
0.009995
0.125375
0.1745
0.0145
0.192308
0.129435
0.0204591
0.163754
0.1665
0.13993
0.138792
0.043978
0.1105
0.188906
0.011988
0.00849575
0.169745
0.0124813
0.0838742
0.124438
0.0724276
0.149
0.139291
0.0204591
0.0935
0.194403
0.0569715
0.016983
0.021
0.144212
0.0974513
0.025974
0.0075
0.025
0.1425
0.136432
0.1325
0.0304848
0.173413
0.176
0.164671
0.167333
0.161339
0.154923
0.153423
0.114443
0.083
0.155844
0.072
0.131369
0.012
0.165751
0.0214571
0.009
0.018981
0.13037
0.148926
0.005
0.0635
0.1745
0.1385
0.135297
0.012
0.0864568
0.169
0.129435
0.0968547
0.03996
0.164671
0.157763
0.147426
0.09995
0.126937
0.1145
0.037
0.145
0.0105
0.136228
0.128807
0.138362
0.008
0.162338
0.159
0.152348
0.167416
0.107892
0.143713
0.0164835
0.130435
0.17033
0.1165
0.153923
0.166417
0.165751
0.0709645
0.150925
0.163836
0.151
0.0075
0.118382
0.0664668
0.113443
0.141218
0.184815
0.138792
0.144
0.158841
0.0254618
0.0725
0.149351
0.0205
0.0888667
0.1565
0.045
0.13993
0.135864
0.10989
0.126437
0.173413
0.173413
0.183908
0.0734633
0.105947
0.152424
0.186907
0.152695
0.153423
0.153
0.177
0.1345
0.1745
0.136863
0.1535
0.132867
0.077
0.174413
0.117941
0.136
0.011
0.0254745
0.1315
0.038
0.139361
0.148
0.133433
0.1225
0.14093
0.154923
0.0309845
0.124314
0.123
0.1215
0.157421
0.0104948
0.00549725
0.145
0.163418
0.116442
0.132867
0.1465
0.123938
0.011
0.153347
0.129935
0.172414
0.151545
0.136863
0.1375
0.0155
0.135932
0.0114943
0.1735
0.0709645
0.0169915
0.158263
0.048
0.192308
0.147426
0.1665
0.119381
0.112944
0.163754
0.0985
0.127872
0.1725
0.146707
0.183
0.016
0.106
0.00999001
0.057971
0.148204
0.1185
0.117
0.152847
0.1445
0.0069965
0.1115
0.1645
0.133
0.164918
0.188906
0.153
0.013
0.1205
0.136
0.163418
0.1385
0.151198
0.156
0.1335
0.12044
0.163836
0.1235
0.123876
0.0489755
0.101399
0.191309
0.008
0.0489755
0.16042
0.163754
0.147279
0.143928
0.13
0.1855
0.151
0.136364
0.169
0.166917
0.163918
0.0874563
0.1465
0.186627
0.145854
0.018
0.167333
0.0114943
0.13993
0.147926
0.1645
0.136432
0.191
0.131434
0.0115
0.0734633
0.117441
0.141929
0.011
0.164918
0.1865
0.161178
0.165252
0.0935
0.124314
0.148926
0.102897
0.151545
0.17991
0.124938
0.148204
0.136364
0.0709645
0.169745
0.212575
0.11944
0.1205
0.162
0.194403
0.0204693
0.078
0.012475
0.179142
0.144928
0.153
0.0125
0.162594
0.00848727
0.173413
0.1885
0.131
0.153923
0.184815
0.1535
0.144428
0.0905
0.129805
0.121
0.0674663
0.17941
0.111944
0.166917
0.162919
0.0105
0.116
0.131
0.121379
0.102
0.129935
0.117
0.137931
0.172414
0.15942
0.142429
0.139361
0.0115
0.1375
0.129935
0.1545
0.198005
0.17991
0.1615
0.118323
0.025
0.149351
0.105
0.153
0.153347
0.128436
0.114943
0.118
0.101847
0.144212
0.0804598
0.069965
0.1635
0.124314
0.102
0.190809
0.006
0.006
0.011994
0.163918
0.168416
0.0909545
0.14
0.18091
0.149202
0.120758
0.177733
0.133
0.1665
0.132434
0.181909
0.141858
0.154423
0.1415
0.170245
0.151924
0.15984
0.105
0.023
0.120259
0.164
0.0855
0.114885
0.177911
0.131434
0.0365
0.103
0.1165
0.0125
0.0075
0.0938592
0.172741
0.121379
0.115942
0.17991
0.1865
0.1555
0.13037
0.162837
0.0394605
0.0749625
0.150849
0.0455
0.12032
0.159341
0.096
0.0274314
0.0664668
0.133
0.0723553
0.12038
0.096
0.125187
0.1215
0.0165
0.0374625
0.1265
0.1385
0.129805
0.174413
0.153347
0.167
0.15976
0.0045
0.026
0.0705
0.108337
0.127246
0.1265
0.0585
0.14036
0.157343
0.143928
0.0435
0.0734633
0.128936
0.143713
0.138723
0.158841
0.037
0.199201
0.1145
0.116
0.128436
0.151924
0.1465
0.137931
0.018981
0.106
0.096
0.0955
0.177
0.006
0.123876
0.1335
0.1645
0.162837
0.151
0.096
0.018
0.102897
0.011
0.133433
0.132934
0.025
0.0734633
0.125749
0.1535
0.136432
0.0885
0.12038
0.125375
0.16042
0.112444
0.0888667
0.0104948
0.166917
0.121379
0.0134865
0.1665
0.113443
0.16042
0.00998502
0.13979
0.1355
0.1645
0.17982
0.163918
0.0305
0.161419
0.189905
0.178322
0.13523
0.0229656
0.0089955
0.114
0.0309845
0.153
0.117941
0.016
0.128372
0.1665
0.124
0.153846
0.153423
0.1065
0.021989
0.115942
0.1415
0.10684
0.1795
0.106
0.1745
0.1345
0.0549725
0.181909
0.0315
0.0279581
0.0684316
0.1535
0.166833
0.15942
0.0784216
0.149351
0.16
0.2005
0.176324
0.0414585
0.1855
0.128
0.144212
0.133433
0.014985
0.1565
0.017982
0.114943
0.011982
0.161919
0.121379
0.16675
0.113886
0.131303
0.1095
0.1205
0.013979
0.147
0.0164918
0.0104843
0.1735
0.116267
0.124438
0.136
0.148278
0.047952
0.149425
0.122877
0.1645
0.116
0.188406
0.0154923
0.104448
0.163255
0.024975
0.11982
0.167333
0.168332
0.1785
0.13993
0.00848727
0.151545
0.1305
0.015992
0.153423
0.148
0.1235
0.012475
0.011
0.144284
0.1085
0.190905
0.115768
0.022
0.117882
0.0169745
0.0294705
0.144284
0.162338
0.153923
0.0075
0.12038
0.1455
0.1165
0.012
0.0584708
0.0395
0.126873
0.1295
0.047952
0.171
0.0169661
0.0725
0.120819
0.018981
0.172156
0.0675
0.151349
0.018
0.176412
0.1615
0.0174913
0.153923
0.1845
0.011
0.0863704
0.0169915
0.181319
0.13943
0.151
0.106
0.164
0.161838
0.12044
0.10634
0.171329
0.1405
0.110945
0.150425
0.111944
0.1605
0.0868697
0.146427
0.114443
0.121
0.1155
0.0464535
0.132
0.0684316
0.125312
0.128807
0.165834
0.126
0.178821
0.132434
0.174413
0.158841
0.127936
0.143
0.009
0.13993
0.00799201
0.0274863
0.17033
0.045
0.129
0.0125
0.121878
0.163918
0.105
0.1835
0.138792
0.181409
0.12044
0.0814593
0.103
0.0174913
0.0204591
0.0125
0.124376
0.152847
0.186907
0.16042
0.107285
0.0169745
0.1415
0.1645
0.148926
0.164918
0.154768
0.116942
0.118382
0.110945
0.1465
0.077
0.148
0.153923
0.0885
0.137
0.141429
0.0925
0.1535
0.1545
0.12475
0.120819
0.1155
0.188312
0.1475
0.157421
0.123876
0.133367
0.126374
0.1485
0.0189905
0.144
0.141359
0.163836
0.158342
0.1735
0.126374
0.12038
0.1165
0.037
0.149202
0.106
0.0124875
0.1555
0.181
0.161919
0.1555
0.127373
0.112
0.0684316
0.019
0.170415
0.1285
0.131434
0.1055
0.081959
0.142929
0.194903
0.013979
0.138
0.105395
0.14985
0.165834
0.157763
0.0234883
0.007996
0.10319
0.0195
0.1355
0.114885
0.148
0.1565
0.168332
0.163918
0.134933
0.0425
0.1445
0.0938592
0.143928
0.0915
0.163918
0.1875
0.164918
0.0908637
0.0934533
0.0764236
0.145
0.13993
0.0185
0.1855
0.207
0.1185
0.164418
0.123
0.134433
0.138
0.123876
0.020979
0.162
0.121878
0.1625
0.101847
0.134933
0.0974513
0.1125
0.1305
0.1575
0.148926
0.1695
0.163918
0.145427
0.127436
0.15992
0.109
0.0104843
0.0155
0.1375
0.14
0.189621
0.077961
0.00849151
0.171414
0.177911
0.151924
0.152424
0.00649675
0.133367
0.148926
0.1825
0.101847
0.1825
0.11988
0.1675
0.007996
0.0294705
0.138
0.207
0.135
0.152924
0.188406
0.16092
0.00849575
0.102398
0.170915
0.116825
0.0705
0.0349825
0.145427
0.1465
0.0879121
0.148056
0.153923
0.0115
0.138931
0.009
0.16092
0.138362
0.1415
0.165252
0.174738
0.013
0.147705
0.0445
0.12681
0.166917
0.145
0.146354
0.131369
0.147426
0.116442
0.205
0.147778
0.138723
0.077
0.0369815
0.107946
0.138653
0.174413
0.153923
0.148426
0.135796
0.105395
0.026
0.1395
0.1305
0.057971
0.10634
0.102449
0.141429
0.173826
0.181319
0.193
0.1715
0.1295
0.128436
