0.0564718
0.033966
0.16018
0.0664004
0.126437
0.158921
0.121379
0.0444333
0.142929
0.082
0.102794
0.0115
0.12987
0.179
0.00798802
0.126374
0.170415
0.0894553
0.17941
0.1455
0.00599401
0.0734633
0.14521
0.113886
0.167333
0.150425
0.0335
0.135365
0.1725
0.155112
0.122816
0.0055
0.125375
0.1165
0.154845
0.015984
0.095
0.117383
0.121817
0.027972
0.135796
0.0164918
0.00649675
0.0724276
0.1235
0.1505
0.054
0.1195
0.165417
0.169415
0.134798
0.144284
0.0414793
0.186314
0.1685
0.168416
0.141429
0.0404798
0.0104948
0.154923
0.135432
0.142929
0.111333
0.150925
0.0224775
0.136364
0.157
0.0145
0.0944056
0.116883
0.14029
0.137793
0.115
0.0825
0.012
0.1535
0.08
0.113829
0.1535
0.142786
0.0134865
0.152847
0.1695
0.0209581
0.0134865
0.132934
0.0575
0.163918
0.0155
0.115442
0.1215
0.097951
0.0105
0.128936
0.116267
0.125
0.156
0.1315
0.132735
0.16042
0.115826
0.00649675
0.125
0.204
0.062
0.146853
0.160759
0.156422
0.1475
0.135932
0.16675
0.0784216
0.172741
0.11
0.0329835
0.135
0.103448
0.0155
0.16018
0.0269865
0.130935
0.12987
0.157685
0.0795
0.135864
0.185407
0.171414
0.136
0.0319521
0.0109945
0.163836
0.131802
0.1355
0.173413
0.0995
0.1825
0.142429
0.1065
0.0804196
0.145927
0.151848
0.147926
0.017
0.0055
0.00499002
0.138931
0.0674326
0.143928
0.0114943
0.001998
0.0628743
0.16026
0.1255
0.1215
0.167748
0.141929
0.154
0.00899101
0.165335
0.170415
0.147353
0.122754
0.110445
0.0444333
0.0889555
0.173826
0.135432
0.177234
0.173
0.115768
0.143928
0.102794
0.168164
0.123438
0.0144928
0.171414
0.004
0.0244878
0.089955
0.0219561
0.129371
0.114885
0.0949051
0.00549725
0.172
0.16092
0.182635
0.158762
0.12
0.119
0.1005
0.1505
0.1685
0.0954523
0.0105
0.1205
0.107946
0.114443
0.1435
0.013
0.1815
0.0135
0.174
0.04995
0.1355
0.136932
0.143784
0.0145
0.0209581
0.00898652
0.001998
0.141929
0.1025
0.1395
0.0584708
0.121878
0.1865
0.1575
0.0125
0.17991
0.142929
0.114
0.1605
0.1285
0.0464535
0.103
0.0663673
0.0974513
0.0744628
0.175912
0.014
0.095
0.174
0.0974513
0.012
0.145854
0.1655
0.164
0.13
0.145
0.153423
0.157
0.1135
0.137294
0.076
0.027972
0.136
0.01998
0.113943
0.076
0.134865
0.1225
0.0869565
0.0524738
0.108
0.0204693
0.162419
0.116883
0.13943
0.165669
0.1055
0.116442
0.12032
0.1865
0.0585
0.134299
0.147426
0.00949525
0.0599401
0.0274725
0.104948
0.178411
0.1305
0.136727
0.032
0.133
0.133433
0.0275
0.0474052
0.170245
0.115442
0.129306
0.112944
0.0795
0.151349
0.097951
0.0224775
0.0195
0.136364
0.0894106
0.1615
0.172827
0.0903194
0.0555
0.167333
0.131369
0.176324
0.127808
0.0149701
0.164418
0.181409
0.0415
0.118822
0.0085
0.068
0.0264868
0.0184815
0.101348
0.1155
0.0224775
0.158921
0.0975
0.1065
0.028
0.1285
0.133367
0.13979
0.125937
0.1365
0.0484515
0.121318
0.154923
0.113
0.021
0.116442
0.0965
0.154
0.0205
0.168248
0.126374
0.1175
0.0224663
0.0184815
0.102794
0.131
0.0154923
0.0174913
0.122439
0.138723
0.1815
0.13037
0.145
0.0164918
0.135
0.026973
0.1485
0.0194514
0.151
0.16983
0.134663
0.173413
0.115
0.143928
0.0234883
0.028
0.119
0.0964518
0.0215
0.1555
0.115385
0.133433
0.1845
0.120698
0.131934
0.135932
0.0765
0.186
0.0884116
0.178911
0.089
0.104
0.150849
0.0928607
0.154346
0.021
0.005
0.142358
0.1055
0.144428
0.102398
0.155
0.123938
0.027
0.147
0.097951
0.151
0.028971
0.0174913
0.1895
0.175912
0.0135
0.1595
0.143784
0.1505
0.131802
0.009995
0.159
0.103844
0.123
0.1245
0.026973
0.1275
0.0224775
0.0805
0.152847
0.0145
0.155
0.013
0.0414793
0.138431
0.095
0.0125
0.142929
0.0125
0.142929
0.0215
0.128936
0.1725
0.00798802
0.145
0.0889111
0.116
0.1585
0.013
0.0264868
0.1365
0.1435
0.009
0.009
0.0864136
0.012475
0.1355
0.0753869
0.131
0.0205
0.0949525
0.0765
0.121
0.0165
0.176412
0.149053
0.165087
0.027
0.132434
0.145427
0.12094
0.054
0.175412
0.1885
0.0965
0.162
0.035982
0.150425
0.0215
0.0164671
0.168248
0.005
0.189
0.135
0.168332
0.015992
0.16042
0.174413
0.172
0.105
0.1605
0.128936
0.0455
0.1265
0.1295
0.131303
0.169915
0.113829
0.143428
0.0914543
0.00249875
0.176324
0.155
0.129
0.0694653
0.186813
0.151
0.143856
0.154423
0.146853
0.164918
0.0055
0.0963074
0.069965
0.136932
0.007
0.0115
0.145709
0.021
0.116942
0.128871
0.136
0.145854
0.145427
0.114
0.172827
0.1075
0.121939
0.0894106
0.104
0.181409
0.0999001
0.114828
0.0834166
0.0115
0.1155
0.0924538
0.0525
0.1205
0.115
0.1655
0.154
0.161838
0.102449
0.0185
0.129306
0.123938
0.187
0.131303
0.190809
0.0598504
0.106947
0.133
0.154
0.0244878
0.063968
0.0709291
0.162338
0.116942
0.115711
0.133433
0.00898652
0.123377
0.1255
0.143
0.16042
0.168831
0.0984016
0.145427
0.0664004
0.0149925
0.155112
0.165335
0.0974513
0.1165
0.1185
0.141429
0.0898652
0.121439
0.1355
0.151
0.169915
0.162
0.017
0.0144928
0.0854573
0.1295
0.101348
0.17982
0.0195
0.117324
0.147426
0.0729635
0.16
0.097951
0.0614693
0.0209581
0.127309
0.137363
0.1315
0.122939
0.104
0.0865
0.2025
0.0135
0.0175
0.00499002
0.175912
0.0129741
0.0969031
0.177
0.114386
0.0314843
0.136932
0.117823
0.1835
0.146927
0.0259611
0.123
0.009
0.147926
0.175912
0.127936
0.135796
0.0279581
0.15992
0.195902
0.0224663
0.156344
0.0189905
0.0104948
0.15327
0.105947
0.026973
0.0294853
0.163836
0.0105
0.193403
0.103
0.105
0.158841
0.118822
0.133367
0.1245
0.1365
0.0044955
0.04995
0.1305
0.105447
0.128372
0.168164
0.105947
0.0429785
0.0129935
0.0564718
0.1205
0.176412
0.114329
0.1415
0.105447
0.0998004
0.0804196
0.183
0.0834166
0.0825
0.0955
0.141
0.117941
0.115826
0.0149925
0.135932
0.0525
0.134299
0.0164671
0.0154923
0.1605
0.111944
0.0994006
0.0254873
0.159341
0.0055
0.0994006
0.133433
0.138293
0.089
0.123938
0.066
0.0284573
0.131868
0.0995
0.162
0.0614693
0.01998
0.0585
0.115385
0.0714643
0.161017
0.0845
0.156843
0.09995
0.129306
0.148926
0.0109945
0.0904548
0.01
0.192807
0.154423
0.0229656
0.157606
0.0124938
0.121817
0.008
0.057971
0.176
0.161838
0.0804196
0.09995
0.111888
0.105947
0.00749625
0.0194903
0.0269865
0.0254873
0.132801
0.118
0.115
0.1275
0.1355
0.134
0.1515
0.0604698
0.00649675
0.0915
0.1425
0.11944
0.16
0.12
0.135365
0.1335
0.129242
0.0125
0.111944
0.1825
0.137294
0.0115
0.146927
0.0325
0.1165
0.142929
0.152
0.1535
0.157
0.151
0.0855
0.0294705
0.0045
0.171414
0.0109945
0.1295
0.157
0.0354645
0.146
0.1695
0.0759241
0.112
0.033966
0.0555
0.115826
0.11477
0.0184815
0.1535
0.129242
0.00899101
0.117941
0.0244878
0.04995
0.0608782
0.163918
0.015992
0.175912
0.115826
0.178911
0.015
0.124688
0.128936
0.162257
0.0354645
0.148426
0.122
0.1765
0.114
0.121
0.166417
0.124688
0.0144711
0.0164671
0.0735
0.13943
0.104
0.108837
0.1065
0.127
0.1535
0.022
0.182409
0.131802
0.157763
0.0734633
0.1255
0.1165
0.1485
0.14521
0.133
0.118941
0.0275
0.168416
0.143285
0.169745
0.118881
0.1515
0.0364818
0.158
0.137862
0.009995
0.1425
0.0269865
0.172328
0.0264868
0.0205
0.004
0.005
0.16026
0.131934
0.118382
0.126937
0.1155
0.1845
0.1635
0.167916
0.133
0.1325
0.153423
0.114
0.0825
0.1405
0.118
0.11039
0.126374
0.107838
0.1325
0.034
0.197703
0.0875
0.171243
0.130935
0.131369
0.027972
0.1225
0.0484515
0.085957
0.0219561
0.0145
0.105947
0.132
0.142929
0.0134933
0.09995
0.142429
0.155922
0.1585
0.086
0.1215
0.0484515
0.1505
0.154423
0.131802
0.174326
0.158
0.0765
0.144
0.0903194
0.0783824
0.114
0.113
0.0394803
0.0515
0.103345
0.0424363
0.150849
0.0229656
0.00898204
0.131802
0.17
0.114
0.0914543
0.0114943
0.141929
0.023
0.120879
0.0575
0.140859
0.148926
0.110945
0.131434
0.120259
0.18023
0.126437
0.191118
0.120879
0.021
0.1065
0.017
0.154
0.154423
0.044
0.136
0.148926
0.174
0.1735
0.118
0.148
0.159341
0.153423
0.159
0.076
0.0615
0.113
0.155345
0.179321
0.1595
0.103448
0.174326
0.00349476
0.156843
0.102398
0.1285
0.1015
0.01
0.1425
0.076
0.138431
0.1365
0.153
0.1485
0.0724638
0.104343
0.149202
0.0789605
0.0395
0.157
0.00949525
0.132867
0.115768
0.111944
0.122939
0.1535
0.0245
0.145282
0.0549725
0.0834166
0.189
0.016
0.0245
0.0389805
0.08
0.0215
0.146354
0.158263
0.158
0.102449
0.0614693
0.0109835
0.164835
0.133367
0.152
0.00649675
0.0144855
0.136
0.143
0.1005
0.1405
0.177234
0.101399
0.160839
0.1265
0.144
0.175412
0.115442
0.0124938
0.148851
0.186314
0.118941
0.095
0.0109835
0.141359
0.0995
0.13
0.0294853
0.0294705
0.0055
0.01998
0.0765
0.0949051
0.0965
0.1565
0.125
0.0124938
0.0124938
0.016
0.1315
0.1415
0.146281
0.0694653
0.1735
0.143784
0.1535
0.035982
0.167333
0.116442
0.156765
0.023988
0.0269865
0.107946
0.127436
0.155
0.109
0.1685
0.1205
0.0559441
0.207293
0.127936
0.159
0.107946
0.171329
0.0144711
0.1405
0.016
0.1025
0.112
0.145927
0.1475
0.0155
0.1925
0.00749625
0.169
0.135365
0.156
0.158921
0.134798
0.1815
0.156843
0.114943
0.1235
0.1185
0.0145
0.018
0.154923
0.143928
0.186314
0.033966
0.0125
0.12681
0.010989
0.0165
0.1615
0.013986
0.00899101
0.0195
0.1315
0.0783824
0.0104948
0.0865
0.111888
0.0964518
0.113943
0.0104948
0.1865
0.128936
0.0295
0.140859
0.186314
0.107892
0.00999001
0.157842
0.102949
0.027
0.0125
0.123938
0.143784
0.109835
0.117823
0.095
0.105447
0.161017
0.156843
0.0314843
0.1585
0.0774226
0.00949051
0.138931
0.122
0.134
0.0215
0.01997
0.083
0.118941
0.0144855
0.0584708
0.1735
0.025987
0.0244878
0.138
0.156843
0.134299
0.0154923
0.134299
0.150425
0.1335
0.114443
0.146
0.157
0.0189715
0.126437
0.124
0.113829
0.0995
0.068
0.126311
0.0794206
0.00549725
0.162
0.161838
0.128936
0.126873
0.0204693
0.154423
0.0985
0.117823
0.170415
0.1475
0.0735
0.1275
0.0953094
0.123438
0.0905
0.0773453
0.00849575
0.136
0.143285
0.0109945
0.0804196
0.083
0.0964518
0.103
0.124875
0.0958562
0.0697906
0.136727
0.0809595
0.1415
0.118
0.132368
0.0783824
0.122378
0.1165
0.104396
0.0144928
0.162419
0.178
0.127936
0.1315
0.092
0.1265
0.1435
0.14
0.1105
0.129
0.0395
0.0194903
0.1845
0.0274588
0.062
0.1255
0.123438
0.0394803
0.007
0.0804196
0.115385
0.193307
0.1165
0.0555
0.049
0.0244878
0.0475
0.150425
0.0109945
0.071
0.16983
0.1725
0.1165
0.151848
0.113273
0.1295
0.081
0.00898652
0.0414793
0.121379
0.119
0.116883
0.148426
0.0115
0.1285
0.115385
0.1565
0.0194903
0.147426
0.142
0.127436
0.1565
0.146707
0.0495
0.0929071
0.132867
0.021
0.131802
0.015
0.012475
0.0184815
0.148926
0.147353
0.0855
0.0129805
0.00599401
0.161017
0.157685
0.121
0.152
0.012
0.094
0.135
0.144
0.165335
0.0825
0.043978
0.13943
0.141359
0.0599401
0.124314
0.131369
0.112444
0.141
0.133367
0.131934
0.0873689
0.143357
0.0974513
0.1905
0.0678982
0.156843
0.11039
0.0209685
0.112
0.133367
0.123938
0.012
0.12681
0.034
0.0184815
0.1505
0.135864
0.1735
0.154923
0.1535
0.1685
0.133367
0.189
0.0844578
0.181047
0.131
0.0714643
0.113387
0.1435
0.151198
0.0254745
0.157842
0.196
0.0905
0.118
0.136932
0.118
0.157
0.0759241
0.129
0.117324
0.0214893
0.1125
0.0564718
0.0259611
0.008
0.0674326
0.121939
0.1475
0.0109945
0.215892
0.0849575
0.132934
0.11976
0.19321
0.092
0.1185
0.0815
0.1305
0.01
0.095
0.148926
0.115711
0.124875
0.157685
0.027986
0.1165
0.146853
0.0124875
0.028
0.0109945
0.0975
0.118263
0.094
0.09995
0.160759
0.0515
0.156922
0.1375
0.158921
0.158
0.1265
0.1835
0.121379
0.0844578
0.115442
0.146707
0.1115
0.0964518
0.14043
0.157921
0.147926
0.148851
0.152348
0.141
0.11988
0.0604698
0.123377
0.148851
0.178911
0.184224
0.181138
0.143357
0.00848303
0.1285
0.00699301
0.0974513
0.196902
0.11039
0.014985
0.0215
0.152847
0.1535
0.166417
0.012
0.1845
0.115
0.0224775
0.1725
0.1655
0.0114828
0.0819181
0.014
0.0124875
0.122939
0.071
0.145854
0.181909
0.0329835
0.155
0.115768
0.008
0.057971
0.031984
0.0774226
0.181409
0.105395
0.00549725
0.108392
0.145854
0.16042
0.0149925
0.011477
0.007
0.0195
0.177234
0.157
0.131
0.009
0.164418
0.164918
0.0549725
0.165335
0.121379
0.140859
0.118881
0.0819181
0.0709291
0.011
0.0275
0.0134865
0.123938
0.1155
0.115884
0.1605
0.1585
0.122439
0.115711
0.13037
0.0134865
0.11944
0.100299
0.144928
0.120259
0.174413
0.137294
0.0988024
0.102346
0.0275
0.088
0.116883
0.112
0.150849
0.10095
0.14
0.082
0.0974513
0.165087
0.165005
0.0909545
0.154269
0.1085
0.1705
0.146
0.142287
0.179
0.147
0.0185
0.131802
0.136932
0.009995
0.135432
0.163918
0.179
0.0134865
0.1265
0.037962
0.184224
0.124875
0.164918
0.189
0.1205
0.142786
0.0254745
0.151349
0.0884116
0.0795
0.116883
0.1635
0.0819181
0.146
0.118
0.0804196
0.009995
0.054
0.157606
0.0125
0.159341
0.188906
0.1405
0.1635
0.124314
0.145427
0.119
0.0174913
0.137363
0.0694653
0.104396
0.0678982
0.138
0.121878
0.164918
0.1405
0.0189905
0.1605
0.107
0.1825
0.1165
0.0974513
0.148352
0.16042
0.104448
0.0109945
0.123876
0.0259611
0.11039
0.1685
0.114943
0.161017
0.144
0.0409795
0.166
0.164418
0.127
0.134
0.104343
0.0169745
0.089
0.154
0.12987
0.116942
0.155
0.147926
0.164254
0.16
0.168164
0.1335
0.102449
0.0819181
0.129935
0.1415
0.175412
0.0089955
0.173
0.0904548
0.1655
0.131434
0.0599401
0.1225
0.1765
0.0565
0.027986
0.1675
0.146281
0.1135
0.009
0.072
0.197401
0.1525
0.0765
0.0809595
0.0134933
0.1275
0.0095
0.0134865
0.143784
0.154423
0.181047
0.151924
0.007
0.130935
0.163918
0.0055
0.123814
0.143
0.172741
0.1165
0.09
0.0259611
0.0905
0.0424363
0.1565
0.1875
0.154
0.00798802
0.14
0.0958562
0.0155
0.1295
0.0775
0.126374
0.0974513
0.151924
0.0484515
0.0055
0.141429
0.14093
0.1265
0.120879
0.0195
0.124938
0.022
0.173913
0.0854573
0.162
0.1145
0.0938124
0.087
0.014
0.119
0.138931
0.138723
0.110445
0.0105
0.0165
0.1535
0.1155
0.14521
0.174738
0.128871
0.124875
0.1405
0.170915
0.196902
0.114828
0.113387
0.141
0.076
0.037
0.1155
0.144
0.0139721
0.0984016
0.157921
0.12
0.142145
0.169
0.117383
0.0144855
0.108946
0.0144855
0.107946
0.112944
0.1265
0.0998004
0.0254745
0.0045
0.0993014
0.154423
0.109391
0.107838
0.0415
0.037962
0.0864568
0.0134865
0.1165
0.0495
0.184908
0.1675
0.0594703
0.01997
0.0789605
0.0149925
0.0995
0.0109835
0.182227
0.1975
0.18041
0.062
0.0269865
0.0674326
0.1405
0.034
0.0129741
0.0154923
0.13993
0.145427
0.1845
0.017
0.1435
0.029985
0.123938
0.0599401
0.113387
0.00949525
0.046
0.026973
0.0969031
0.21989
0.114
0.0924538
0.0129935
0.0224775
0.142929
0.0219561
0.0314843
0.0724276
0.113943
0.189
0.0899101
0.113387
0.0585
0.153347
0.1135
0.042
0.1005
0.145282
0.145854
0.017991
0.129
0.019
0.1575
0.145
0.0614693
0.133433
0.00999001
0.13
0.143856
0.0724276
0.131868
0.025987
0.143428
0.1475
0.068
0.16675
0.1715
0.1025
0.0264868
0.1575
0.0134865
0.131369
0.0284858
0.0125
0.111
0.169915
0.151
0.112944
0.178911
0.106
0.1685
0.14985
0.094
0.0905
0.0849575
0.151349
0.143928
0.0354645
0.0869565
0.0065
0.115442
0.1185
0.117324
0.017
0.007
0.0905
0.118
0.1255
0.169
0.035982
0.095
0.1185
0.127436
0.035964
0.13037
0.0945
0.107892
0.0055
0.120698
0.133
0.13037
0.113
0.00848727
0.115442
0.131802
0.192807
0.1575
0.0424363
0.112332
0.0319521
0.150925
0.158921
0.0389805
0.135796
0.0864136
0.022
0.154423
0.0928607
0.034
0.142358
0.121756
0.1455
0.164835
0.14093
0.0843734
0.177234
0.076
0.127808
0.135365
0.135
0.131
0.0774226
0.007
0.103
0.150925
0.0124938
0.0994006
0.170415
0.0753869
0.130935
0.1845
0.112944
0.144928
0.1325
0.0965
0.0294705
0.153
0.098
0.1635
0.114386
0.175325
0.16
0.189216
0.1635
0.0873689
0.134
0.112
0.032967
0.069965
0.00699301
0.0145
0.131802
0.200799
0.007
0.148352
0.0895
0.17
0.0104948
0.1105
0.186813
0.187
0.119
0.0869565
0.164918
0.128936
0.172741
0.0995
0.174413
0.0404798
0.165087
0.057971
0.141929
0.1425
0.131369
0.143784
0.173
0.00598802
0.164418
0.142358
0.113273
0.027972
0.116883
0.156843
0.146
0.0115
0.026973
0.1915
0.097951
0.1015
0.158
0.1055
0.1835
0.0155
0.109
0.025
0.0135
0.0724638
0.0129805
0.135
0.163918
0.121817
0.14
0.0174913
0.0783824
0.0955
0.142929
0.063968
0.1705
0.1115
0.0134865
0.117324
0.1655
0.148426
0.164835
0.098
0.104448
0.161677
0.13037
0.142287
0.021
0.103
0.113943
0.1845
0.153769
0.142
0.0184815
0.1635
0.14
0.130739
0.1175
0.00749625
0.0454773
0.114
0.130739
0.1055
0.0455
0.00898204
0.112444
0.1735
0.103844
0.028971
0.11944
0.0834166
0.0635
0.131934
0.011994
0.148
0.147852
0.0708937
0.186314
0.1345
0.182227
0.069
0.0144855
0.00649675
0.0085
0.0149925
0.0145
0.0395
0.0394803
0.1435
0.0244878
0.111944
0.16026
0.154346
0.166417
0.014
0.147
0.1185
0.119381
0.0414793
0.044
0.162419
0.0904548
0.103844
0.159
0.0625
0.171329
0.177
0.1425
0.00599401
0.1055
0.1605
0.0314214
0.0744628
0.007
0.116
0.154269
0.16
0.0543912
0.146853
0.127
0.138723
0.128936
0.150925
0.014
0.054
0.146
0.150849
0.0974513
0.121878
0.112944
0.187
0.123938
0.106947
0.04995
0.117941
0.113387
0.148352
0.0134865
0.1855
0.0229656
0.14093
0.141359
0.013
0.1185
0.129371
0.0045
0.112944
0.10045
0.1475
0.00798802
0.146927
0.133
0.157
0.165917
0.114
0.104448
0.148
0.12681
0.165417
0.174738
0.023976
0.0144928
0.017991
0.131934
0.110945
0.142
0.1345
0.034
0.107446
0.108837
0.0723553
0.142358
0.163836
0.09995
0.0195
0.147852
0.13943
0.122439
0.109945
0.161017
0.15992
