0.254873
0.271093
0.303
0.277
0.284
0.255617
0.2255
0.306847
0.327
0.242016
0.243392
0.268098
0.252
0.2265
0.00999001
0.2365
0.275225
0.29935
0.291354
0.2455
0.284715
0.26037
0.278222
0.262369
0.224775
0.289
0.2835
0.28086
0.252248
0.2685
0.266234
0.245377
0.225
0.276224
0.28
0.288567
0.225887
0.228
0.2885
0.276723
0.2695
0.28022
0.245377
0.268366
0.275225
0.226
0.276447
0.233267
0.250375
0.23
0.261369
0.310689
0.294853
0.221389
0.217891
0.2425
0.199
0.277
0.297554
0.241379
0.234383
0.212894
0.25025
0.281219
0.279221
0.2
0.223
0.244378
0.255117
0.279221
0.233267
0.2605
0.00349825
0.251874
0.2305
0.256743
0.27309
0.2595
0.269
0.268731
0.263237
0.256872
0.256743
0.261369
0.255372
0.260739
0.2075
0.24088
0.280439
0.255872
0.2935
0.207896
0.254745
0.304391
0.259111
0.291354
0.270095
0.2745
0.258371
0.265367
0.2375
0.261608
0.274363
0.25
0.248876
0.309227
0.259111
0.271864
0.2505
0.0125
0.253746
0.271229
0.28022
0.2035
0.291
0.236527
0.236264
0.275587
0.277
0.252248
0.251249
0.208896
0.277361
0.297554
0.250875
0.2825
0.277
0.3035
0.256743
0.268463
0.303348
0.2635
0.22039
0.251249
0.282717
0.268
0.243392
0.258871
0.266234
0.279
0.2725
0.1765
0.26
0.227
0.207896
0.2305
0.244378
0.288567
0.264368
0.254873
0.2705
0.250875
0.205691
0.294059
0.231
0.261
0.227886
0.24088
0.207293
0.249126
0.251249
0.279221
0.2745
0.2745
0.2365
0.251123
0.276862
0.281219
0.2835
0.264236
0.2465
0.248376
0.236382
0.2666
0.277361
0.241259
0.293353
0.28086
0.27972
0.254246
0.2685
0.229271
0.2865
0.244
0.268232
0.286
0.238642
0.2495
0.26037
0.249126
0.269
0.245377
0.2455
0.266
0.283358
0.264
0.286
0.266867
0.231768
0.313
0.305347
0.2605
0.274226
0.285857
0.2965
0.24088
0.285357
0.282359
0.233
0.268866
0.2365
0.2615
0.247752
0.268
0.2955
0.2425
0.270688
0.296852
0.271864
0.265235
0.244
0.294853
0.255117
0.23938
0.279581
0.252374
0.23938
0.207896
0.272364
0.261
0.278861
0.274226
0.221389
0.294853
0.272591
0.231
0.295352
0.23
0.2585
0.209291
0.309227
0.0075
0.27936
0.266234
0.233533
0.242879
0.310689
0.29
0.268
0.271093
0.288711
0.219
0.216
0.2615
0.293853
0.247505
0.2865
0.243878
0.287069
0.2905
0.283858
0.29
0.290065
0.2335
0.31
0.238881
0.246377
0.21939
0.272591
0.2585
0.318341
0.2465
0.264735
0.265
0.2605
0.277
0.242379
0.252
0.225387
0.244
0.2235
0.2745
0.29935
0.27309
0.277
0.0215
0.234383
0.27359
0.249126
0.254373
0.238
0.2375
0.254745
0.309845
0.261
0.287569
0.223277
0.2705
0.275225
0.253
0.2835
0.264471
0.247
0.294853
0.264
0.267
0.264236
0.247876
0.2725
0.29
0.295352
0.29
0.289355
0.225887
0.294853
0.265367
0.28036
0.276723
0.311
0.262737
0.25987
0.2035
0.2485
0.2655
0.232767
0.253247
0.246
0.297851
0.246753
0.261
0.257871
0.246
0.255372
0.261369
0.25324
0.293
0.274
0.225887
0.256372
0.292415
0.223776
0.2365
0.2615
0.288212
0.2935
0.292354
0.266334
0.00698952
0.262869
0.25312
0.2735
0.2585
0.288212
0.251748
0.250375
0.27359
0.247376
0.262369
0.263
0.247505
0.255744
0.290065
0.263105
0.2825
0.253746
0.28036
0.2305
0.2645
0.255372
0.2535
0.250125
0.249
0.237905
0.225
0.250375
0.244
0.294853
0.2666
0.266867
0.269
0.2545
0.255372
0.2865
0.2435
0.281578
0.00349825
0.224888
0.2775
0.234383
0.2855
0.26973
0.241379
0.2935
0.263105
0.2
0.282154
0.257871
0.2775
0.237381
0.233383
0.218891
0.234266
0.26497
0.224888
0.2635
0.257371
0.251123
0.264368
0.2535
0.263473
0.277584
0.240639
0.240639
0.278721
0.2775
0.272228
0.243635
0.2575
0.245377
0.284358
0.261369
0.231153
0.24663
0.262
0.259
0.293
0.27986
0.1765
0.257243
0.008
0.227
0.286
0.217174
0.26024
0.25974
0.2805
0.196902
0.251374
0.0144855
0.2825
0.2815
0.2835
0.258612
0.27936
0.289
0.221
0.248876
0.212575
0.223776
0.2395
0.252248
0.276723
0.271864
0.246131
0.269865
0.286
0.258371
0.246377
0.2835
0.207896
0.24975
0.2225
0.252122
0.207896
0.287356
0.251497
0.297351
0.261108
0.2725
0.230654
0.271229
0.246753
0.227386
0.27359
0.292354
0.2105
0.242757
0.303348
0.297
0.26037
0.250749
0.2425
0.279081
0.310689
0.25987
0.2305
0.2285
0.34
0.218064
0.241379
0.223665
0.006
0.239261
0.253873
0.237
0.23938
0.2275
0.233383
0.27972
0.287712
0.246254
0.235
0.238881
0.285928
0.2485
0.238642
0.2915
0.227886
0.272727
0.222666
0.252374
0.2585
0.241379
0.214286
0.217
0.301199
0.212894
0.229656
0.259
0.254618
0.255372
0.257
0.2705
0.3245
0.291
0.306
0.293
0.221
0.274363
0.0215
0.309845
0.253746
0.291354
0.294853
0.225162
0.222167
0.246
0.252747
0.276171
0.27359
0.285714
0.258371
0.253247
0.24038
0.225662
0.204296
0.246877
0.261
0.257871
0.27
0.221
0.246877
0.243
0.236645
0.257
0.246
0.222666
0.247876
0.265
0.207896
0.227886
0.302
0.276362
0.271
0.2355
0.255372
0.251249
0.2325
0.27581
0.28036
0.2965
0.212394
0.289566
0.217782
0.266234
0.261
0.273363
0.251374
0.287856
0.252122
0.2955
0.225387
0.266101
0.268866
0.278861
0.310035
0.2755
0.284216
0.270865
0.315369
0.25974
0.255245
0.253
0.256372
0.24
0.25987
0.243635
0.304391
0.27
0.212894
0.274863
0.205897
0.265
0.283
0.234383
0.288856
0.2435
0.252747
0.255245
0.272228
0.00799201
0.277722
0.297554
0.272228
0.267732
0.2865
0.268866
0.261
0.225387
0.3035
0.2455
0.241879
0.268866
0.25937
0.2785
0.2575
0.246
0.277361
0.259481
0.25
0.2845
0.303
0.2455
0.264104
0.1765
0.250875
0.24975
0.259241
0.252248
0.2625
0.258371
0.279221
0.207293
0.278861
0.262
0.2835
0.274363
0.28036
0.241259
0.270095
0.266867
0.247876
0.2715
0.296
0.250125
0.272092
0.278
0.228
0.273
0.291354
0.276862
0.2305
0.269
0.228386
0.2895
0.293853
0.264471
0.278861
0.28086
0.2905
0.2795
0.00349825
0.264868
0.2465
0.283
0.253873
0.214
0.245
0.287213
0.283075
0.281578
0.259611
0.241259
0.277584
0.271364
0.279
0.2375
0.016983
0.286357
0.257
0.238381
0.303348
0.251249
0.245
0.2915
0.2735
0.265
0.244878
0.214
0.283858
0.308846
0.256872
0.2695
0.2905
0.2745
0.261869
0.2605
0.2545
0.26037
0.2305
0.269231
0.2945
0.184408
0.214286
0.288711
0.223277
0.265
0.2775
0.2745
0.269461
0.245377
0.2435
0.300549
0.263368
0.272
0.283217
0.257871
0.270095
0.241879
0.2935
0.221389
0.278942
0.266367
0.238642
0.2935
0.249875
0.270823
0.214
0.278
0.2625
0.238881
0.278942
0.273
0.264368
0.007
0.27
0.251996
0.292
0.262369
0.243
0.294
0.230769
0.2785
0.297851
0.253373
0.2685
0.217782
0.2345
0.290709
0.2105
0.270823
0.293853
0.256
0.214
0.26037
0.278721
0.2245
0.271364
0.233766
0.2665
0.231768
0.267465
0.26037
0.278861
0.0075
0.235647
0.212894
0.326337
0.273
0.248876
0.255372
0.262107
0.287569
0.241638
0.248376
0.303197
0.211289
0.25987
0.271229
0.285572
0.2425
0.231269
0.282154
0.230769
0.3005
0.287856
0.294853
0.277223
0.28036
0.27986
0.245877
0.27986
0.2545
0.253247
0.2485
0.245754
0.257
0.309
0.2385
0.261369
0.2635
0.301849
0.281
0.252369
0.217174
0.281
0.269
0.256986
0.249875
0.253247
0.23938
0.25998
0.266367
0.2035
0.2915
0.262843
0.2305
0.253
0.252122
0.222167
0.297702
0.278721
0.258612
0.206
0.245877
0.255
0.282359
0.1895
0.251623
0.2485
0.2325
0.253746
0.2885
0.248
0.234383
0.248252
0.288711
0.275862
0.284074
0.2745
0.241879
0.302349
0.277
0.249251
0.263
0.3215
0.312687
0.278861
0.250875
0.248376
0.277861
0.249126
0.265734
0.236
0.243
0.2275
0.253873
0.2555
0.2595
0.2635
0.209
0.270865
0.228386
0.294
0.276723
0.2775
0.276447
0.198
0.2955
0.264368
0.2895
0.244378
0.23938
0.2455
0.279081
0.289
0.2255
0.297351
0.261369
0.2515
0.278
0.246377
0.294853
0.313343
0.291854
0.207293
0.2625
0.2955
0.319181
0.291063
0.276171
0.253746
0.208896
0.289566
0.2785
0.266
0.256372
0.275225
0.247253
0.005997
0.29021
0.278
0.2385
0.2965
0.233883
0.292354
0.007
0.261
0.278861
0.242757
0.22977
0.003996
0.26
0.288068
0.227
0.261
0.294853
0.277
0.2725
0.2735
0.295852
0.263105
0.256244
0.236882
0.286
0.249
0.244256
0.255372
0.255372
0.253873
0.229656
0.2735
0.2875
0.302849
0.2585
0.289421
0.2735
0.2845
0.265867
0.2625
0.256872
0.26037
0.2715
0.250125
0.284715
0.2635
0.246377
0.271093
0.299
0.221
0.250375
0.270823
0.282859
0.271
0.2765
0.261369
0.00799201
0.2505
0.291
0.290065
0.285857
0.254373
0.257243
0.29
0.242379
0.271
0.286
0.278222
0.279221
0.279
0.234383
0.26973
0.2485
0.214
0.2865
0.235
0.271728
0.270823
0.25362
0.26497
0.25974
0.254873
0.268366
0.217174
0.249875
0.2385
0.2625
0.203
0.263237
0.245
0.284216
0.2455
0.236527
0.2315
0.226387
0.262843
0.232268
0.266367
0.2725
0.250375
0.2555
0.2495
0.2705
0.297554
0.28
0.2605
0.250375
0.250125
0.00649675
0.255489
0.2675
0.252122
0.2805
0.224888
0.282359
0.254745
0.273
0.242
0.27936
0.2725
0.232
0.235265
0.266867
0.270958
0.288567
0.27972
0.274725
0.27
0.245
0.273227
0.277
0.277223
0.214
0.238761
0.251
0.304848
0.265867
0.266867
0.231269
0.285357
0.277084
0.00799201
0.267732
0.274
0.221389
0.00649351
0.253373
0.2325
0.262
0.2955
0.278861
0.25
0.0065
0.003996
0.281219
0.2725
0.245
0.2455
0.229656
0.2065
0.271864
0.2505
0.270823
0.258371
0.192904
0.261
0.2445
0.295557
0.254745
0.242
0.2009
0.234648
0.27309
0.291854
0.238761
0.261239
0.2425
0.247876
0.270958
0.275087
0.249875
0.247876
0.274451
0.289
0.285357
0.296056
0.266101
0.274863
0.303
0.227886
0.27986
0.281718
0.250749
0.295409
0.268
0.24
0.285857
0.285072
0.207293
0.221389
0.01
0.2745
0.257243
0.266367
0.266867
0.230885
0.236
0.267732
0.269596
0.2255
0.262
0.266234
0.221
0.285714
0.2545
0.2525
0.010479
0.234266
0.248376
0.223776
0.2555
0.2955
0.2895
0.264104
0.273863
0.243135
0.265
0.251
0.2635
0.299401
0.283858
0.2915
0.2375
0.259481
0.2155
0.275225
0.318341
0.217782
0.251874
0.255617
0.238642
0.269
0.2835
0.267
0.2665
0.2935
0.295409
0.224888
0.244378
0.248376
0.2585
0.2855
0.234266
0.256986
0.247505
0.294853
0.281219
0.298
0.252
0.274
0.257243
0.2455
0.2305
0.310689
0.277361
0.217891
0.252374
0.249251
0.282359
0.285857
0.27972
0.00249875
0.25937
0.278
0.277361
0.252
0.216892
0.2585
0.285572
0.294853
0.244
0.272
0.257243
0.268
0.256615
0.294264
0.00549725
0.295352
0.25987
0.225887
0.278
0.281219
0.00349825
0.252747
0.256743
0.2745
0.205397
0.2515
0.315369
0.218173
0.268
0.304391
0.235764
0.2835
0.23938
0.268
0.255245
0.258371
0.311
0.223553
0.227386
0.273
0.2695
0.235
0.249
0.00799201
0.211289
0.238642
0.284216
0.256743
0.221
0.2665
0.2825
0.258612
0.262869
0.23938
0.24975
0.2815
0.293207
0.257243
0.2555
0.274863
0.278443
0.246
0.297
0.256372
0.1965
0.261369
0.279221
0.268731
0.2685
0.292354
0.28086
0.299
0.267366
0.23938
0.223553
0.2665
0.209395
0.261869
0.013
0.25025
0.261239
0.256615
0.234648
0.262869
0.208396
0.00749251
0.254373
0.264368
0.283
0.010479
0.256986
0.284715
0.2715
0.221389
0.2135
0.2415
0.293207
0.261
0.2235
0.226274
0.209291
0.287069
0.0115
0.275862
0.204
0.245
0.238881
0.2405
0.249
0.201
0.209
0.245
0.265235
0.255372
0.28
0.258612
0.28036
0.281359
0.2305
0.27023
0.257243
0.2815
0.237
0.0105
0.253373
0.246131
0.266234
0.218173
0.301
0.2465
0.277
0.246877
0.278222
0.17991
0.274588
0.214
0.2895
0.201
0.287356
0.2725
0.302
0.285072
0.28086
0.226
0.2205
0.269365
0.242016
0.288
0.2295
0.213
0.249875
0.295352
0.00949525
0.273
0.282859
0.222167
0.225162
0.263237
0.245754
0.266367
0.2875
0.318341
0.289355
0.2905
0.245377
0.248
0.270095
0.245754
0.26
0.274
0.17991
0.24088
0.275948
0.247129
0.2395
0.213
0.29935
0.2335
0.2725
0.2335
0.289355
0.281
0.2855
0.2655
0.275225
0.28
0.2225
0.244378
0.272364
0.243
0.216392
0.295557
0.294
0.271
0.243135
0.266867
0.231153
0.241638
0.250125
0.288212
0.24088
0.279
0.271728
0.2325
0.286
0.22977
0.237
0.2605
0.277
0.25987
0.0045
0.306693
0.237881
0.250875
0.2775
0.208084
0.256986
0.263237
0.246131
0.272864
0.281
0.2705
0.294853
0.248
0.29935
0.271864
0.2415
0.2775
0.261369
0.252
0.251
0.25987
0.2555
0.239
0.268098
0.311377
0.234
0.2435
0.249875
0.2775
0.294853
0.24038
0.2495
0.247
0.252874
0.262737
0.25998
0.289
0.257371
0.2245
0.2605
0.269
0.274588
0.25312
0.27936
0.2585
0.263473
0.276447
0.261869
0.253247
0.273
0.227046
0.262475
0.290855
0.285357
0.246877
0.270958
0.2815
0.284715
0.2225
0.192904
0.280719
0.2635
0.226
0.27936
0.237905
0.2415
0.283
0.245
0.27972
0.294353
0.265602
0.277223
0.2465
0.1995
0.287356
0.282359
0.294206
0.274
0.2665
0.227
0.224388
0.00999001
0.311377
0.254618
0.235764
0.255872
0.261
0.275862
0.28022
0.199
0.25987
0.255489
0.2945
0.238523
0.278861
0.2825
0.259111
0.272591
0.206
0.2835
0.2035
0.255372
0.250375
0.205794
0.219171
0.2035
0.246377
0.295852
0.250875
0.0125
0.268
0.2695
0.238881
0.276086
0.25987
0.2365
0.262369
0.294853
0.256244
0.268731
0.255744
0.236146
0.241379
0.29
0.25987
0.2655
0.245754
0.312032
0.244878
0.271
0.274363
0.257243
0.249626
0.2625
0.2545
0.2205
0.275449
0.227886
0.17991
0.294264
0.28036
0.225887
0.256372
0.238881
0.2935
0.294
0.238523
0.2595
0.2935
0.2885
0.0164835
0.2835
0.219171
0.231384
0.2625
0.28992
0.303348
0.231384
0.286
0.28036
0.255489
0.004995
0.2515
0.277223
0.254873
0.2735
0.283858
0.00648703
0.250998
0.282
0.256615
0.222666
0.304196
0.274725
0.1795
0.238
0.2225
0.249251
0.2275
0.29
0.235265
0.262869
0.281
0.286357
0.27023
0.2425
0.292354
0.226
0.2495
0.254
0.2935
0.255245
0.252248
0.2355
0.28992
0.251874
0.29935
0.26497
0.235
0.272228
0.2855
0.256872
0.0164835
0.2805
0.263105
0.224276
0.275087
0.207896
0.261
0.2735
0.233
0.254373
0.255
0.271864
0.272364
0.267
0.278
0.2885
0.27
0.272364
0.256872
0.222167
0.230155
0.283075
0.282717
0.2505
0.213786
0.249626
0.229
0.278443
0.258741
0.295205
0.231
0.2705
0.25
0.271
0.243
0.306693
0.2105
0.27
0.2735
0.26973
0.277445
0.253247
0.235147
0.241517
0.268098
0.238881
0.288856
0.275225
0.2225
0.257871
0.291
0.280719
0.275587
0.27986
0.235764
0.250749
0.259111
0.3005
0.256615
0.323838
0.28036
0.2705
0.2205
0.278
0.2666
0.302894
0.297
0.266234
0.2695
0.267732
0.278361
0.231269
0.262843
0.292124
0.278721
0.27972
0.2495
0.237
0.221
0.234383
0.223776
0.272364
0.254246
0.257871
0.299
0.280579
0.254373
0.2885
0.257114
0.256
0.263237
0.2235
0.266101
0.3205
0.267233
0.25
0.23938
0.225774
0.271
0.253247
0.227
0.188906
0.233267
0.249251
0.272
0.266867
0.291063
0.2155
0.2705
0.247876
0.278861
0.276862
0.265235
0.235
0.238881
0.2585
0.0075
0.274
0.2745
0.232535
0.274451
0.236146
0.004995
0.253373
0.294853
0.282859
0.229385
0.234883
0.270095
0.271593
0.278
0.2885
0.2385
0.201399
0.222389
0.2415
0.238881
0.257742
0.274
0.244755
0.2235
0.254
0.2695
0.236882
0.261
0.2585
0.2235
0.250875
0.285072
0.250875
0.241259
0.263368
0.219171
0.244378
0.278361
0.237381
0.2505
0.307
0.2875
0.249375
0.233383
0.2585
0.2945
0.2435
0.251996
0.2585
0.244755
0.237381
0.286
0.242379
0.244
0.259481
0.272228
0.272364
0.2815
0.2635
0.312531
0.262
0.266367
0.30085
0.262843
0.2825
0.261369
0.250749
0.294353
0.287856
0.283217
0.208396
0.263
0.24663
0.216
0.2745
0.265367
0.241379
0.292354
0.302
0.277584
0.263
0.265
0.268866
0.26973
0.289566
0.276
0.276862
0.282576
0.27
0.282359
0.252
0.230885
0.2695
0.32
0.255872
0.27972
0.25362
0.250125
0.276723
0.274588
0.286357
0.271
0.273363
0.234383
0.2855
0.275225
0.295557
0.27359
0.25362
0.2545
0.28036
0.236382
0.2535
0.216392
0.261
0.26024
0.243257
0.2235
0.271229
0.2705
0.271
0.231269
0.3025
0.275948
0.279221
0.287
0.271093
0.216
0.251
0.007
0.2235
0.2545
0.2945
0.2495
0.2595
0.01
0.312687
0.263368
0.290355
0.257871
0.2295
0.247376
0.00949525
0.290855
0.2495
0.2235
0.23988
0.2155
0.2845
0.2455
0.247505
0.230885
0.212894
0.2505
0.256615
0.269
0.265
0.292354
0.266
0.277223
0.26973
0.17991
0.29935
0.306
0.2495
0.271364
0.2595
0.265
0.221667
0.309845
0.251996
0.289
0.281078
0.282717
0.310035
0.257114
0.2695
0.247
0.2865
0.282717
0.27972
0.2025
0.0115
0.294
0.247752
0.233383
0.253373
0.253746
0.2245
0.2575
0.2695
0.263237
0.242379
0.208188
0.236527
0.281
0.285072
0.268
0.303
0.26973
0.284715
0.214286
0.252
0.2635
0.212394
0.265
0.278861
0.256244
0.237
0.2605
0.292
0.277722
0.259111
0.248876
0.24026
0.278861
0.24
0.230654
0.236264
0.2325
0.217
0.272591
0.255872
0.238881
0.235
0.3205
0.296
0.237
0.291063
0.219
0.216
0.293
0.234383
0.217174
0.265
0.276086
0.248376
0.274725
0.250875
0.223
0.2495
0.291354
0.287213
0.267099
0.2695
0.2865
0.2685
0.2835
0.274588
0.284
0.265734
0.277722
0.205397
0.2505
0.301349
0.256244
0.2625
0.289
0.281078
0.27936
0.281219
0.285857
0.255372
0.2435
0.183317
0.309
0.277
0.189
0.2205
0.2695
0.2855
0.250875
0.281219
0.268866
0.2495
0.237
0.27986
0.268866
0.238
0.219
0.232
0.244633
0.300549
0.2385
0.234883
0.245754
0.291354
0.265
