0.17
0.195402
0.228886
0.24975
0.2055
0.0114656
0.183
0.187313
0.204591
0.2015
0.262869
0.213893
0.232
0.2055
0.213287
0.182318
0.011976
0.214
0.2165
0.15035
0.178911
0.228771
0.174
0.219171
0.2115
0.0224888
0.27
0.2515
0.00649675
0.2285
0.2605
0.231768
0.216
0.227046
0.178
0.264104
0.244378
0.205897
0.00948577
0.1825
0.185407
0.158
0.232
0.243635
0.178821
0.249
0.2515
0.1555
0.215177
0.2305
0.00849575
0.228
0.22039
0.195
0.166
0.257371
0.204
0.192807
0.206
0.215892
0.219062
0.243878
0.17991
0.20669
0.00998502
0.244378
0.2265
0.2555
0.158421
0.254873
0.214893
0.17991
0.198702
0.227886
0.2505
0.21029
0.156922
0.2435
0.091
0.219171
0.215892
0.2395
0.227772
0.241895
0.1765
0.2375
0.219
0.2705
0.202797
0.245877
0.224276
0.216392
0.1815
0.222
0.23
0.195207
0.1999
0.210395
0.196
0.254873
0.196902
0.225887
0.193
0.189405
0.197901
0.2345
0.195402
0.091
0.21029
0.21939
0.217
0.2055
0.175412
0.194611
0.258242
0.154
0.1895
0.156922
0.198302
0.0164753
0.241259
0.203297
0.267233
0.288711
0.195
0.2085
0.206
0.18032
0.2325
0.18032
0.211394
0.243878
0.230385
0.216284
0.177
0.1825
0.226387
0.1895
0.240759
0.021978
0.254618
0.177822
0.216392
0.217174
0.2009
0.195511
0.225
0.207
0.2245
0.205397
0.211394
0.18032
0.191309
0.224
0.227046
0.219561
0.22
0.243135
0.187
0.211
0.0109835
0.0144855
0.149351
0.236
0.195804
0.2105
0.0035
0.147926
0.2105
0.209291
0.265867
0.2245
0.183
0.247876
0.236264
0.191
0.1725
0.222889
0.197
0.256
0.205794
0.233034
0.1735
0.2085
0.243756
0.201
0.253247
0.198801
0.129306
0.2155
0.0035
0.258
0.197401
0.227886
0.238642
0.215676
0.2245
0.236
0.174239
0.129306
0.251874
0.149351
0.190905
0.237
0.21989
0.18091
0.184815
0.197401
0.188218
0.18
0.247376
0.157842
0.2295
0.182909
0.216392
0.2395
0.249
0.2155
0.2215
0.192404
0.171914
0.2335
0.208791
0.25987
0.224
0.1875
0.198
0.217673
0.186407
0.23192
0.233383
0.266
0.189405
0.246377
0.205897
0.1675
0.201399
0.183408
0.2425
0.146853
0.258871
0.238143
0.210789
0.2305
0.2085
0.236146
0.185407
0.258
0.178233
0.009995
0.2245
0.262869
0.2405
0.21029
0.2395
0.226
0.214893
0.195902
0.235382
0.206294
0.247376
0.247376
0.236264
0.2105
0.2085
0.2225
0.18014
0.251374
0.209685
0.262869
0.161838
0.2135
0.234149
0.235647
0.00549176
0.218781
0.2395
0.22
0.222555
0.176412
0.194611
0.249
0.213
0.224888
0.229885
0.0129935
0.183
0.253746
0.0249875
0.240759
0.243635
0.1755
0.264735
0.245877
0.206
0.198702
0.218391
0.2265
0.2085
0.231269
0.225
0.00849575
0.243135
0.190905
0.168
0.205
0.212182
0.235882
0.185407
0.187
0.203297
0.25
0.234765
0.224888
0.266867
0.207
0.181909
0.208
0.212787
0.174239
0.2045
0.195902
0.202399
0.283858
0.229
0.243878
0.158
0.2155
0.244256
0.004
0.218672
0.172914
0.226274
0.262869
0.202399
0.248004
0.258
0.195305
0.209082
0.238262
0.244
0.171914
0.241879
0.2025
0.284
0.009995
0.0085
0.192711
0.206397
0.2315
0.2215
0.208896
0.187906
0.207896
0.197
0.1555
0.243756
0.193903
0.197
0.195402
0.238761
0.181
0.205897
0.225162
0.009
0.223
0.247253
0.207
0.23
0.226387
0.223665
0.172328
0.18513
0.231269
0.173913
0.177911
0.2475
0.266
0.264
0.216892
0.2305
0.184316
0.157
0.23988
0.2075
0.174239
0.172
0.1735
0.2515
0.219281
0.174326
0.198901
0.214
0.258242
0.283858
0.194611
0.2475
0.208292
0.284
0.204898
0.207396
0.2465
0.183134
0.230385
0.211394
0.208188
0.165
0.228886
0.213
0.2025
0.230885
0.217283
0.181818
0.198801
0.2505
0.175412
0.232651
0.215676
0.176912
0.184908
0.217391
0.228771
0.232384
0.2215
0.207293
0.2075
0.247129
0.221279
0.217673
0.218563
0.217391
0.229385
0.252374
0.245877
0.004
0.205897
0.200699
0.214393
0.245877
0.0044955
0.195
0.224551
0.124813
0.230885
0.252122
0.0224888
0.2305
0.205295
0.225
0.209291
0.136
0.231384
0.209
0.191904
0.2165
0.1965
0.241259
0.236
0.162
0.225162
0.009
0.2295
0.0065
0.189311
0.18032
0.229
0.254
0.0045
0.264104
0.206
0.257
0.148777
0.167333
0.23
0.198901
0.181319
0.203898
0.2195
0.175912
0.230885
0.238381
0.2495
0.196
0.229
0.218282
0.178911
0.207293
0.211894
0.206
0.1605
0.205897
0.082
0.206
0.206294
0.21
0.2255
0.1994
0.185814
0.183
0.238143
0.209685
0.222167
0.222777
0.207293
0.167416
0.267233
0.172914
0.178233
0.222889
0.012
0.0175
0.205486
0.219171
0.24
0.2085
0.156422
0.1999
0.269
0.2075
0.208791
0.237
0.1994
0.2
0.2205
0.1945
0.174825
0.194903
0.188312
0.231384
0.202
0.252374
0.179
0.1997
0.219
0.173
0.2115
0.234149
0.219
0.218173
0.174
0.0249875
0.2245
0.184408
0.199
0.197401
0.170415
0.21318
0.00849575
0.217174
0.009995
0.2705
0.235647
0.231768
0.23
0.208896
0.00449775
0.223665
0.242016
0.206897
0.2285
0.231768
0.236
0.1795
0.2255
0.2125
0.00749625
0.211394
0.261976
0.23365
0.156188
0.219171
0.181409
0.146853
0.211394
0.178732
0.216392
0.238381
0.22
0.1725
0.199601
0.217782
0.238
0.23988
0.254373
0.2005
0.1955
0.284
0.242893
0.265734
0.202696
0.246
0.208896
0.261738
0.2055
0.224551
0.209
0.171414
0.163918
0.225387
0.014
0.175325
0.236382
0.164
0.214393
0.21029
0.226274
0.178144
0.136
0.0144928
0.202298
0.150849
0.237
0.2705
0.213287
0.178911
0.22089
0.156843
0.222389
0.00449775
0.157
0.1895
0.249
0.00949525
0.2245
0.213
0.214286
0.2245
0.205794
0.190905
0.207396
0.258
0.202399
0.231884
0.227659
0.240759
0.171914
0.211
0.232384
0.22977
0.258
0.205691
0.1885
0.2245
0.168
0.2645
0.2295
0.206897
0.246254
0.2295
0.212288
0.181
0.006
0.24088
0.2009
0.2625
0.227886
0.0105
0.186907
0.217174
0.23
0.174
0.2345
0.186407
0.210789
0.224826
0.211394
0.2455
0.212
0.005997
0.195902
0.216392
0.193
0.178
0.00849151
0.231
0.185407
0.206
0.212
0.214393
0.254
0.223277
0.254618
0.1595
0.205
0.1985
0.228386
0.248
0.004
0.242379
0.232651
0.2395
0.23
0.2105
0.27
0.00948577
0.1865
0.235382
0.1615
0.187313
0.179231
0.2035
0.0075
0.224388
0.188312
0.216176
0.264104
0.198901
0.2705
0.0035
0.163
0.242379
0.213
0.00549725
0.212182
0.179462
0.192904
0.205397
0.243878
0.215892
0.2225
0.176412
0.23
0.1625
0.188
0.1795
0.2025
0.2305
0.177234
0.202899
0.2035
0.206294
0.012
0.19
0.231
0.238523
0.21989
0.0095
0.201
0.173327
0.214286
0.1997
0.246
0.174913
0.171914
0.18014
0.216176
0.212
0.24038
0.222167
0.2009
0.227386
0.254
0.215892
0.161
0.2195
0.188312
0.2335
0.13943
0.214893
0.00749625
0.215676
0.207585
0.2195
0.2325
0.2004
0.151
0.236645
0.25
0.214
0.2335
0.195207
0.24088
0.190905
0.2105
0.229385
0.233383
0.179462
0.085
0.184408
0.1805
0.195706
0.2205
0.235
0.196402
0.271
0.217391
0.2505
0.203898
0.277
0.2275
0.175912
0.2055
0.186314
0.005
0.192711
0.178911
0.249
0.299051
0.252621
0.224
0.173913
0.268232
0.185814
0.249375
0.199102
0.1555
0.234266
0.198302
0.175912
0.262107
0.177911
0.2165
0.1905
0.149202
0.172914
0.182409
0.165
0.249375
0.207896
0.212
0.219171
0.2125
0.00549725
0.167333
0.22
0.194611
0.1675
0.248376
0.251
0.2175
0.2045
0.222167
0.012
0.229
0.191
0.184408
0.211394
0.184408
0.009995
0.178911
0.224551
0.210789
0.009995
0.2475
0.21967
0.1905
0.227159
0.247129
0.148777
0.189405
0.25
0.202899
0.221778
0.227386
0.198104
0.134933
0.129741
0.219
0.174326
0.177822
0.158
0.197605
0.233383
0.184815
0.197
0.225774
0.2075
0.1815
0.224164
0.192308
0.1795
0.216392
0.172914
0.172328
0.214893
0.217891
0.0154923
0.196
0.189
0.204
0.219
0.181727
0.201399
0.00549725
0.0164753
0.224551
0.2015
0.191
0.238
0.176412
0.222555
0.232
0.2185
0.218064
0.0164753
0.214393
0.0114943
0.194903
0.1555
0.208292
0.207792
0.245877
0.198203
0.151848
0.222666
0.218672
0.00948577
0.2615
0.258
0.239
0.235382
0.233
0.2215
0.205192
0.284
0.197303
0.198
0.1555
0.249126
0.2505
0.252248
0.235265
0.195
0.1665
0.2305
0.2015
0.183134
0.009995
0.215784
0.189405
0.238642
0.165
0.232884
0.00849151
0.236
0.163836
0.194
0.032
0.253746
0.172914
0.212
0.251374
0.253247
0.247752
0.1965
0.1825
0.204398
0.2009
0.243756
0.1935
0.259
0.238761
0.23315
0.231884
0.219
0.218391
0.2395
0.2015
0.212182
0.224775
0.164
0.196402
0.221889
0.00849151
0.277
0.207
0.1815
0.243878
0.188
0.284
0.236
0.231
0.236264
0.248627
0.1895
0.197401
0.2475
0.1555
0.267233
0.1845
0.211
0.22017
0.218282
0.225887
0.173
0.250375
0.182318
0.2085
0.196902
0.212681
0.2004
0.202399
0.1555
0.24
0.195706
0.202399
0.219561
0.185315
0.211394
0.2245
0.228886
0.242379
0.229
0.191
0.2395
0.251
0.2005
0.16983
0.111776
0.211394
0.211183
0.264
0.2225
0.209685
0.206
0.267866
0.2205
0.007996
0.225887
0.284
0.194209
0.246877
0.207189
0.198
0.175912
0.258871
0.224888
0.2365
0.21989
0.2045
0.1815
0.258
0.211183
0.012
0.213
0.263237
0.203898
0.236763
0.219281
0.2415
0.207
0.207293
0.1275
0.2185
0.177234
0.197
0.225887
0.0045
0.200699
0.236645
0.134933
0.238
0.163836
0.22028
0.206294
0.234765
0.183408
0.171414
0.252248
0.2025
0.254873
0.21029
0.2295
0.204398
0.192904
0.195402
0.2275
0.0335
0.213786
0.225774
0.162
0.224
0.171
0.228386
0.282359
0.225774
0.195402
0.21596
0.251874
0.238381
0.181
0.186407
0.0105
0.196304
0.158
0.223388
0.224276
0.216783
0.195511
0.186221
0.2345
0.2455
0.217283
0.2001
0.189405
0.248627
0.196402
0.2555
0.205897
0.235647
0.196402
0.152
0.245877
0.224388
0.224
0.172914
0.209395
0.2395
0.262
0.209291
0.214785
0.170829
0.2085
0.18091
0.24975
0.247
0.234383
0.208896
0.2245
0.264236
0.249
0.15035
0.208791
0.177234
0.195207
0.009
0.151848
0.2235
0.238381
0.229385
0.214893
0.217
0.237525
0.219281
0.174326
0.22028
0.218
0.187812
0.207896
0.2165
0.2215
0.005
0.221
0.0144928
0.162
0.207396
0.18803
0.17033
0.183908
0.213393
0.166
0.221667
0.181818
0.204795
0.2055
0.227886
0.210789
0.22
0.21989
0.17991
0.18014
0.198
0.1555
0.238642
0.261738
0.24
0.243878
0.17033
0.202399
0.2555
0.216892
0.17991
0.1999
0.134933
0.246377
0.216892
0.2475
0.232384
0.189405
0.229
0.191904
0.2295
0.2505
0.2115
0.205897
0.25
0.198
0.225887
0.238761
0.183
0.2009
0.186407
0.221
0.16983
0.2235
0.226
0.176236
0.235382
0.198801
0.237381
0.235
0.178911
0.1735
0.148777
0.155
0.2015
0.195706
0.1765
0.232152
0.211
0.21318
0.02997
0.231653
0.162419
0.236645
0.236
0.2555
0.174239
0.288711
0.013993
0.235764
0.22666
0.019
0.184408
0.2265
0.190905
0.208
0.141429
0.184408
0.208292
0.222
0.176
0.23315
0.231269
0.161838
0.157
0.26
0.011994
0.224
0.211394
0.185315
0.216284
0.0075
0.201399
0.254618
0.22
0.0234531
0.2055
0.252248
0.228886
0.1785
0.1825
0.249
0.271
0.25025
0.248
0.216892
0.237881
0.2002
0.246254
0.2335
0.243135
0.168
0.2095
0.202399
0.192
0.238143
0.21967
0.189405
0.2105
0.215892
0.2275
0.268731
0.204
0.2305
0.009
0.203398
0.219281
0.196
0.178
0.217
0.2015
0.207896
0.218563
0.262606
0.22017
0.225275
0.217174
0.1735
0.208896
0.221889
0.198203
0.207293
0.2035
0.228886
0.227772
0.202
0.183408
0.183134
0.203
0.207293
0.235382
0.205
0.226773
0.208292
0.195
0.0335
0.159
0.2025
0.240759
0.1985
0.191118
0.214286
0.1545
0.24
0.219281
0.205397
0.193903
0.204898
0.165
0.2005
0.232
0.194
0.203398
0.234383
0.218391
0.198401
0.2105
0.175912
0.217673
0.182817
0.229
0.183134
0.250998
0.221889
0.176823
0.209
0.264236
0.1895
0.253247
0.209
0.25987
0.19
0.1855
0.216284
0.1955
0.210789
0.192807
0.271
0.186221
0.235
0.178911
0.043956
0.212
0.239261
0.1675
0.222666
0.2325
0.225162
0.222167
0.213893
0.189
0.190905
0.243878
0.198801
0.0109945
0.205295
0.222666
0.252122
0.191
0.261738
0.1955
0.2025
0.0264868
0.2125
0.2095
0.171914
0.207792
0.224164
0.208396
0.1565
0.221
0.1945
0.2015
0.236645
0.207189
0.2315
0.205295
0.195
0.193403
0.224551
0.264368
0.208896
0.213893
0.210789
0.242
0.259
0.2475
0.183408
0.276585
0.0489755
0.007
0.192904
0.149351
0.175912
0.228272
0.22028
0.173413
0.2055
0.202096
0.2215
0.246
0.2004
0.263
0.242636
0.243635
0.2045
0.17991
0.188
0.198401
0.208896
0.2165
0.27
0.2245
0.247
0.219
0.1765
0.207
0.191
0.263
0.219
0.175824
0.192711
0.16
0.220559
0.230385
0.0045
0.21
0.043956
0.204092
0.2085
0.207
0.22028
0.185814
0.211
0.232268
0.01999
0.277
0.245132
0.239
0.231384
0.0065
0.288711
0.203
0.182318
0.174825
0.157343
0.211
0.207585
0.221
0.196
0.214
0.198401
0.262
0.224
0.263237
0.178144
0.00648703
0.252374
0.173913
0.2025
0.2155
0.2009
0.214
0.201
0.214286
0.196304
0.2025
0.254
0.17941
0.184815
0.1745
0.178233
0.221
0.18
0.00747757
0.2025
0.0114656
0.214286
0.194903
0.223277
0.1999
0.171
0.2004
0.258
0.236645
0.2215
0.207896
0.22017
0.082
0.199501
0.218891
0.208896
0.2505
0.201399
0.183
0.210395
0.246
0.2225
0.179231
0.217
0.236
0.2015
0.2245
0.264735
0.2175
0.0075
0.254873
0.24026
0.211183
0.156344
0.208896
0.214286
0.2375
0.193903
0.207
0.00549725
0.224775
0.233267
0.208896
0.2515
0.191118
0.201399
0.231
0.2395
0.212288
0.191404
0.18032
0.226
0.204398
0.238881
0.2325
0.205897
0.214179
0.1955
0.221389
0.152
0.186314
0.19
0.2605
0.22
0.2255
0.236882
0.249
0.262
0.257243
0.196402
0.1555
0.0109835
0.215892
0.2055
0.0114943
0.178911
0.2555
0.00349825
0.212288
0.228886
0.276585
0.217283
0.207189
0.236645
0.192807
0.214893
0.24026
0.210395
0.222167
0.204398
0.2015
0.1665
0.2115
0.2265
0.195207
0.226773
0.2515
0.235382
0.212
0.171
0.229
0.231653
0.208896
0.009
0.217782
0.218282
0.185814
0.2105
0.2115
0.214464
0.241895
0.2095
0.209395
0.224276
0.005997
0.244378
0.238523
0.189
0.266733
0.177911
0.213
0.206397
0.236882
0.244
0.204296
0.151924
0.15
0.2055
0.251874
0.242636
0.1895
0.196304
0.183408
0.172
0.211394
0.211394
0.0234531
0.173413
0.1999
0.00849151
0.2505
0.151
0.1355
0.1885
0.192
0.204795
0.2215
0.208
0.225275
0.264735
0.211
0.22977
0.117
0.143357
0.217283
0.232268
0.207792
0.249
0.224276
0.0224888
0.217391
0.224888
0.225162
0.1999
0.219
0.230385
0.188312
0.221889
0.00849575
0.219062
0.2005
0.201
0.223665
0.205794
0.2295
0.23988
0.197605
0.0165
0.205897
0.190809
0.229
0.218563
0.187
0.224888
0.2275
0.2015
0.2265
0.1735
0.24026
0.2205
0.202399
0.228272
0.2255
0.21318
0.229
0.22028
0.225774
0.149351
0.248128
0.240639
0.0654346
0.245264
0.167416
0.188406
0.2245
0.225774
0.232152
0.208896
0.229
0.213679
0.204398
0.251249
0.2155
0.227886
0.2245
0.208
0.222167
0.264236
0.254
0.238143
0.2475
0.23315
0.2505
0.213893
0.235
0.195
0.2555
0.231
0.214464
0.245877
0.210895
0.197303
0.235382
0.226387
0.218672
0.216
0.179
0.211
0.226387
0.257243
0.2085
0.238
0.22089
0.231384
0.1985
0.225887
0.185222
0.245877
0.2555
0.228886
0.262238
0.186128
0.214785
0.212575
0.2245
0.22017
0.228
0.26037
0.230385
0.209395
0.276
0.197204
0.186407
0.209291
0.209
0.227386
0.2915
0.207
0.206
0.249375
0.014985
0.218891
0.209
0.231653
0.192711
0.214893
0.1785
0.156422
0.2215
0.218391
0.1895
0.210684
0.249
0.208292
0.239261
0.238881
0.206
0.211788
0.218
0.23
0.242
0.2435
0.009
0.180819
0.251374
0.222666
0.155
0.232384
0.25025
0.2295
0.240639
0.221389
0.1855
0.0144928
0.006
0.198302
0.244
0.2275
0.210395
0.205295
0.2395
0.184
0.225275
0.2775
0.23315
0.216892
0.2055
0.141
0.201
0.01999
0.230539
0.164254
0.242379
0.1255
0.1955
0.244134
0.225887
0.284
0.1885
0.249251
0.219561
0.1845
0.232152
0.0095
0.196108
0.177645
0.194611
0.219281
0.198401
0.2025
0.214
0.2055
0.219
0.22
0.147
0.175412
0.211394
0.241895
0.011
0.252248
0.254873
0.221889
0.205794
0.0045
0.188406
0.206587
0.257
0.188
0.202797
0.206397
0.264
0.266
0.205
0.262369
0.216392
0.016
0.187313
0.0224775
0.211894
0.22039
0.010978
0.111776
0.247
0.208896
0.231
0.1805
0.173413
0.218
0.2285
0.238881
0.21967
0.233383
0.00949525
0.2035
0.232884
0.2495
0.249
0.24
0.2425
0.009995
0.2205
0.224663
0.2055
0.242757
0.215892
0.22017
0.216284
0.193903
0.1895
0.1999
0.1945
0.202
0.1925
0.162837
0.248376
0.2525
0.201399
0.25987
0.228886
0.199301
0.195402
0.213893
0.206
0.186907
0.208292
0.207396
0.206
0.143357
0.208896
0.124813
0.232384
0.239
0.2695
0.257243
0.271
0.219171
0.1495
0.223888
0.188406
0.189405
0.2705
0.0149925
0.2225
0.2345
0.214179
0.217673
0.221389
0.251874
0.221279
0.2515
0.166917
0.228386
0.198702
0.225887
0.254373
0.198401
0.223665
0.211394
0.232651
0.197901
0.215784
0.011994
0.156344
0.157
0.229
0.254873
0.2165
0.00949525
0.1997
0.247129
0.2335
0.267866
0.202797
0.158
0.150849
0.221
0.1815
0.219
0.222666
0.005997
0.2005
0.183134
0.27
0.224888
0.2002
0.236382
0.251374
0.163836
0.243135
0.254
0.242757
0.195207
0.190905
0.2515
0.205897
0.211
0.18023
0.249375
0.25
0.1855
0.229656
0.259
0.151924
0.2185
0.195
0.203
0.211394
0.193903
0.190905
0.212288
0.2395
0.216392
0.1795
0.221
0.212182
0.202298
0.170415
0.2555
0.206397
0.213893
0.174
0.181409
0.0045
