0.215177
0.244
0.218
0.236527
0.292854
0.2035
0.266
0.2635
0.230885
0.2003
0.2375
0.18041
0.262369
0.238761
0.220779
0.2155
0.289776
0.0124875
0.2525
0.246877
0.273726
0.2345
0.2715
0.264368
0.226
0.231768
0.3015
0.238642
0.272364
0.221667
0.247376
0.2105
0.2755
0.211682
0.2615
0.2335
0.277223
0.2495
0.28657
0.225
0.2265
0.23988
0.239521
0.261869
0.2265
0.204398
0.212288
0.255245
0.235882
0.246
0.2475
0.279
0.233883
0.252
0.192711
0.2835
0.257
0.228771
0.277223
0.293912
0.2475
0.2515
0.23365
0.2385
0.259481
0.2245
0.288212
0.2175
0.207792
0.269
0.256872
0.288212
0.25499
0.285215
0.2305
0.244378
0.19031
0.2465
0.2425
0.217891
0.2975
0.144711
0.233
0.255372
0.289855
0.218891
0.3015
0.223277
0.232884
0.254119
0.316342
0.273726
0.217891
0.2955
0.2865
0.202197
0.2515
0.26037
0.279081
0.1955
0.1975
0.236882
0.1995
0.293853
0.221
0.247752
0.252374
0.236
0.223277
0.283858
0.229885
0.227
0.278942
0.277361
0.236882
0.2715
0.239
0.2525
0.225
0.227431
0.228386
0.0184723
0.287712
0.2665
0.234266
0.268232
0.2001
0.2165
0.2595
0.233883
0.2399
0.207189
0.155922
0.2365
0.227273
0.218454
0.203297
0.233
0.235882
0.252
0.290355
0.278
0.237263
0.249375
0.2425
0.27023
0.214893
0.269
0.257243
0.198401
0.243
0.1835
0.237881
0.2215
0.205295
0.24038
0.218391
0.246
0.264735
0.0095
0.266367
0.233533
0.224
0.206397
0.2475
0.210895
0.2245
0.238642
0.257
0.01
0.2515
0.266234
0.193709
0.2495
0.261869
0.201798
0.284715
0.24975
0.2245
0.222056
0.251
0.241
0.218672
0.239
0.0175
0.245754
0.307846
0.230385
0.232
0.267866
0.27023
0.256872
0.245754
0.011
0.166417
0.248252
0.209186
0.247
0.1945
0.191
0.2425
0.240759
0.232384
0.218891
0.247
0.232268
0.238642
0.242636
0.171828
0.1995
0.226387
0.222278
0.1935
0.293912
0.2745
0.223
0.266467
0.175
0.253
0.259
0.210185
0.255733
0.270594
0.253247
0.217891
0.2885
0.00349825
0.2735
0.186314
0.287712
0.249626
0.257
0.226887
0.2285
0.26037
0.011
0.23365
0.3085
0.213893
0.216284
0.256615
0.268098
0.228386
0.250125
0.2605
0.243378
0.246
0.205295
0.255733
0.1955
0.208396
0.204898
0.26087
0.2715
0.217891
0.26087
0.0385
0.237
0.276086
0.261477
0.261869
0.282934
0.23976
0.268
0.232
0.202
0.26783
0.215
0.22666
0.241758
0.252495
0.257
0.235265
0.264868
0.215892
0.248876
0.272727
0.257742
0.242379
0.248376
0.242379
0.2545
0.284715
0.169415
0.267866
0.257
0.174239
0.258612
0.2135
0.275225
0.278222
0.272092
0.221389
0.284858
0.263868
0.2605
0.175
0.272864
0.2305
0.2625
0.260978
0.005
0.209186
0.2225
0.258371
0.207
0.245877
0.272864
0.196
0.236264
0.314343
0.21967
0.266
0.218282
0.21318
0.246
0.2475
0.240759
0.232384
0.237881
0.2455
0.2715
0.28
0.275
0.2635
0.2075
0.218672
0.233416
0.2655
0.241
0.2585
0.22
0.225
0.014
0.2165
0.251249
0.0184723
0.2615
0.1435
0.279
0.2145
0.282359
0.275362
0.237
0.24
0.2425
0.250125
0.255
0.217391
0.277
0.2055
0.1915
0.2445
0.247129
0.239401
0.248252
0.0134933
0.2435
0.00749625
0.00849575
0.24088
0.201198
0.2595
0.253873
0.2635
0.243
0.250624
0.18672
0.293706
0.234883
0.24
0.262369
0.227
0.28
0.2655
0.250875
0.268
0.211682
0.261369
0.241
0.258371
0.25974
0.2475
0.22039
0.22505
0.265367
0.2335
0.228771
0.203398
0.0329506
0.2115
0.282359
0.246
0.2945
0.2575
0.2555
0.184
0.252374
0.285572
0.258
0.266367
0.248
0.2235
0.171828
0.26
0.232767
0.202
0.226387
0.19511
0.206397
0.196304
0.234883
0.269231
0.182409
0.225
0.288922
0.0124875
0.227159
0.253873
0.270729
0.186907
0.185
0.232268
0.2085
0.292707
0.1994
0.231384
0.250875
0.221667
0.294
0.296852
0.249875
0.2935
0.2425
0.218282
0.211682
0.2145
0.237881
0.235882
0.230385
0.26497
0.18041
0.218672
0.238262
0.28036
0.273
0.2001
0.243257
0.24663
0.255
0.244378
0.243135
0.226
0.169415
0.268
0.241758
0.24
0.0145
0.251
0.223776
0.2835
0.27936
0.236882
0.272092
0.298851
0.247
0.253873
0.240759
0.236382
0.277
0.2325
0.0065
0.216284
0.2255
0.291854
0.275225
0.227159
0.257614
0.169415
0.284216
0.216783
0.227159
0.277
0.1999
0.235647
0.277
0.222056
0.211682
0.189216
0.218
0.267
0.227159
0.251374
0.251374
0.226887
0.261
0.2835
0.263736
0.191309
0.246753
0.202
0.280719
0.28036
0.242
0.2235
0.246131
0.303
0.277
0.222389
0.267233
0.283217
0.256
0.2575
0.2365
0.007
0.237881
0.216176
0.232884
0.275
0.217891
0.239521
0.014
0.286357
0.255872
0.243
0.252495
0.245754
0.2385
0.251
0.255
0.203398
0.290709
0.2175
0.243635
0.266
0.1825
0.202696
0.246
0.229385
0.292208
0.231384
0.244
0.01
0.233
0.00999001
0.28657
0.269865
0.225
0.2115
0.294
0.284216
0.237881
0.189216
0.214393
0.232268
0.214893
0.00598802
0.235882
0.281359
0.204898
0.312844
0.245632
0.216
0.251
0.2555
0.238881
0.261
0.237881
0.22
0.211788
0.191
0.279081
0.218282
0.249375
0.261869
0.24
0.25987
0.244
0.253373
0.25
0.253
0.269825
0.288212
0.0065
0.1835
0.2004
0.236882
0.257
0.202696
0.2955
0.2485
0.272864
0.191
0.232767
0.2805
0.2315
0.215892
0.2475
0.254745
0.252874
0.24975
0.258371
0.249251
0.2835
0.195902
0.238881
0.247752
0.01
0.226
0.2605
0.003998
0.2385
0.013
0.25974
0.232
0.231768
0.298
0.202696
0.2585
0.211894
0.219281
0.2165
0.280719
0.227772
0.187406
0.248
0.22039
0.243
0.277445
0.235382
0.239
0.28086
0.2405
0.261
0.2004
0.213786
0.286
0.00349476
0.23
0.214678
0.2515
0.0075
0.208396
0.271956
0.232152
0.271229
0.255
0.23
0.256
0.312844
0.0154923
0.222056
0.234383
0.285357
0.229271
0.247129
0.209
0.2415
0.237881
0.20669
0.291563
0.22039
0.2635
0.24
0.267866
0.144711
0.00849575
0.235382
0.253873
0.2745
0.248376
0.2365
0.283716
0.236
0.232384
0.209395
0.284216
0.2635
0.224164
0.231768
0.241879
0.256872
0.226274
0.224663
0.237263
0.236264
0.195305
0.158
0.229271
0.265367
0.285215
0.261347
0.265968
0.277223
0.272864
0.301199
0.00549725
0.3005
0.229885
0.281078
0.232884
0.241379
0.302697
0.278861
0.215569
0.263736
0.2075
0.203398
0.314343
0.233267
0.2375
0.19
0.265
0.246753
0.009
0.2225
0.257114
0.241879
0.250875
0.261477
0.21939
0.282
0.225
0.234
0.255872
0.223441
0.22039
0.254246
0.222
0.0145
0.228886
0.232268
0.23988
0.23938
0.2405
0.266101
0.243
0.225
0.2455
0.243014
0.242636
0.211394
0.272319
0.278
0.260479
0.247
0.248376
0.275225
0.236
0.246
0.256372
0.312844
0.2155
0.234266
0.257371
0.267
0.214179
0.231153
0.285429
0.247
0.252122
0.2205
0.2175
0.240639
0.284358
0.241
0.221889
0.245
0.202
0.240759
0.251
0.2975
0.2575
0.298
0.251123
0.2495
0.243378
0.150925
0.225
0.195902
0.2505
0.0335
0.2595
0.2085
0.253873
0.204
0.274
0.2415
0.009
0.272864
0.276224
0.25499
0.264236
0.222278
0.232384
0.231768
0.255362
0.235265
0.2555
0.255
0.294705
0.237881
0.199102
0.196304
0.248376
0.00849575
0.239521
0.257
0.282
0.2215
0.277
0.263605
0.240759
0.228886
0.226
0.286857
0.264368
0.25025
0.268
0.0065
0.275362
0.2875
0.232
0.23315
0.202197
0.218173
0.2605
0.284148
0.275
0.013979
0.204898
0.231768
0.272092
0.262
0.2265
0.19031
0.25
0.229656
0.223776
0.155922
0.258612
0.0174913
0.215
0.232884
0.271864
0.266867
0.2625
0.155922
0.217391
0.242137
0.2585
0.226
0.270095
0.2385
0.211394
0.005997
0.2745
0.235882
0.279
0.1945
0.199
0.242
0.275862
0.249875
0.015
0.234
0.009
0.25987
0.240759
0.2155
0.2245
0.2525
0.299551
0.231768
0.251874
0.28
0.251
0.269
0.141787
0.228657
0.2775
0.215392
0.241
0.235
0.175
0.2245
0.232384
0.264368
0.208791
0.243014
0.2215
0.252
0.233
0.205794
0.2375
0.232
0.00699301
0.240639
0.182409
0.226773
0.266367
0.246
0.207688
0.274226
0.283858
0.261239
0.212394
0.2555
0.268
0.293853
0.259111
0.282934
0.241
0.2345
0.244511
0.196705
0.278083
0.2145
0.282359
0.216284
0.316342
0.008
0.290709
0.2295
0.248376
0.278361
0.258242
0.230385
0.244878
0.269825
0.148926
0.270865
0.256
0.25025
0.223
0.226773
0.22977
0.2515
0.227159
0.286
0.281297
0.148278
0.192
0.242258
0.283716
0.196402
0.234883
0.259111
0.219
0.243756
0.256872
0.2725
0.254873
0.271728
0.1905
0.266867
0.243635
0.250125
0.007
0.25987
0.1815
0.264236
0.259481
0.246377
0.285572
0.243635
0.218891
0.2425
0.223388
0.27359
0.229885
0.214678
0.230385
0.244755
0.284216
0.3145
0.261869
0.227
0.279
0.01
0.225387
0.2305
0.201198
0.229656
0.278
0.2975
0.215177
0.213786
0.261869
0.265235
0.215392
0.250875
0.201899
0.186314
0.00548902
0.252374
0.202
0.249251
0.2175
0.2345
