0.238
0.212894
0.248128
0.267866
0.1805
0.245377
0.2355
0.217
0.245132
0.224276
0.250873
0.189905
0.00598802
0.1735
0.2105
0.2285
0.211289
0.225
0.214
0.219
0.254
0.2425
0.197401
0.244256
0.269
0.003998
0.217
0.1555
0.26
0.2009
0.25
0.171243
0.22039
0.242137
0.268866
0.157
0.244256
0.2655
0.263368
0.233766
0.2345
0.225662
0.225275
0.250375
0.234266
0.006
0.19012
0.210895
0.187219
0.216284
0.23027
0.228657
0.1775
0.171243
0.21318
0.257243
0.2205
0.17991
0.24088
0.2535
0.1965
0.1665
0.232384
0.244256
0.251
0.184408
0.212
0.2345
0.195207
0.249251
0.245255
0.203694
0.257
0.262369
0.2435
0.2005
0.209
0.210395
0.241
0.222167
0.187219
0.2465
0.228272
0.24088
0.23938
0.218
0.241
0.208
0.175824
0.195
0.211289
0.236763
0.187906
0.2265
0.166417
0.2545
0.254119
0.2395
0.0109835
0.187
0.167416
0.257243
0.236882
0.205897
0.196
0.171329
0.198901
0.1835
0.217891
0.226773
0.213074
0.011988
0.205
0.2335
0.21939
0.2105
0.250375
0.210395
0.211394
0.235
0.01
0.1865
0.179321
0.177822
0.247876
0.213393
0.22039
0.246131
0.252874
0.209395
0.222
0.262238
0.214
0.2335
0.169745
0.2485
0.23938
0.2075
0.0155
0.232
0.1735
0.212288
0.259
0.2565
0.0429785
0.249126
0.227772
0.217174
0.2155
0.231653
0.23027
0.237905
0.204296
0.196
0.194708
0.211289
0.00399401
0.232384
0.205897
0.202298
0.251748
0.198901
0.2095
0.197204
0.22
0.2485
0.194306
0.167249
0.248255
0.251874
0.214393
0.238381
0.228
0.216
0.233883
0.228657
0.256
0.228771
0.245132
0.243135
0.21989
0.269365
0.253873
0.230885
0.1955
0.226387
0.18041
0.192
0.205
0.234
0.232651
0.201399
0.2605
0.190714
0.265867
0.206793
0.156843
0.201899
0.214571
0.179
0.1925
0.205
0.227659
0.271364
0.230654
0.2
0.210789
0.203398
0.241
0.236527
0.2004
0.263368
0.008
0.251874
0.2055
0.247376
0.170915
0.209895
0.127745
0.226
0.274363
0.241
0.241638
0.2435
0.266234
0.250499
0.1999
0.212288
0.2335
0.174825
0.248754
0.21967
0.213393
0.21967
0.228886
0.227772
0.214286
0.217066
0.214963
0.2325
0.1815
0.238761
0.2375
0.2445
0.244878
0.2065
0.2465
0.266867
0.23503
0.214
0.008
0.1555
0.217
0.254618
0.1955
0.25499
0.264368
0.207
0.2625
0.00949525
0.207896
0.2475
0.249251
0.2445
0.2225
0.2125
0.265734
0.16983
0.258871
0.220669
0.189905
0.218282
0.203297
0.236
0.23027
0.24088
0.205
0.193114
0.254745
0.2125
0.261
0.217
0.207688
0.214
0.246377
0.2605
0.174825
0.2265
0.189905
0.223277
0.236527
0.24088
0.286857
0.236264
0.250375
0.243878
0.199301
0.236028
0.274588
0.156
0.00599101
0.00499002
0.218391
0.1835
0.237381
0.2445
0.228386
0.247129
0.198
0.187406
0.232268
0.245
0.218173
0.2335
0.2355
0.2125
0.215392
0.185407
0.2765
0.255872
0.222
0.211894
0.198702
0.187219
0.228
0.2365
0.238523
0.276086
0.194403
0.23
0.192
0.164418
0.191904
0.2625
0.229885
0.253873
0.262369
0.249375
0.0154845
0.262369
0.234883
0.00598802
0.227431
0.2
0.244134
0.1975
0.183
0.244633
0.228272
0.21978
0.169745
0.206587
0.168916
0.286857
0.197401
0.223
0.0164753
0.183
0.2645
0.187219
0.003998
0.228272
0.243378
0.174413
0.2025
0.222666
0.190714
0.191904
0.171414
0.1795
0.234883
0.209
0.204898
0.244256
0.198702
0.2025
0.202197
0.244511
0.2125
0.231384
0.186407
0.2445
0.2195
0.1925
0.2265
0.18041
0.2265
0.2205
0.205
0.0085
0.218282
0.2105
0.222
0.2445
0.209395
0.223888
0.224
0.216
0.239
0.223388
0.2545
0.195902
0.2265
0.235382
0.247253
0.26011
0.231884
0.269365
0.266234
0.217391
0.213393
0.243
0.236
0.263868
0.190714
0.00599101
0.2255
0.256743
0.201399
0.0135
0.214286
0.1935
0.236882
0.178911
0.208
0.196
0.225
0.2285
0.205295
0.2395
0.201399
0.204296
0.176412
0.221279
0.253746
0.238262
0.224388
0.225
0.217
0.1735
0.238761
0.257871
0.2745
0.179321
0.226387
0.2155
0.227046
0.242379
0.1895
0.228771
0.24088
0.2755
0.201798
0.1735
0.032
0.249375
0.2495
0.187219
0.211289
0.239
0.232884
0.194403
0.246377
0.1845
0.16983
0.246254
0.235
0.259
0.236763
0.231768
0.223888
0.243135
0.2055
0.206793
0.236382
0.213893
0.233766
0.187
0.205897
0.2235
0.240639
0.1895
0.184908
0.223888
0.212894
0.199301
0.2615
0.208188
0.2545
0.213
0.256
0.2145
0.236
0.201899
0.206897
0.228386
0.220779
0.2475
0.236382
0.222278
0.205192
0.212575
0.2365
0.205897
0.250499
0.223441
0.237881
0.2245
0.2305
0.0105
0.209895
0.217673
0.198801
0.0055
0.007
0.00549176
0.2245
0.189405
0.210395
0.203694
0.228044
0.0154845
0.011988
0.251374
0.201098
0.222389
0.24038
0.245132
0.239
0.253373
0.205
0.251497
0.225387
0.2505
0.187219
0.00799201
0.239
0.2255
0.2655
0.228
0.2475
0.185
0.236882
0.257614
0.1795
0.245754
0.21967
0.2185
0.225387
0.248252
0.253746
0.216
0.204296
0.227886
0.253746
0.266
0.244755
0.15984
0.228771
0.246131
0.00698952
0.2815
0.01997
0.234648
0.270865
0.2375
0.235411
0.195
0.263
0.249375
0.205
0.238262
0.161419
0.236763
0.233883
0.251374
0.239261
0.26011
0.23365
0.2355
0.1835
0.0109945
0.176647
0.258871
0.0169915
0.2185
0.17991
0.2265
0.024975
0.223888
0.247752
0.253373
0.2105
0.23938
0.2125
0.204296
0.0085
0.00849575
0.212894
0.2155
0.246377
0.209
0.265
0.209895
0.19
0.236382
0.233
0.22039
0.2405
0.2345
0.190809
0.213
0.188
0.208396
0.1865
0.2035
0.198401
0.2185
0.2485
0.0109945
0.1985
0.277084
0.247752
0.176
0.235
0.2335
0.2145
0.265235
0.186
0.254
0.23027
0.204296
0.198901
0.22089
0.249375
0.2465
0.214393
0.228
0.184815
0.221279
0.212
0.237381
0.224
0.254745
0.2535
0.255617
0.231884
0.21
0.260739
0.201899
0.255872
0.197802
0.234765
0.210789
0.22039
0.00799201
0.292062
0.237026
0.191904
0.198
0.265235
0.183
0.234266
0.245377
0.145
0.191904
0.195
0.2315
0.220779
0.2135
0.261976
0.003998
0.1985
0.208396
0.2295
0.207896
0.2055
0.203
0.2505
0.249875
0.241379
0.172655
0.217
0.245132
0.2005
0.1965
0.228
0.241879
0.2675
0.209
0.187906
0.2535
0.247505
0.2455
0.00399202
0.213
0.184408
0.231768
0.2465
0.25
0.264
0.139291
0.204296
0.262369
0.248252
0.221389
0.263
0.222
0.214571
0.196
0.238381
0.251
0.2745
0.204296
0.184408
0.2085
0.286857
0.243
0.21978
0.22039
0.227
0.215392
0.157
0.2415
0.172655
0.217891
0.204693
0.238381
0.277361
0.251623
0.204898
0.2255
0.213679
0.223776
0.201399
0.246
0.219561
0.210395
0.22977
0.0055
0.2315
0.250499
0.251874
0.1905
0.309036
0.183042
0.250375
0.21939
0.1785
0.23
0.213679
0.228044
0.222
0.0115
0.2405
0.202298
0.212288
0.30005
0.013
0.233883
0.251874
0.167832
0.195706
0.171
0.2085
0.211682
0.2395
0.0154923
0.2075
0.193403
0.233034
0.222
0.177
0.216
0.231
0.187
0.267866
0.198901
0.20979
0.264368
0.205
0.217
0.0109835
0.2265
0.223665
0.2545
0.26024
0.2185
0.251748
0.213393
0.0155
0.219
0.2355
0.22
0.221889
0.250624
0.193307
0.265867
0.247876
0.231884
0.210395
0.207293
0.205
0.217673
0.229042
0.198901
0.2105
0.238761
0.227273
0.246254
0.2545
0.245632
0.214571
0.227659
0.243878
0.187406
0.207396
0.00849575
0.2135
0.246
0.209685
0.182726
0.2725
0.221889
0.256
0.2015
0.2335
0.238381
0.254
0.176412
0.0109945
0.23
0.00948577
0.286857
0.254
0.2009
0.261
0.242379
0.171414
0.224388
0.209
0.2415
0.210789
0.259111
0.225275
0.202797
0.254119
0.217391
0.2445
0.234531
0.2275
0.218
0.272364
0.241018
0.210395
0.243257
0.250375
0.18091
0.232268
0.297851
0.208
0.2435
0.26
0.158841
0.211894
0.2795
0.174
0.00399401
0.243
0.25
0.246507
0.244755
0.242137
0.210684
0.221168
0.1705
0.173413
0.215285
0.253873
0.236882
0.205
0.241
0.221
0.213
0.214
0.237381
0.255117
0.219451
0.00948577
0.229042
0.220779
0.213287
0.216
0.228886
0.234531
0.202197
0.20669
0.267866
0.1735
0.257614
0.254373
0.2175
0.256
0.174
0.011976
0.241
0.263
0.210895
0.228272
0.195
0.2255
0.173913
0.187406
0.212
0.261869
0.207896
0.00599101
0.21939
0.195207
0.235764
0.2145
0.197802
0.231269
0.239261
0.195706
0.1715
0.253373
0.246
0.2555
0.2265
0.1895
0.254119
0.2545
0.213
0.147426
0.2265
0.24038
0.1865
0.258
0.225
0.23315
0.267
0.197901
0.212681
0.1795
0.201899
0.210395
0.235
0.249375
0.194903
0.25
0.19
0.2395
0.147426
0.21978
0.249875
0.17324
0.222
0.266
0.229885
0.236028
0.233883
0.203898
0.25987
0.195902
0.246
0.225387
0.265469
0.274588
0.2009
0.22039
0.2015
0.2365
0.1735
0.214785
0.264236
0.260739
0.196304
0.238
0.2305
0.238523
0.274
0.2145
0.2385
0.235411
0.252
0.258871
0.234765
0.246
0.207
0.240639
0.1955
0.2395
0.212
0.2645
0.190809
0.2165
0.247129
0.24026
0.228886
0.247505
0.2295
