0.1135
0.0169915
0.1485
0.155345
0.0044955
0.0254873
0.143285
0.0505
0.1325
0.1445
0.04995
0.0115
0.111389
0.142429
0.0929071
0.142358
0.164
0.107
0.0899101
0.080798
0.0194903
0.142
0.1665
0.12
0.121817
0.1235
0.0314214
0.125937
0.138362
0.0904548
0.131
0.0969515
0.0464768
0.109
0.137363
0.155
0.1155
0.114443
0.085
0.1415
0.132867
0.102449
0.135
0.151273
0.171742
0.0734633
0.191
0.0049975
0.0154613
0.111944
0.148851
0.123938
0.183408
0.01998
0.139
0.149626
0.12094
0.0085
0.149701
0.123377
0.1145
0.161419
0.1095
0.145854
0.014
0.0185
0.210395
0.00249626
0.0144928
0.151924
0.12525
0.125437
0.170415
0.130435
0.103397
0.0209581
0.1055
0.124938
0.0734633
0.10095
0.1415
0.204898
0.0109945
0.165917
0.0929071
0.065
0.1475
0.103397
0.087
0.18
0.142
0.1235
0.0884558
0.161838
0.0853719
0.128
0.0879121
0.0829585
0.067966
0.173
0.021
0.083958
0.1045
0.1015
0.0125
0.0365
0.143428
0.17973
0.163754
0.129
0.153923
0.0669665
0.117
0.114943
0.0745
0.1455
0.188906
0.04
0.117882
0.148926
0.00698952
0.16092
0.091954
0.0089955
0.0215
0.0355
0.0215
0.171742
0.128807
0.0204898
0.17991
0.026
0.125937
0.0884558
0.0878682
0.110889
0.114828
0.0818363
0.0755
0.0948577
0.0904548
0.114828
0.138362
0.149626
0.147279
0.171742
0.167249
0.0833749
0.135
0.161419
0.13037
0.00549176
0.102897
0.14
0.016
0.13037
0.0235
0.166917
0.1415
0.076
0.128308
0.061
0.1265
0.015976
0.0615
0.191
0.131303
0.0095
0.0355
0.153
0.126937
0.0274588
0.135365
0.125437
0.108392
0.0963074
0.1495
0.13943
0.103
0.0085
0.129935
0.128244
0.154923
0.1375
0.105342
0.108392
0.0134933
0.123814
0.0284858
0.0255
0.144356
0.103397
0.1215
0.0845
0.158421
0.195804
0.171742
0.009
0.1425
0.1445
0.168416
0.0789605
0.0845
0.113443
0.12
0.1265
0.0235
0.117441
0.15327
0.147926
0.1185
0.114
0.1025
0.141
0.125937
0.1315
0.1505
0.136863
0.101898
0.162837
0.0995
0.114943
0.14043
0.143
0.023
0.067966
0.204898
0.1825
0.107393
0.113
0.0125
0.136795
0.170415
0.166917
0.121878
0.107
0.120879
0.007
0.0364818
0.0114943
0.011982
0.157921
0.01997
0.123
0.155922
0.0369815
0.116942
0.051
0.0125
0.0529735
0.009995
0.131868
0.159601
0.009995
0.0334665
0.123938
0.1475
0.115442
0.105447
0.101949
0.116326
0.0789605
0.113
0.0624688
0.134232
0.021
0.121
0.0259611
0.141359
0.075962
0.010989
0.1335
0.145781
0.045977
0.031
0.161
0.0095
0.107
0.015984
0.127745
0.0105
0.00748877
0.124
0.085
0.0179551
0.113
0.125937
0.0788817
0.0494753
0.177323
0.112887
0.145427
0.024
0.136228
0.142
0.1385
0.011982
0.0844578
0.0745
0.00349476
0.0235
0.169415
0.124938
0.0555
0.123
0.1275
0.1395
0.116384
0.0254873
0.106
0.081959
0.0794603
0.0524476
0.0205
0.006
0.134933
0.121817
0.148926
0.113
0.0505
0.0669665
0.126
0.0169576
0.1385
0.1185
0.156422
0.133933
0.010989
0.0704296
0.103448
0.153846
0.0974513
0.137
0.1045
0.124314
0.103397
0.1395
0.18032
0.0895
0.118941
0.113443
0.13
0.119381
0.01
0.0265
0.128308
0.149925
0.1465
0.125937
0.017982
0.008
0.0754623
0.142
0.0434348
0.128936
0.164
0.162919
0.0745
0.192904
0.07996
0.105894
0.165
0.166917
0.153423
0.210395
0.1475
0.079
0.191
0.12044
0.129242
0.0089955
0.145781
0.124
0.1615
0.00449775
0.104448
0.156
0.02
0.114943
0.0885
0.023988
0.0145
0.102897
0.131868
0.004
0.148851
0.0875
0.0215
0.0909545
0.14521
0.157264
0.139
0.1145
0.18041
0.0549725
0.032
0.006
0.104448
0.162
0.14043
0.0215
0.0709291
0.123377
0.106
0.0129935
0.135864
0.100349
0.0115
0.12
0.0484274
0.0164835
0.00749625
0.13979
0.0409795
0.017
0.122877
0.0915
0.138431
0.143357
0.0905
0.121257
0.121878
0.1035
0.00649026
0.1275
0.101
0.1255
0.0144928
0.139
0.026
0.1335
0.0964036
0.087
0.123876
0.162675
0.150425
0.085957
0.1625
0.153
0.136
0.0174913
0.0749625
0.1025
0.130869
0.123315
0.138931
0.126
0.171914
0.112332
0.00449775
0.10095
0.0669665
0.104448
0.124938
0.01
0.12
0.0349825
0.088
0.12094
0.137431
0.149276
0.198
0.160839
0.118382
0.135365
0.0114943
0.142287
0.0204898
0.143428
0.116
0.0963074
0.026973
0.133933
0.144
0.12032
0.0843734
0.106
0.141929
0.131434
0.12
0.125811
0.117
0.0944528
0.11
0.0364818
0.1295
0.114386
0.0114943
0.1335
0.164418
0.0658354
0.015992
0.135
0.131868
0.183408
0.118881
0.0144928
0.115942
0.016983
0.0254873
0.127
0.135297
0.161178
0.103
0.0544184
0.057971
0.159601
0.1185
0.1415
0.1145
0.0074813
0.00948577
0.0833749
0.143
0.045977
0.152
0.00949051
0.129435
0.00798403
0.021
0.1145
0.128308
0.13523
0.027
0.178911
0.13993
0.167416
0.128
0.141429
0.0794603
0.153347
0.031
0.0855
0.118441
0.00349476
0.161757
0.0963555
0.0829585
0.114386
0.1
0.114386
0.157343
0.1265
0.02
0.133933
0.03
0.0214678
0.018
0.129371
0.129242
0.0184631
0.130869
0.0125
0.1185
0.0684658
0.107393
0.122378
0.182
0.0464304
0.0859141
0.191
0.08
0.136432
0.101898
0.105342
0.0089955
0.0709291
0.143357
0.0134798
0.139
0.1505
0.0604396
0.136432
0.111
0.1775
0.0109945
0.145927
0.012
0.157421
0.091954
0.105289
0.150925
0.112
0.00549451
0.091954
0.0129935
0.135432
0.12044
0.0209685
0.129
0.138
0.152
0.133
0.0105
0.110834
0.111
0.0675
0.142857
0.146
0.0954046
0.117882
0.1465
0.124314
0.0949051
0.157921
0.04
0.0385
0.03
0.0089955
0.148703
0.1215
0.0748877
0.130869
0.1245
0.129935
0.156687
0.0164835
0.14036
0.1185
0.0179462
0.055
0.1265
0.1315
0.0604698
0.103397
0.0209685
0.0104843
0.0319521
0.16092
0.0409795
0.161
0.139
0.0105
0.019
0.0889111
0.142216
0.163754
0.027
0.0794603
0.024
0.0149925
0.104396
0.110889
0.146927
0.106947
0.12094
0.103
0.162338
0.0709291
0.114443
0.16092
0.01
0.0174825
0.143
0.00948577
0.1115
0.182
0.081959
0.176412
0.108392
0.0445
0.1175
0.14521
0.0938124
0.015992
0.1605
0.144
0.1615
0.00798403
0.167249
0.095
0.128936
0.0995
0.116883
0.1655
0.1505
0.0184908
0.00599401
0.157264
0.0984508
0.13037
0.141
0.0365
0.114443
0.12094
0.13037
0.11
0.01
0.1465
0.106
0.1095
0.125937
0.1785
0.144855
0.109835
0.0484274
0.089
0.0704648
0.122
0.123629
0.0864136
0.1395
0.0085
0.140789
0.1185
0.116942
0.010989
0.101
0.1675
0.085
0.162919
0.079
0.142857
0.0144783
0.018981
0.007
0.0745
0.00949525
0.151424
0.173
0.0814186
0.127
0.102897
0.126937
0.0085
0.123315
0.136863
0.133
0.121817
0.152424
0.1325
0.0489755
0.0179462
0.112444
0.065
0.0885
0.12525
0.161838
0.106447
0.0105
0.1255
0.141359
0.121817
0.101898
0.00949525
0.0705
0.144
0.157921
0.0414172
0.0983034
0.1785
0.111
0.1625
0.101449
0.113443
0.0285
0.0754246
0.121939
0.051
0.011
0.010989
0.155345
0.0264735
0.183408
0.0135
0.128
0.1165
0.1325
0.1295
0.101
0.148926
0.019
0.154845
0.1335
0.0759241
0.0115
0.02
0.0683974
0.0985
0.145781
0.0164671
0.122378
0.019
0.1785
0.177
0.013993
0.150925
0.167416
0.0709645
0.148703
0.116942
0.0205
0.0829585
0.1075
0.0225
0.0285
0.130804
0.10095
0.136932
0.0539461
0.152424
0.0629056
0.007
0.014
0.146
0.1435
0.13
0.0334833
0.136
0.121756
0.157421
0.013
0.017
0.0864136
0.0749625
0.1275
0.126
0.095
0.00999001
0.010989
0.135432
0.120879
0.184408
0.0035
0.023
0.156922
0.143
0.149425
0.0154691
0.1225
0.0464304
0.027
0.144783
0.131934
0.106947
0.1355
0.0683974
0.131
0.122378
0.067966
0.1415
0.107
0.1005
0.0194903
0.129435
0.0214893
0.0129935
0.0784608
0.143
0.1595
0.0134798
0.025
0.159
0.101
0.101449
0.0089955
0.121939
0.0755
0.103948
0.141077
0.1245
0.129
0.1105
0.181
0.171828
0.112887
0.154269
0.0699301
0.0144928
0.137
0.131
0.0164753
0.0963555
0.1725
0.102449
0.018981
0.1245
0.102743
0.1355
0.1415
0.11982
0.107
0.0884116
0.1045
0.120879
0.093
0.015
0.00949525
0.134
0.121197
0.01
0.1625
0.0954046
0.0879121
0.00798403
0.117
0.009995
0.0524738
0.127
0.0329341
0.13
0.0788817
0.0164753
0.110945
0.14043
0.0885
0.074
0.0075
0.0849575
0.124314
0.0355
0.103345
0.168416
0.0105
0.150849
0.153
0.13
0.0535
0.112887
0.131303
0.129242
0.142
0.0275
0.123315
0.192
0.162919
0.098
0.132
0.0145
0.140789
0.1405
0.137431
0.00698952
0.178911
0.023988
0.102449
0.109
0.122
0.129
0.0724276
0.1285
0.17
0.008
0.127936
0.108946
0.107
0.027
0.114943
0.077
0.1185
0.112887
0.095
0.13993
0.178322
0.116384
0.114443
0.0675
0.0969031
0.137931
0.127936
0.109336
0.01998
0.143
0.114
0.107892
0.113387
0.1325
0.123876
0.144
0.162
0.088
0.129242
0.1795
0.0915
0.129435
0.123876
0.173
0.1045
0.150849
0.0975
0.089
0.163918
0.0874563
0.006
0.128
0.0789605
0.088
0.103293
0.13979
0.151848
0.1675
0.122
0.1145
0.1495
0.14022
0.128871
0.0104738
0.0909091
0.170915
0.1495
0.018981
0.01999
0.012987
0.0978532
0.126873
0.18
0.148851
0.0845
0.1415
0.143285
0.0095
0.1225
0.164418
0.0195
0.182
0.015
0.0969515
0.0109945
0.153923
0.0885
0.134933
0.1305
0.113
0.123876
0.1115
0.1655
0.1275
0.121197
0.0205
0.0135
0.1185
0.0849575
0.0135
0.0919081
0.061
0.109835
0.168416
0.116326
0.0748877
0.125375
0.0104843
0.0963074
0.0105
0.011994
0.1445
0.165917
0.106893
0.164
0.081959
0.138861
0.0774226
0.1125
0.1445
0.0995
0.0209581
0.160839
0.142429
0.191808
0.0154613
0.104396
0.056
0.11982
0.0994006
0.159
0.148777
0.1675
0.0744628
0.10095
0.147926
0.0179551
0.161
0.195804
0.109391
0.105342
0.114
0.130804
0.112887
0.0115
0.131
0.0285
0.086
0.0745
0.169915
0.128
0.156
0.136863
0.0995
0.117823
0.150849
0.009995
0.12044
0.134933
0.173739
0.127808
0.146
0.122877
0.125312
0.1145
0.146853
0.100349
0.0745
0.142358
0.054
0.103397
0.0929071
0.141359
0.183908
0.011982
0.12038
0.138861
0.122
0.0994503
0.018981
0.146
0.1505
0.145854
0.014985
0.146853
0.112
0.0245
0.147852
0.1255
0.0514229
0.0885
0.1245
0.128807
0.1555
0.0854573
0.0179462
0.0345
0.08
0.138431
0.1675
0.0105
0.0925
0.154923
0.139
0.1145
0.1135
0.166917
0.111
0.134433
0.0174825
0.1475
0.107784
0.1145
0.125937
0.129935
0.11988
0.12094
0.152
0.036
0.1575
0.16092
0.0309845
0.142929
0.00749625
0.0969515
0.142929
0.017991
0.146
0.010978
0.017
0.166917
0.14985
0.146853
0.15
0.0109945
0.192904
0.109391
0.147926
0.02
0.123629
0.0369261
0.081959
0.164
0.054
0.192904
0.0365
0.128
0.1385
0.1215
0.0214678
0.1055
0.15327
0.147926
0.153923
0.011
0.108946
0.157343
0.0748877
0.0909545
0.12044
0.0915
0.0843734
0.0664668
0.007
0.0164918
0.039
0.013993
0.0778443
0.148703
0.149
0.0205
0.145427
0.15
0.101898
0.004995
0.1695
0.076
0.0804598
0.075
0.129435
0.1485
0.116326
0.1195
0.161
0.123377
0.0255
0.0075
0.1825
0.0904548
0.0344828
0.0829585
0.1535
0.12094
0.167416
0.126437
0.0824588
0.0104843
0.166
0.155
0.135932
0.0095
0.0335
0.162
0.099
0.010989
0.164418
0.0204898
0.184908
0.0164918
0.128
0.00698952
0.054
0.14043
0.128
0.0129935
0.013993
0.0109945
0.0169576
0.148426
0.0604698
0.011
0.0824588
0.1285
0.0164753
0.1245
0.1005
0.1325
0.1345
0.1415
0.0209685
0.0709291
0.1505
0.0185
0.015992
0.150925
0.12094
0.0135
0.0754246
0.12094
0.103345
0.143428
0.128308
0.1125
0.1
0.0394803
0.0205
0.114943
0.102794
0.1075
0.146
0.01998
0.18023
0.1015
0.107393
0.0994503
0.14521
0.131238
0.016
0.1495
0.173
0.1365
0.0845
0.1295
0.1335
0.015992
0.131868
0.009
0.015
0.16092
0.142216
0.0554446
0.138931
0.0969515
0.166917
0.1265
0.0784608
0.1135
0.133
0.1395
0.0165
0.101449
0.181
0.162919
0.167249
0.033983
0.0905
0.0964036
0.160759
0.111167
0.1325
0.0644034
0.0885
0.0114943
0.007
0.0475
0.142786
0.139
0.153423
0.0225
0.1333
0.134933
0.0229885
0.1325
0.0125
0.150425
0.0449326
0.154923
0.157921
0.0125
0.0814186
0.0369261
0.0745
0.0995
0.154423
0.1335
0.0425
0.158683
0.0814593
0.034965
0.137363
0.126937
0.118382
0.155422
0.143928
0.013
0.184815
0.148703
0.137363
0.0975
0.103345
0.16002
0.113443
0.067966
0.0085
0.0365
0.153769
0.1375
0.120879
0.0754623
0.011994
0.166917
0.011
0.1685
0.116
0.0154691
0.00749251
0.1235
0.0365
0.161
0.102449
0.158841
0.128308
0.0125
0.1505
0.0194903
0.1335
0.148
0.0335
0.0669665
0.143428
0.150925
0.0778443
0.0035
0.112332
0.011
0.0334833
0.011994
0.0494753
0.137294
0.0835
0.1055
0.00949525
0.153423
0.0549451
0.0434348
0.0189905
0.147852
0.099
0.131369
0.116825
0.125312
0.0109945
0.126185
0.142857
0.125937
0.1755
0.05
0.142287
0.097
0.024
0.137
0.00849575
0.121756
0.112887
0.164418
0.046
0.136228
0.0209581
0.136795
0.128436
0.006
0.110834
0.0104843
0.156344
0.136863
0.063968
0.145854
0.0995
0.134731
0.146927
0.0888667
0.129
0.125437
0.112332
0.0884558
0.0709291
0.0985
0.169915
0.0918622
0.157921
0.106947
0.0365
0.100349
0.128
0.107
0.151924
0.191404
0.113387
0.045
0.12681
0.029
0.0803794
0.031968
0.129
0.0915
0.0049975
0.135365
0.1455
0.153846
0.0928607
0.073
0.104843
0.121878
0.133
0.105395
0.009
0.152
0.114386
0.0788817
0.0115
0.126873
0.173413
0.017
0.110334
0.18032
0.140789
0.1465
0.1215
0.0109945
0.1575
0.004995
0.1295
0.14
0.0445
0.01
0.0129935
0.128
0.1555
0.147926
0.1215
0.0899101
0.170915
0.128308
0.093
0.170659
0.0983034
0.0154613
0.1055
0.0685
0.147926
0.0129741
0.16092
0.045
0.1195
0.1615
0.113
0.101
0.124813
0.144855
0.027
0.1145
0.122378
0.013993
0.0745
0.0995
0.1185
0.127436
0.129435
0.162419
0.170415
0.148851
0.00699301
0.1475
0.0104843
0.128936
0.130435
0.018
0.0959041
0.162919
0.123876
0.055
0.03
0.0234414
0.1495
0.168747
0.0135
0.15327
0.156266
0.191808
0.147926
0.103397
0.123438
0.136
0.104
0.1505
0.186907
0.143928
0.173739
0.114943
0.136
0.0734633
0.0685
0.153923
0.121439
0.14093
0.0129935
0.00599401
0.143285
0.0154923
0.0154845
0.130869
0.069
0.124938
0.150925
0.1165
0.0144928
0.0669665
0.115442
0.130869
0.112444
0.109
0.147426
0.130869
0.150849
0.173913
0.121878
0.104448
0.147926
0.0734633
0.1145
0.14678
0.013993
0.0164918
0.0929535
0.0409795
0.11982
0.0335
0.123938
0.163092
0.122
0.159261
0.0685
0.18032
0.13037
0.103448
0.1335
0.0189715
0.129
0.118441
0.136432
0.0453639
0.0235
0.110834
0.0744628
0.013993
0.150925
0.161
0.109
0.051
0.0165
0.101
0.136
0.1125
0.043978
0.0475
0.128
0.110445
0.0145
0.131802
0.0104738
0.129935
0.134299
0.1635
0.010989
0.00748877
0.080798
0.0974513
0.131
0.0095
0.137931
0.0344828
0.156266
0.102794
0.0899101
0.1435
0.129
0.0748877
0.111
0.138861
0.11982
0.0949051
0.1425
0.0895
0.121756
0.178911
0.1145
0.00549725
0.0735
0.150925
0.0085
0.088
0.162
0.152
0.0485
0.106947
0.01
0.1275
0.112944
0.102897
0.1475
0.0978532
0.0895
0.184815
0.009
0.114943
0.106947
0.007
0.043978
0.017
0.0185
0.015992
0.1125
0.125937
0.162837
0.009995
0.0685
0.146427
0.165
0.011982
0.131802
0.130869
0.147778
0.117823
0.0224775
0.1415
0.1295
0.0145
0.0175
0.145427
0.0784608
0.0908184
0.010989
0.0129935
0.144
0.11994
0.027
0.051974
0.149626
0.086
0.1485
0.065
0.13
0.0453639
0.0255
0.124376
0.142786
0.151848
0.147426
0.137
0.024
0.103293
0.0918164
0.136727
0.158841
0.088
0.043
0.00749625
0.0164753
0.108946
0.0195
0.153769
0.0895
0.1295
0.0685
0.151273
0.011
0.0209581
0.0144928
0.153347
0.147426
0.0319521
0.168916
0.0539461
0.135932
0.145427
0.0109945
0.0852868
0.13037
0.1495
0.0595
0.0185
0.069
0.143357
0.13993
0.172
0.1325
0.169415
0.0689655
0.112444
0.1505
0.149775
0.0204898
0.0588822
0.00948577
0.112332
0.1675
0.1315
0.0049975
0.054
0.131369
0.1785
0.0664668
0.0105
0.0339321
0.0344828
0.1755
0.0344828
0.1285
0.00949051
0.0134933
0.192904
0.0164918
0.114943
0.122378
0.1345
0.1145
0.0669665
0.0109945
0.105894
0.157421
0.0194903
0.1635
0.0329341
0.0879121
0.103397
0.191808
0.122877
0.130869
0.137931
0.097
0.0929071
0.130435
0.0725
0.166917
0.01997
0.0114885
0.1485
0.151924
0.123938
0.0354645
0.0624688
0.020979
0.105
0.12032
0.1425
0.0085
0.156344
0.1535
0.171828
0.0265
0.136863
0.119381
0.031968
0.0678982
0.104448
0.102346
0.155
0.0254873
0.1035
0.109
0.031968
0.123876
0.049
0.022977
0.134299
0.1305
0.103397
0.091954
0.124938
0.007996
0.125937
0.113443
0.0754623
0.0803794
0.1775
0.017
0.111167
0.122378
0.136
0.13979
0.012
0.1125
0.134731
0.0978532
0.0754246
0.128936
0.140859
0.144
0.157343
0.131238
0.01
0.12044
0.102743
0.112444
0.0985
0.0129935
0.1825
0.021967
0.0818363
0.142929
0.0704648
0.103293
0.111389
0.0354645
0.1725
0.0194903
0.095
0.166334
0.0144928
0.1005
0.109
0.164
0.126937
0.1575
0.1215
0.1665
0.0788817
0.0595
0.1785
0.1435
0.145
0.1155
0.149775
0.158
0.017
0.0745
0.161
0.147926
0.0845
0.1555
0.191808
0.0365
0.0365
0.0144928
0.1275
0.008
0.166417
0.0944528
0.0995
0.07996
0.14
0.105
0.0425
0.0843734
0.116883
0.120879
0.011982
0.0925
0.132
0.0284858
0.143285
0.130804
0.0105
0.1275
0.104
0.0894106
0.153923
0.156922
0.14985
0.0874563
0.110279
0.153423
0.118441
0.128936
0.136932
0.0085
0.132
0.160759
0.110834
0.128
0.148352
0.017
0.143428
0.113443
0.0119701
0.0184631
0.164
0.112887
0.0184631
0.028971
0.1155
0.00799201
0.01
0.145781
0.114
0.1095
0.0164835
0.083958
0.0355
0.0124813
0.0209685
0.1395
0.130935
0.127
0.10045
0.1395
0.0124938
0.142429
0.109
0.0995
0.0854573
0.1155
0.103
0.126873
0.150925
0.15
0.0114828
0.1625
0.0624688
0.1333
0.161178
0.133
0.13993
0.101898
0.148
0.00949051
0.126437
0.0085
0.0645
0.087
0.110334
0.0663673
0.166917
0.136432
0.139
0.118
0.111
