0.269596
0.239641
0.218891
0.171414
0.242
0.248
0.2345
0.1975
0.2525
0.307846
0.1915
0.28
0.215892
0.2025
0.221
0.21967
0.178
0.280719
0.0055
0.24
0.218391
0.269
0.242258
0.246877
0.225
0.24038
0.251374
0.188406
0.229885
0.1975
0.201
0.1575
0.2005
0.182726
0.2325
0.196705
0.242137
0.225387
0.206397
0.2335
0.191808
0.262107
0.216
0.218391
0.237881
0.198
0.206294
0.183408
0.211394
0.228771
0.19321
0.16
0.237263
0.2065
0.2435
0.248128
0.2485
0.212394
0.222
0.26024
0.241879
0.2275
0.193403
0.200699
0.229
0.182136
0.2345
0.204296
0.248
0.203898
0.209186
0.2315
0.2875
0.215177
0.0089955
0.206
0.244134
0.216
0.1635
0.271728
0.188
0.234383
0.2135
0.209581
0.227
0.249875
0.215
0.190405
0.227159
0.2235
0.203094
0.244256
0.188
0.2305
0.210395
0.00999001
0.23365
0.227159
0.1805
0.194
0.210395
0.192711
0.229271
0.184408
0.222
0.243135
0.267332
0.217891
0.2345
0.187313
0.201899
0.237881
0.250749
0.23976
0.182726
0.237263
0.2225
0.192807
0.247505
0.230385
0.224388
0.187406
0.183225
0.2325
0.1785
0.2635
0.255372
0.233
0.168
0.2205
0.2755
0.22977
0.257243
0.2195
0.229271
0.234
0.004995
0.210395
0.241379
0.244
0.225
0.0055
0.228386
0.009
0.148
0.245377
0.023976
0.228386
0.194306
0.249
0.1855
0.281859
0.211394
0.219
0.308691
0.181818
0.204194
0.2395
0.164835
0.167416
0.202
0.216892
0.233
0.23988
0.250875
0.244012
0.233383
0.217891
0.210789
0.228386
0.2415
0.2345
0.200799
0.255
0.236382
0.1685
0.253
0.004
0.1725
0.188
0.215392
0.170415
0.194611
0.243257
0.209186
0.209395
0.222
0.184
0.023976
0.2425
0.228771
0.2605
0.241879
0.225774
0.168916
0.186627
0.199301
0.2035
0.241379
0.247
0.228315
0.201399
0.207896
0.216176
0.207896
0.228
0.237
0.18041
0.223
0.248128
0.225774
0.143428
0.2565
0.181818
0.232767
0.207189
0.224388
0.226274
0.255117
0.239022
0.231537
0.233
0.224164
0.252747
0.2285
0.250749
0.241517
0.212894
0.241379
0.1645
0.207896
0.2625
0.2415
0.2755
0.214893
0.250875
0.22028
0.1855
0.1965
0.281219
0.022977
0.194
0.2025
0.2675
0.203796
0.224
0.228771
0.195402
0.235382
0.192615
0.246
0.225387
0.248
0.1915
0.2345
0.2605
0.204795
0.204194
0.215285
0.237881
0.209395
0.261369
0.206
0.253873
0.128
0.1745
0.258
0.233
0.1975
0.220779
0.207896
0.232767
0.222278
0.023976
0.225387
0.217891
0.2455
0.146427
0.0095
0.2005
0.228158
0.224388
0.184316
0.257742
0.252374
0.259
0.1905
0.212394
0.00549725
0.2115
0.253
0.194209
0.233
0.200799
0.2345
0.206294
0.249875
0.236882
0.197
0.20669
0.23
0.247253
0.209581
0.234266
0.22
0.288423
0.254373
0.252994
0.245255
0.2595
0.236882
0.2085
0.244378
0.199
0.2215
0.26037
0.0145
0.2055
0.2165
0.249875
0.2285
0.254373
0.235382
0.2215
0.221279
0.2085
0.243756
0.215
0.232152
0.212394
0.237026
0.257742
0.219
0.207293
0.2345
0.0145
0.257371
0.2185
0.0144711
0.228272
0.278
0.266367
0.206294
0.244
0.195
0.225387
0.218
0.2325
0.222389
0.0174825
0.21989
0.185536
0.2465
0.2225
0.207
0.23
0.238262
0.1285
0.196803
0.259
0.2605
0.236
0.258
0.26087
0.00549725
0.2685
0.188
0.186907
0.1605
0.291354
0.188406
0.2335
0.263105
0.259
0.250125
0.221
0.2515
0.256
0.2535
0.229385
0.163418
0.2425
0.235265
0.233383
0.205
0.233883
0.2295
0.181409
0.207293
0.23
0.258
0.1975
0.168916
0.214785
0.247376
0.194209
0.236382
0.246877
0.184
0.246008
0.1875
0.243878
0.213
0.205589
0.167
0.2505
0.222
0.216176
0.236264
0.226387
0.210895
0.2215
0.0085
0.127436
0.2175
0.2165
0.237881
0.234
0.1915
0.224775
0.197
0.1995
0.267332
0.203297
0.207189
0.237381
0.0145
0.238404
0.168916
0.206897
0.202899
0.23
0.282
0.214893
0.231884
0.2485
0.2335
0.193403
0.217283
0.2505
0.1995
0.238404
0.240759
0.228771
0.210185
0.226274
0.238381
0.288423
0.217782
0.236382
0.2845
0.255
0.21336
0.225887
0.275862
0.257855
0.237881
0.1685
0.224
0.235647
0.22666
0.236382
0.161838
0.230385
0.2395
0.211894
0.288
0.230155
0.223665
0.204194
0.221279
0.235382
0.20669
0.271728
0.228771
0.206397
0.182726
0.202298
0.238143
0.226887
0.234765
0.204898
0.225774
0.249875
0.2165
0.223888
0.177822
0.2425
0.191404
0.221889
0.228886
0.271364
0.224439
0.0035
0.184316
0.266867
0.267233
0.249
0.245132
0.214
0.184408
0.2485
0.1665
0.2595
0.308346
0.2115
0.271728
0.231384
0.166917
0.162919
0.203898
0.0114943
0.2705
0.246
0.224276
0.223888
0.205589
0.242879
0.0104948
0.2155
0.2305
0.254
0.236
0.00549725
0.222167
0.206397
0.23
0.1994
0.0145
0.0145
0.24014
0.214893
0.217891
0.1775
0.226887
0.2565
0.199301
0.203796
0.213
0.1615
0.206191
0.010989
0.143285
0.1905
0.250125
0.2155
0.234883
0.237881
0.254119
0.236882
0.183
0.21
0.26973
0.2425
0.214785
0.259
0.204898
0.230385
0.244878
0.207086
0.261239
0.202
0.1825
0.197703
0.213
0.1975
0.18041
0.216892
0.223665
0.208896
0.247876
0.256
0.1975
0.193806
0.2035
0.225387
0.256372
0.2565
0.229042
0.25987
0.193403
0.009
0.219281
0.249
0.223388
0.242
0.21
0.2535
0.184
0.2795
0.192
0.1735
0.233766
0.245
0.215392
0.231269
0.231384
0.273726
0.2075
0.2335
0.212288
0.2245
0.23503
0.2345
0.206
0.2215
0.2255
0.167
0.235
0.18041
0.22017
0.208687
0.255
0.222
0.219281
0.1665
0.245
0.21939
0.210185
0.2365
0.236645
0.23976
0.2455
0.205
0.264471
0.229156
0.242879
0.183408
0.18513
0.188
0.205295
0.215892
0.211682
0.1915
0.025974
0.208
0.209395
0.22039
0.224
0.192615
0.1985
0.187812
0.2065
0.21318
0.237263
0.229385
0.269365
0.2615
0.226887
0.232767
0.197204
0.2635
0.282
0.0075
0.220559
0.164835
0.233383
0.2275
0.232767
0.1994
0.196402
0.17982
0.24088
0.237644
0.223277
0.241379
0.250875
0.241638
0.173826
0.207396
0.245754
0.212894
0.168
0.257742
0.205589
0.241638
0.170744
0.17982
0.261108
0.207896
0.225887
0.2395
0.176912
0.221889
0.245132
0.217782
0.236
0.2
0.236264
0.198901
0.253373
0.1915
0.2455
0.249875
0.255372
0.262
0.264603
0.2015
0.251874
0.226387
0.233383
0.22039
0.206294
0.241379
0.234765
0.130935
0.234883
0.199301
0.232
0.221778
0.172
0.2595
0.235265
0.244
0.21967
0.162419
0.1915
0.279221
0.222389
0.1815
0.182136
0.241638
0.128
0.20669
0.254
0.2115
0.229271
0.22977
0.1825
0.201299
0.26037
0.0185
0.231153
0.256615
0.205397
0.234531
0.244378
0.231884
0.205794
0.194209
0.224
0.243257
0.249875
0.215392
0.2195
0.252374
0.218891
0.220559
0.2305
0.1955
0.221889
0.216284
0.2175
0.198901
0.223888
0.208
0.2235
0.288423
0.00499251
0.2175
0.262107
0.2215
0.254
0.244511
0.176412
0.235647
0.248503
0.233383
0.244878
0.2505
0.215892
0.194
0.19321
0.208
0.247253
0.271364
0.231
0.231269
0.22089
0.21
0.179321
0.24014
0.205
0.269
0.2285
0.2325
0.236882
0.211682
0.207896
0.0125
0.205897
0.222889
0.283
0.223888
0.237525
0.232
0.268866
0.21989
0.227886
0.196
0.2405
0.241638
0.281859
0.00648379
0.215285
0.204
0.010989
0.254246
0.2155
0.201899
0.2115
0.00899101
0.215
0.212394
0.2155
0.217782
0.238143
0.231384
0.219
0.233766
0.2305
0.2025
0.245132
0.2555
0.2335
0.1805
0.202899
0.204
0.228272
0.2125
0.2575
0.263105
0.2265
0.2385
0.212
0.22028
0.264603
0.268866
0.222889
0.2075
0.270365
0.184
0.234883
0.236028
0.208
0.022977
0.197303
0.2445
0.2535
0.275724
0.247752
0.213
0.241638
0.194209
0.237
0.199301
0.22977
0.199301
0.247
0.242
0.271864
0.2605
0.264735
0.1975
0.226161
0.0145
0.2345
0.2415
0.198901
0.0075
0.227
0.216892
0.210395
0.199301
0.22039
0.0124938
0.213893
0.238881
0.247505
0.201399
0.185536
0.26037
0.205192
0.262475
0.217782
0.2025
0.1905
0.222889
0.205897
0.21967
0.238262
0.242879
0.213893
0.2015
0.234
0.241758
0.23
0.202298
0.174
0.175
0.224276
0.2135
0.2485
0.289211
0.2125
0.248128
0.23
0.250875
0.2335
0.247752
0.212288
0.258371
0.184408
0.146427
0.2345
0.218
0.259
0.195402
0.203898
0.259
0.245754
0.210789
0.230385
0.2095
0.235265
0.201798
0.214
0.1825
0.214393
0.231269
0.183816
0.239141
0.267
0.22028
0.211289
0.2395
0.0114943
0.273726
0.00848727
0.19
0.2255
0.233
0.222389
0.00749625
0.1965
0.222
0.2375
0.0075
0.133933
0.2235
0.0025
0.155
0.226
0.22505
0.2145
0.2095
0.0125
0.168916
0.251374
0.2305
0.2275
0.23
0.1855
0.222
0.205
0.230385
0.183225
0.1905
0.23
0.247
0.1525
0.212394
0.2175
0.241758
0.248128
0.204
0.2335
0.237
0.253992
0.24
0.212288
0.193806
0.228886
0.00998502
0.194209
0.213
0.206
0.26024
0.211394
0.2595
0.1905
0.262869
0.23027
0.190809
0.248
0.245754
0.229885
0.1825
0.237881
0.2075
