0.229885
0.227886
0.276862
0.242379
0.2425
0.2375
0.223388
0.232036
0.277722
0.278861
0.299201
0.2835
0.2925
0.2375
0.287356
0.2535
0.308
0.266367
0.248751
0.2585
0.276447
0.289355
0.25987
0.21
0.271364
0.2295
0.2625
0.284
0.267233
0.279221
0.244378
0.182909
0.244378
0.253
0.267465
0.249375
0.261869
0.2585
0.272
0.285857
0.241758
0.2685
0.278861
0.274863
0.2885
0.292854
0.227659
0.271229
0.257371
0.2555
0.254246
0.285
0.241
0.248
0.275
0.311533
0.0144855
0.285072
0.246
0.270365
0.267366
0.256743
0.285714
0.28
0.272364
0.277722
0.274363
0.256244
0.233883
0.23365
0.26783
0.265
0.292
0.24663
0.241379
0.25
0.230654
0.262238
0.2655
0.00749625
0.279
0.272364
0.217066
0.275587
0.25362
0.258
0.278443
0.264868
0.266367
0.255117
0.315027
0.238381
0.243635
0.278721
0.282576
0.27023
0.291417
0.285
0.307846
0.265
0.2785
0.307692
0.293
0.2035
0.3002
0.262238
0.27359
0.2715
0.256615
0.2305
0.209
0.00399401
0.233383
0.252
0.282859
0.008
0.293207
0.2695
0.243756
0.2155
0.285072
0.0144855
0.23365
0.252994
0.250749
0.251374
0.283075
0.218282
0.2375
0.255
0.261
0.25937
0.274226
0.267
0.215
0.2565
0.2865
0.234
0.281359
0.257
0.276946
0.00399401
0.222389
0.3025
0.238
0.27936
0.2795
0.29356
0.2975
0.227545
0.268866
0.274
0.289421
0.258371
0.2035
0.258871
0.2795
0.217066
0.237381
0.287856
0.0075
0.217283
0.254373
0.250749
0.26
0.332334
0.274363
0.254873
0.26011
0.268866
0.276
0.2195
0.205
0.230769
0.2405
0.269
0.274863
0.294353
0.2625
0.223388
0.2835
0.254
0.2675
0.306693
0.289
0.2635
0.2515
0.257742
0.26973
0.276585
0.3085
0.288
0.269231
0.2575
0.252868
0.278
0.254246
0.292354
0.211894
0.273227
0.272364
0.276
0.245754
0.282859
0.283358
0.2855
0.2885
0.281
0.2595
0.23938
0.2635
0.2595
0.257
0.31
0.264368
0.276362
0.2835
0.278443
0.233883
0.0129805
0.262
0.242636
0.256
0.255872
0.297851
0.268366
0.252374
0.252
0.26
0.296204
0.264
0.2835
0.2945
0.286857
0.308
0.249501
0.244378
0.23315
0.282
0.2035
0.285357
0.244878
0.3002
0.256615
0.24088
0.216
0.2045
0.255872
0.264868
0.223553
0.271364
0.255872
0.248
0.259241
0.26024
0.268597
0.265
0.3015
0.266867
0.258371
0.265367
0.293353
0.288212
0.28
0.223388
0.261
0.245377
0.242
0.253873
0.0045
0.224
0.2155
0.252
0.232
0.271093
0.250875
0.245132
0.2815
0.262238
0.247752
0.208188
0.2695
0.216
0.256372
0.1885
0.270729
0.238
0.271956
0.1915
0.2865
0.27
0.274
0.277861
0.243513
0.242879
0.26087
0.211894
0.2135
0.258113
0.253746
0.234765
0.2495
0.3025
0.2645
0.2415
0.24038
0.2185
0.00399401
0.254
0.262238
0.3075
0.23365
0.268597
0.23988
0.250875
0.291563
0.268866
0.217283
0.26024
0.00349476
0.246131
0.2835
0.284
0.267366
0.249251
0.232
0.2475
0.219
0.278083
0.00349476
0.274725
0.283
0.269865
0.217782
0.277223
0.263868
0.264236
0.208791
0.261108
0.245754
0.2635
0.26024
0.263868
0.24663
0.2575
0.262
0.283075
0.1998
0.270365
0.265734
0.281359
0.235
0.2925
0.290065
0.262974
0.283575
0.262737
0.217891
0.278443
0.267599
0.00549725
0.2365
0.2545
0.287
0.252874
0.287856
0.281078
0.251
0.294059
0.261
0.26037
0.2215
0.258371
0.2885
0.257
0.2895
0.225
0.275862
0.28008
0.311533
0.262238
0.265734
0.3005
0.275862
0.291854
0.315
0.2725
0.278443
0.21939
0.266367
0.256743
0.262238
0.2915
0.241
0.012
0.277
0.212894
0.204
0.218891
0.303
0.269865
0.305
0.272864
0.2795
0.254
0.252
0.2155
0.2495
0.27023
0.258741
0.2835
0.3185
0.28086
0.2475
0.250998
0.2795
0.209
0.209
0.307884
0.264368
0.283358
0.270865
0.285
0.252868
0.27
0.279221
0.182909
0.246507
0.272591
0.24663
0.269
0.291
0.2805
0.2715
0.262369
0.2265
0.28
0.2715
0.2135
0.266966
0.264368
0.272727
0.263
0.267233
0.243257
0.264368
0.276086
0.271728
0.268866
0.230385
0.00399401
0.244755
0.240639
0.295
0.262
0.246254
0.294705
0.265
0.0045
0.262737
0.00549725
0.257371
0.3185
0.252
0.26087
0.210895
0.249251
0.290709
0.271864
0.261369
0.269865
0.25362
0.2575
0.273363
0.252248
0.2685
0.2345
0.278861
0.246377
0.247876
0.2475
0.261
0.303
0.276
0.284358
0.295
0.265835
0.2725
0.224388
0.0129805
0.248876
0.238381
0.258871
0.21978
0.278222
0.268597
0.288856
0.267
0.25987
0.31
0.282859
0.253
0.236
0.2595
0.2915
0.278222
0.207
0.24
0.261738
0.266867
0.25312
0.263
0.302546
0.22089
0.263
0.24663
0.28008
0.281219
0.319
0.208
0.255744
0.246
0.27
0.302198
0.238761
0.272
0.28971
0.249126
0.254
0.272727
0.2645
0.237762
0.216783
0.251249
0.2395
0.2635
0.248751
0.27
0.284
0.227886
0.249375
0.277084
0.247
0.2485
0.2435
0.274725
0.284358
0.263342
0.2515
0.268
0.249875
0.2805
0.293413
0.234
0.23988
0.248252
0.264368
0.2885
0.245
0.254873
0.29356
0.242636
0.254618
0.271229
0.270729
0.3005
0.3045
0.273363
0.204398
0.295852
0.278
0.263736
0.25987
0.260978
0.2625
0.247876
0.223165
0.256615
0.312344
0.282218
0.285714
0.245
0.2745
0.26973
0.25362
0.255744
0.235764
0.243756
0.272
0.268597
0.303
0.278
0.214893
0.235764
0.272
0.268866
0.218672
0.2725
0.265
0.2845
0.246507
0.263605
0.290419
0.26087
0.256
0.299551
0.3002
0.28
0.257371
0.275362
0.255245
0.283
0.2575
0.273227
0.2665
0.227659
0.255489
0.00798005
0.2225
0.232036
0.264368
0.282359
0.2875
0.2555
0.2555
0.24663
0.297
0.23976
0.279
0.2195
0.23988
0.208188
0.2895
0.255
0.293853
0.2695
0.00899101
0.287213
0.265
0.258871
0.246254
0.274725
0.242
0.00798005
0.273227
0.302349
0.276946
0.271864
0.272954
0.2235
0.253
0.272
0.235
0.301
0.2885
0.2445
0.315
0.274725
0.311844
0.248
0.265867
0.211894
0.245632
0.262606
0.283
0.282576
0.2065
0.2595
0.226274
0.2365
0.284216
0.2325
0.226
0.2795
0.291854
0.297851
0.22039
0.251748
0.2425
0.249126
0.2805
0.254246
0.272364
0.262369
0.243135
0.26
0.2355
0.2145
0.2555
0.253373
0.27023
0.2665
0.243
0.248876
0.277361
0.2555
0.307884
0.266367
0.242
0.284
0.3075
0.237762
0.23988
0.224276
0.3005
0.296555
0.2775
0.283858
0.223277
0.265
0.286
0.249251
0.231653
0.266
0.275587
0.2575
0.2855
0.312
0.298351
0.21
0.28086
0.211894
0.293
0.255872
0.2245
0.268866
0.26
0.295262
0.264
0.245754
0.2495
0.2595
0.276
0.246507
0.253873
0.290855
0.26973
0.204693
0.2875
0.210395
0.269
0.264735
0.306693
0.262107
0.308846
0.248
0.25987
0.233383
0.294353
0.25937
0.251249
0.28086
0.288068
0.296703
0.252122
0.273453
0.270365
0.2395
0.254618
0.286857
0.2645
0.276362
0.209
0.2485
0.0075
0.318841
0.2635
0.303696
0.273453
0.23365
0.258371
0.23027
0.269231
0.266733
0.2575
0.240759
0.262606
0.307346
0.296555
0.248
0.267866
0.2395
0.241638
0.298351
0.00749251
0.29356
0.234765
0.263
0.284
0.2595
0.281578
0.3015
0.222278
0.23988
0.238381
0.2385
0.261108
0.272
0.2565
0.270865
0.264868
0.250624
0.275
0.234883
0.279
0.256
0.244
0.2455
0.24038
0.273863
0.2595
0.285714
0.2745
0.250875
0.266733
0.245754
0.2915
0.2765
0.254373
0.256872
0.2405
0.271364
0.307884
0.273363
0.25937
0.265367
0.236382
0.217174
0.309
0.263736
0.252248
0.277361
0.2825
0.2035
0.270324
0.2595
0.251374
0.282576
0.240759
0.268866
0.277722
0.269865
0.249251
0.2575
0.261738
0.1998
0.2455
0.184815
0.258612
0.291854
0.2875
0.278861
0.23938
0.283858
0.274
0.25987
0.0129935
0.272591
0.263
0.272364
0.241879
0.24088
0.290355
0.2375
0.287924
0.3025
0.246507
0.245632
0.2895
0.266
0.24038
0.2425
0.24
0.277223
0.26
0.2485
0.223888
0.259111
0.218672
0.26087
0.218282
0.315027
0.0075
0.247876
0.275862
0.302894
0.2475
0.18023
0.27936
0.305
0.217174
0.223
0.2795
0.2645
0.287356
0.272
0.2615
0.258113
0.2595
0.278083
0.229885
0.249501
0.254
0.270594
0.23315
0.246
0.276585
0.223165
0.281718
0.2945
0.285
0.2805
0.282
0.259111
0.3055
0.268597
0.2885
0.204398
0.272364
0.255872
0.283575
0.253
0.21939
0.285572
0.248
0.27
0.274863
0.25998
0.279
0.218672
0.281359
0.23027
0.234
0.25937
0.259
0.1985
0.294353
0.261239
0.258
0.254618
0.292354
0.0085
0.274725
0.274725
0.265867
0.230885
0.268
0.3015
0.248751
0.287
0.274363
0.271229
0.2585
0.302349
0.282218
0.226887
0.264368
0.242258
0.331503
0.27972
0.2405
0.2375
0.26037
0.244256
0.282859
0.253
0.290709
0.2725
0.256
0.284358
0.224
0.256
0.315684
0.250748
0.210684
0.256
0.290709
0.273952
0.282
0.21939
0.255245
0.284358
0.227
0.263736
0.238381
0.275587
0.237881
0.275862
0.266
0.276362
0.268463
0.256615
0.272
0.252747
0.261869
0.2595
0.275587
0.234383
0.26087
0.24663
0.252374
0.258
0.191712
0.214
0.2185
0.2145
0.28
0.2385
0.2575
0.290355
0.288356
0.243635
0.2295
0.270324
0.2465
0.249375
0.2535
0.241379
0.270865
0.254119
0.264471
0.302894
0.2395
0.276
0.237381
0.315842
0.2815
0.263
0.271093
0.262606
0.182909
0.234266
0.296352
0.25998
0.2715
0.275
0.279081
0.274863
0.274863
0.3205
0.256743
0.263736
0.257371
0.274725
0.29356
0.226887
0.2695
0.235529
0.256
0.26037
0.25
0.292208
0.254
0.275862
0.263605
0.263237
0.283932
0.28
0.25987
0.2905
0.2475
0.003996
0.294853
0.2355
0.184815
0.1885
0.289211
0.301349
0.278222
0.00799201
0.235382
0.237381
0.277223
0.255245
0.267366
0.1985
0.269865
0.289355
0.268366
0.23938
0.243257
0.277
0.27359
0.270365
0.232
0.273
0.290355
0.249251
0.301349
0.311844
0.2515
0.242379
0.2515
0.271229
0.263342
0.281219
0.27936
0.223165
0.248376
0.241
0.0075
0.2405
0.250875
0.297851
0.211894
0.279081
0.2245
0.264368
0.275587
0.268866
0.270729
0.27
0.253
0.2155
0.274
0.238
0.261108
0.278
0.307846
0.278861
0.292354
0.2755
0.243
0.254373
0.2505
0.249251
0.26087
0.262
0.28036
0.003996
0.259241
0.28022
0.27
0.2535
0.266234
0.287356
0.288922
0.2925
0.245632
0.246753
0.292
0.275862
0.249
0.256872
0.240639
0.2395
0.244878
0.28036
0.2575
0.258
0.288356
0.2675
0.245754
0.28036
0.264868
0.264868
0.261239
0.265867
0.2595
0.2395
0.2575
0.282717
0.223
0.2885
0.250875
0.251123
0.261
0.262107
0.332334
0.28
0.244378
0.250748
0.281219
0.27
0.322
0.247876
0.2135
0.2975
0.290065
0.263605
0.244134
0.305
0.00349476
0.2595
0.251623
0.313843
0.206
0.234383
0.238
0.264368
0.241638
0.26037
0.260978
0.2425
0.292854
0.236382
0.243
0.2405
0.2815
0.277
0.2745
0.252
0.2805
0.266367
0.2625
0.264368
0.261
0.212894
0.271229
0.239641
0.0045
0.264868
0.295262
0.2245
0.247752
0.257742
0.0055
0.275724
0.270365
0.27
0.247876
0.20669
0.0105
0.226887
0.276585
0.235382
0.211289
0.00349476
0.245
0.296352
0.249875
0.257
0.234
0.1998
0.309
0.305042
0.308
0.302894
0.2655
0.2515
0.311
0.208896
0.255744
0.21989
0.2595
0.277361
0.216
0.250875
0.24088
0.246753
0.234883
0.284
0.2505
0.195402
0.262369
0.256
0.286357
0.221
0.278443
0.2455
0.252248
0.264868
0.271864
0.239401
0.262107
0.2665
0.258371
0.2935
0.303848
0.2385
0.301
0.2915
0.260609
0.247876
0.256
0.27
0.005
0.282859
0.293207
0.318
0.2245
0.254246
0.28008
0.297351
0.276224
0.2645
0.258982
0.26
0.224
0.3065
0.255372
0.242
0.279
0.246507
0.269
0.247876
0.281578
0.241
0.248
0.268366
0.308
0.22
0.252248
0.239521
0.255872
0.248751
0.275587
0.271728
0.281219
0.266867
0.232036
0.28086
0.211894
0.2705
0.251374
0.264868
0.263736
0.2945
0.275362
0.270365
0.208188
0.244134
0.2715
0.282859
0.296
0.258371
0.231384
0.0055
0.315
0.2425
0.264104
0.2455
0.257871
0.243
0.246507
0.281359
0.274363
0.293
0.275
0.2225
0.217782
0.28
0.288356
0.267
0.240639
0.263868
0.307846
0.21
0.2885
0.193114
0.0069965
0.276086
0.274863
0.2385
0.242379
0.2875
0.311533
0.276585
0.295352
0.269865
0.252994
0.283858
0.284
0.276224
0.262369
0.297702
0.267233
0.257614
0.2535
0.231653
0.282859
0.256372
0.2905
0.237762
0.311533
0.2515
0.2925
0.306693
0.2675
0.246377
0.287425
0.27986
0.235882
0.231
0.248252
0.206
0.297
0.311844
0.2385
0.2735
0.2425
0.244
0.0089955
0.261108
0.236264
0.2885
0.264868
0.2965
0.235382
0.262369
0.291563
0.283858
0.269
0.227545
0.237381
0.234149
0.2405
0.256487
0.272
0.26087
0.264735
0.3065
0.2695
0.27
0.252248
0.304348
0.2815
0.2805
0.238
0.2885
0.244878
0.306693
0.279221
0.2545
0.277722
0.2555
0.298351
0.1915
0.2695
0.297
0.1605
0.268866
0.275362
0.263736
0.234883
0.217283
0.287
0.00299551
0.2885
0.2495
0.218891
0.308076
0.294353
0.283858
0.2755
0.260479
0.2035
0.265867
0.269365
0.282859
0.290355
0.256615
0.2265
0.238
0.254246
0.312344
0.2945
0.265367
0.2425
0.258
0.274863
0.291563
0.3075
0.2795
0.268866
0.238143
0.271728
0.253746
0.28
0.251249
0.185
0.223888
0.27936
0.253
0.281578
0.0129935
0.2335
0.283858
0.286357
0.2535
0.262
0.00549725
0.264368
0.267
0.27936
0.196402
0.237881
0.262737
0.2915
0.202
0.257371
0.274363
0.213
0.236382
0.232
0.2745
0.264603
0.243
0.250624
0.264868
0.294853
0.2725
0.215852
0.273227
0.241638
0.288356
0.2945
0.213
0.267866
0.264368
0.23365
0.00799201
0.309
0.23938
0.252994
0.0169915
0.287
0.244878
0.2635
0.2635
0.2835
0.256372
0.223388
0.2505
0.2475
0.2625
0.22089
0.287356
0.30654
0.232
0.271364
0.2065
0.264368
0.274226
0.2695
0.232036
0.292
0.284216
0.26037
0.010978
0.3205
0.272727
0.282793
0.182
0.237881
0.285215
0.216284
0.273
0.2455
0.295262
0.2655
0.27936
0.232
0.2585
0.268866
0.264368
0.275862
0.254364
0.289355
0.2645
0.26087
0.278942
0.322017
0.241758
0.249375
0.278942
0.2625
0.274
0.2185
0.2805
0.258612
0.26024
0.265235
0.283858
0.283575
0.28
0.011
0.272864
0.276
0.1985
0.238381
0.233883
0.272
0.278
0.240639
0.273363
0.224
0.009995
0.231384
0.303045
0.289855
0.276862
0.256372
0.281219
0.278
0.256
0.277361
0.312
0.282576
0.009995
0.275862
0.2715
0.252
0.2565
0.255
0.241379
0.242
0.259111
0.2775
0.304695
0.301349
0.226
0.24663
0.2585
0.226274
0.266
0.279
0.267
0.244511
0.275862
0.2645
0.243
0.265867
0.24663
0.27309
0.2815
0.2925
0.264368
0.284
0.2425
0.278083
0.270459
0.251249
0.2365
0.257871
0.010978
0.213
0.292854
0.270365
0.247
0.263605
0.266367
0.242258
0.290855
0.289421
0.269
0.23988
0.277361
0.263105
0.293853
0.285072
0.0045
0.2555
0.2355
0.2575
0.2195
0.278222
0.24663
0.307346
0.261608
0.277084
0.2485
0.287069
0.0085
0.2875
0.227
0.2455
0.309845
0.2395
0.25362
0.285072
0.241879
0.222
0.2745
0.267233
0.2775
0.2935
0.261239
0.262238
0.252747
0.008
0.274863
0.2875
0.272727
0.2515
0.235764
0.254246
0.243
0.2585
0.284216
0.224
0.2455
0.2545
0.263237
0.282717
0.267
0.264603
0.267099
0.253
0.262606
0.2425
0.2345
0.266733
0.249126
0.2485
0.230654
0.236382
0.272
0.244755
0.2945
0.307692
0.21939
0.266867
0.236146
0.2535
0.3075
0.32018
0.298
0.224388
0.0045
0.264368
0.227545
0.238381
0.210395
0.268731
0.246
0.275
0.249251
0.244134
0.2795
0.2965
0.2715
0.257371
0.263
0.282
0.212182
0.275587
0.2525
0.00349476
0.251748
0.2215
0.247752
0.255489
0.270958
0.2655
0.2875
0.227545
0.2495
0.23365
0.279221
0.2575
0.2565
0.223388
0.241
0.233383
0.275362
0.2205
0.273363
0.245877
0.2065
0.2655
0.257371
0.245754
0.250998
0.2375
0.218282
0.26
0.2625
0.241379
0.2315
0.258242
0.204398
0.244378
0.253746
0.2215
0.226
0.208896
0.278083
0.2595
0.245
0.292354
0.2775
0.0169915
0.2545
0.268731
0.246384
0.292
0.319181
0.252874
0.262238
0.236264
0.264868
0.266
0.268866
0.243257
0.244755
0.224276
0.004995
0.255
0.195402
0.269865
0.2655
0.266966
0.257
0.233883
0.271
0.27
0.250875
0.287
0.301896
0.2675
0.260978
0.281437
0.27
0.2945
0.287069
0.271
0.2575
0.2635
0.246377
0.256872
0.0089955
0.255245
0.3025
0.227545
0.2125
0.2595
0.297702
0.255245
0.209
0.2635
0.308537
0.222
0.241638
0.25312
0.2515
0.261608
0.272864
0.239521
0.248252
0.272
0.234765
0.2905
0.277722
0.26037
0.262737
0.299551
0.284216
0.232384
0.247376
0.2695
0.254873
0.265367
0.274
0.290065
0.250748
0.2535
0.286857
0.23365
0.27023
0.263
0.257114
0.241758
0.258225
0.245
0.231653
0.0089955
0.288356
0.2715
0.23365
0.237881
0.268
0.217066
0.29356
0.248128
0.271093
0.259111
0.263605
0.217174
0.242879
0.3125
0.2555
0.291
0.270865
0.278
0.24
0.260739
0.252874
0.2785
0.257871
0.250873
0.254618
0.230885
0.236382
0.287
0.219
0.258612
0.263105
0.0144855
0.26037
0.254246
0.28008
0.290419
0.2595
0.2185
0.272591
0.2555
0.285714
0.279081
0.216284
0.277
0.207
0.301
0.264868
0.283358
0.277361
0.284715
0.308846
0.2715
0.2695
0.26
0.2625
0.293207
0.245
0.272
0.3095
0.262
0.275862
0.258
0.263868
0.272364
0.2455
0.278942
0.277
0.223388
0.209
0.2425
0.242
0.284216
0.283716
0.313686
0.3002
0.302244
0.307846
0.285857
0.2875
0.216892
0.292208
0.268
0.262238
0.235882
0.254246
0.267366
0.257371
0.285572
0.306693
0.25362
0.201399
0.2315
0.26037
0.272591
0.0069965
0.313843
0.258871
0.2755
0.264368
0.263
0.2535
0.276
0.284358
0.256372
0.269365
0.304695
0.26087
0.2835
0.2835
0.28
0.256
0.259611
0.250875
0.294853
0.278942
0.244755
0.209
0.211289
0.268597
0.229885
0.2965
0.293853
0.266867
0.267
0.24088
0.269596
0.263368
0.211894
0.275
0.276362
0.32018
0.267866
0.2875
