0.186813
0.16
0.107446
0.154923
0.21
0.206
0.111444
0.0195
0.187032
0.0949051
0.156
0.1185
0.185222
0.1445
0.00599401
0.183908
0.028
0.1745
0.158841
0.1785
0.161419
0.173913
0.166417
0.014
0.170245
0.109445
0.143357
0.187
0.150425
0.00698952
0.0744628
0.133433
0.011976
0.144
0.177645
0.209186
0.0895
0.1175
0.154423
0.170744
0.214393
0.177323
0.211183
0.0205
0.117941
0.190809
0.1015
0.137
0.1455
0.1385
0.163418
0.188906
0.175325
0.172242
0.13986
0.1385
0.16092
0.144855
0.171414
0.151
0.144356
0.178
0.183
0.0734633
0.152924
0.138431
0.114
0.136727
0.1185
0.173413
0.2045
0.178
0.178411
0.0114828
0.125437
0.179
0.1995
0.1435
0.142929
0.167748
0.205897
0.148703
0.133433
0.205397
0.183908
0.003996
0.145282
0.014
0.152424
0.181409
0.1465
0.183
0.101
0.126374
0.1925
0.0929535
0.176412
0.117941
0.153923
0.02
0.158683
0.035
0.113829
0.17982
0.174239
0.172
0.186407
0.193806
0.20669
0.152424
0.00698603
0.144783
0.029985
0.165917
0.1785
0.166
0.113443
0.167
0.147
0.1645
0.169331
0.180729
0.127
0.192807
0.142
0.00649026
0.142929
0.166417
0.169246
0.1475
0.132434
0.21029
0.1675
0.193403
0.114
0.1645
0.1655
0.15976
0.143
0.193
0.1615
0.158762
0.1995
0.154423
0.183408
0.1185
0.178
0.0184908
0.1255
0.142
0.183908
0.135432
0.1775
0.164835
0.106
0.144
0.0275
0.1805
0.127745
0.198401
0.138931
0.170415
0.182
0.21
0.182227
0.15942
0.18
0.12681
0.152
0.156
0.17
0.168831
0.171
0.205397
0.131934
0.146062
0.16042
0.1415
0.0055
0.00698952
0.013
0.00949051
0.156
0.163418
0.1725
0.156
0.145
0.156922
0.14678
0.129435
0.12
0.189405
0.106
0.198203
0.154923
0.0129935
0.035964
0.1105
0.205691
0.147
0.173826
0.162594
0.1695
0.0129935
0.122317
0.0149925
0.122754
0.179
0.178
0.182318
0.1385
0.179
0.165
0.153423
0.0149925
0.138431
0.014
0.1685
0.189405
0.205192
0.128372
0.1735
0.1625
0.1805
0.170744
0.159
0.148
0.168248
0.108946
0.1065
0.145282
0.1715
0.18091
0.1665
0.1885
0.162
0.0164918
0.183
0.012
0.156344
0.193403
0.0729635
0.133933
0.18091
0.167916
0.155689
0.162338
0.118881
0.182318
0.1275
0.11976
0.0274863
0.19321
0.18091
0.1
0.14043
0.0934533
0.0895
0.147
0.0289566
0.154768
0.2004
0.118441
0.204
0.158841
0.138293
0.150925
0.1545
0.007
0.111
0.1485
0.144284
0.193403
0.169
0.0834583
0.129371
0.1855
0.178
0.1215
0.151
0.169915
0.112
0.17
0.161419
0.165335
0.1725
0.162
0.020979
0.178821
0.170415
0.168
0.169
0.019
0.16042
0.1535
0.138293
0.171
0.163418
0.149425
0.134865
0.157264
0.113659
0.178411
0.1125
0.2005
0.0239641
0.176647
0.167
0.08
0.0764236
0.006
0.1715
0.165335
0.178821
0.15327
0.126747
0.129435
0.220779
0.1585
0.1915
0.1825
0.144
0.172
0.12
0.0913174
0.15942
0.208791
0.0095
0.212894
0.118382
0.11477
0.165917
0.0304695
0.012987
0.144928
0.1925
0.00499251
0.185407
0.155922
0.232651
0.146
0.187406
0.125375
0.126374
0.1175
0.138431
0.144
0.028
0.1455
0.1385
0.148426
0.0929535
0.1975
0.2255
0.1535
0.2085
0.132434
0.13993
0.173413
0.175325
0.111444
0.1305
0.144356
0.0245
0.155
0.1645
0.155922
0.178322
0.132434
0.153
0.00649026
0.214393
0.152196
0.00649351
0.1285
0.17016
0.168916
0.1655
0.194
0.084
0.154845
0.158
0.178
0.122317
0.191309
0.158421
0.009995
0.138431
0.19321
0.184815
0.134933
0.166334
0.158921
0.163418
0.0945
0.0095
0.151424
0.181
0.164418
0.146
0.0255
0.141218
0.184132
0.0215
0.1285
0.118881
0.164418
0.0729635
0.123
0.206793
0.1285
0.17
0.1695
0.095
0.168916
0.202399
0.112
0.007
0.181727
0.137363
0.202
0.143357
0.1395
0.167166
0.2
0.0045
0.142
0.166417
0.181909
0.126374
0.1635
0.166917
0.2
0.155689
0.017
0.11477
0.135
0.136863
0.0195
0.0134865
0.128436
0.173739
0.1625
0.0809191
0.00499251
0.104843
0.182318
0.1495
0.0104948
0.176912
0.1815
0.183908
0.18981
0.1285
0.125
0.0974513
0.14985
0.19321
0.192904
0.141
0.196
0.142715
0.1495
0.166
0.1997
0.027
0.1915
0.189
0.15984
0.16675
0.129435
0.120758
0.148
0.142857
0.174
0.035
0.17941
0.178821
0.157763
0.12044
0.0225
0.184
0.158921
0.187219
0.18091
0.155267
0.138431
0.187406
0.063968
0.192308
0.0729635
0.148426
0.1915
0.0803794
0.052
0.166417
0.202
0.00999001
0.142429
0.149276
0.1255
0.155422
0.0104948
0.156843
0.161919
0.178821
0.186813
0.0745
0.1545
0.142
0.0895
0.176647
0.0184908
0.211682
0.186221
0.035
0.00649675
0.212894
0.134865
0.0803794
0.158762
0.206793
0.214785
0.120758
0.0519481
0.181
0.127436
0.151697
0.151772
0.154423
0.21029
0.1995
0.0239641
0.177323
0.0244878
0.144284
0.184408
0.161419
0.105788
0.1305
0.134
0.0055
0.1305
0.181
0.205
0.200897
0.193
0.166
0.131369
0.175736
0.1885
0.161419
0.163836
0.0069965
0.1535
0.175412
0.123315
0.189216
0.1785
0.0344828
0.031
0.119
0.178821
0.1315
0.164918
0.175
0.14043
0.1535
0.188906
0.0474525
0.188
0.16092
0.1575
0.128871
0.182726
0.193
0.2004
0.148926
0.146
0.009
0.165751
0.0325
0.011477
0.148352
0.186221
0.185
0.156922
0.1565
0.176823
0.181
0.164418
0.196
0.004995
0.0235
0.00649675
0.142
0.113829
0.201399
0.0205
0.1885
0.121379
0.173913
0.0254873
0.118881
0.153
0.157842
0.1615
0.1785
0.205
0.134933
0.114
0.17973
0.186
0.0334833
0.1465
0.144928
0.101449
0.183908
0.131934
0.137
0.177733
0.0065
0.1585
0.159341
0.0125
0.204898
0.154423
0.195706
0.128871
0.14985
0.177411
0.0803794
0.1755
0.149925
0.2175
0.1535
0.0315
0.185222
0.149351
0.1375
0.160679
0.211394
0.00949525
0.131
0.193903
0.007
0.134731
0.0244878
0.2245
0.158
0.138
0.177645
0.144356
0.205397
0.1125
0.16983
0.189
0.0945
0.1275
0.201396
0.00698603
0.129371
0.206793
0.174326
0.181546
0.118881
0.120879
0.173327
0.1725
0.0914086
0.00699301
0.127436
0.141
0.162837
0.0085
0.14043
0.145
0.1875
0.1425
0.129935
0.161419
0.146
0.145427
0.1875
0.185
0.177323
0.0164918
0.008
0.192
0.155422
0.171742
0.1565
0.0065
0.1515
0.155844
0.0289566
0.00999001
0.125375
0.129435
0.162419
0.052
0.1835
0.110445
0.0729635
0.0055
0.176
0.011
0.181818
0.16
0.164418
0.1255
0.169
0.1765
0.1325
0.005997
0.115327
0.204296
0.201399
0.164918
0.164918
0.084
0.16675
0.182817
0.1735
0.1185
0.0134865
0.209895
0.183042
0.1065
0.189905
0.1625
0.169162
0.173826
0.144
0.176647
0.182318
0.116942
0.168
0.1745
0.0314843
0.174
0.17
0.158762
0.113943
0.0025
0.159261
0.180819
0.0194805
0.173826
0.0144928
0.187032
0.144356
0.192404
0.115442
0.1645
0.153923
0.174
0.191904
0.167748
0.136863
0.116
0.137
0.194903
0.167
0.131934
0.14022
0.206793
0.187313
0.2004
0.191904
0.1465
0.161919
0.178821
0.161919
0.195402
0.120879
0.166417
0.1325
0.12525
0.172
0.143428
0.1605
0.202
0.142429
0.1815
0.144783
0.152196
0.197401
0.1795
0.17
0.16092
0.1835
0.117
0.184815
0.1905
0.16034
0.1625
0.1525
0.167416
0.144
0.11477
0.187
0.1555
0.185407
0.172
0.0265
0.153
0.188
0.154
0.141429
0.144
0.131303
0.1815
0.0065
0.145355
0.1755
0.119
0.203898
0.1585
0.167
0.151
0.180729
0.1965
0.088
0.00499251
0.00849151
0.1445
0.166
0.155689
0.163418
0.157343
0.1765
0.166
0.140859
0.1895
0.187032
0.1695
0.1385
0.1725
0.145427
0.0729635
0.1605
0.195804
0.165
0.113
0.014985
0.177
0.0945
0.156
0.1445
0.110334
0.176735
0.156422
0.184316
0.124438
0.150849
0.184408
0.135
0.161838
0.122816
0.0025
0.171742
0.153
0.138431
0.17941
0.1525
0.0895
0.00698952
0.192404
0.1415
0.1945
0.105788
0.197401
0.169915
0.159
0.16042
0.194903
0.195902
0.132434
0.1605
0.166417
0.1215
0.1615
0.021967
0.1675
0.182817
0.100349
0.143856
0.178
0.125
0.10095
0.0115
0.139291
0.2045
0.0124938
0.147
0.191404
0.17941
0.166917
0.204795
0.168831
0.170415
0.16983
0.1925
0.1755
0.1375
0.169
0.201399
0.158421
0.00948577
0.167
0.1715
0.137862
0.166
0.210789
0.162919
0.0255
0.143428
0.123814
0.00798802
0.1725
0.1745
0.198302
0.0149925
0.0145
0.181818
0.205897
0.156765
0.0045
0.165917
0.165
0.188406
0.00949051
0.1875
0.172
0.0129935
0.12681
0.1655
0.178
0.126374
0.1885
0.138431
0.004995
0.163
0.0865
0.191808
0.123315
0.0164918
0.168
0.1975
0.1535
0.1595
0.157343
0.107446
0.1915
0.121817
0.107
0.196402
0.1655
0.101
0.135864
0.175
0.181727
0.16
0.0164918
0.1465
0.191404
0.1565
0.15976
0.00698603
0.156422
0.1405
0.1305
0.204
0.166833
0.101949
0.164918
0.0045
0.167416
0.149351
0.187032
0.168332
0.176412
0.1315
0.0334833
0.00999001
0.176236
0.206793
0.126374
0.191309
0.0965
0.15976
0.0974513
0.011477
0.00649351
0.210895
0.106394
0.171828
0.185222
0.161
0.124813
0.16675
0.117441
0.1335
0.171828
0.0065
0.153923
0.178821
0.127
0.168416
0.1335
0.182817
0.143357
0.161838
0.156843
0.162419
0.165917
0.167249
0.167416
0.041979
0.155922
0.144928
0.170915
0.182136
0.190905
0.195706
0.129935
0.131
0.17941
0.0294558
0.013
0.176912
0.00849151
0.161596
0.169
0.141858
0.198901
0.040959
0.131868
0.0175
0.021
0.0095
0.140859
0.104
0.0085
0.192308
0.156422
0.1755
0.1555
0.1605
0.141787
0.162
0.212894
0.0669331
0.187406
0.143428
0.179
0.00849151
0.141717
0.180639
0.164418
0.139291
0.158921
0.1625
0.142929
0.14093
0.112
0.183633
0.130435
0.144
0.167416
0.00849151
0.125375
0.125874
0.188906
0.1405
0.2085
0.0194805
0.135
0.137862
0.158
0.1255
0.0965
0.144
0.1835
0.229385
0.162675
0.17
0.161919
0.148926
0.178322
0.166
0.1385
0.167
0.193307
0.156
0.131
0.0069965
0.0375
0.216783
0.0025
0.169915
0.142715
0.1825
0.1775
0.143428
0.186
0.168
0.156
0.146427
0.232651
0.184
0.184908
0.0145
0.122754
0.1785
0.151697
0.141359
0.142715
0.179
0.1335
0.1997
0.00598802
0.166417
0.0519481
0.1715
0.1195
0.191404
0.1375
0.164
0.1895
0.141429
0.147852
0.1305
0.17973
0.16034
0.0949051
0.1465
0.145927
0.152424
0.165751
0.144356
0.128936
0.1625
0.193903
0.10095
0.176912
0.156765
0.102
0.1645
0.169915
0.0724276
0.16
0.152924
0.0294705
0.182318
0.0135
0.00749625
0.1065
0.171414
0.167249
0.1915
0.1425
0.191904
0.0868263
0.1645
0.1995
0.013
0.1215
0.1965
0.15942
0.1945
0.164918
0.127
0.1855
0.186407
0.126374
0.168916
0.1765
0.0025
0.0055
0.203
0.231
0.149
0.014
0.11477
0.161258
0.180729
0.1435
0.144855
0.138931
0.015976
0.186221
0.1655
0.191309
0.007
0.022
0.1
0.165417
0.1675
0.123876
0.041979
0.1615
0.166334
0.201399
0.167
0.2005
0.141858
0.0115
0.199201
0.083958
0.009995
0.214893
0.1895
0.205897
0.168831
0.148278
0.143357
0.169
0.2015
0.0949051
0.176412
0.141359
0.1495
0.00649675
0.14656
0.163418
0.180729
0.0175
0.006
0.2
0.0189621
0.205397
0.206294
0.177822
0.1595
0.1175
0.12
0.1435
0.0124938
0.202
0.136863
0.125437
0.1815
0.006
0.170659
0.177
0.146927
0.144
0.1665
0.166
0.141858
0.015976
0.176823
0.199501
0.1745
0.163836
0.149351
0.0234531
0.1555
0.151772
0.164918
0.00849151
0.183908
0.005
0.166334
0.0189905
0.0335
0.134865
0.149351
0.143856
0.0239641
0.143428
0.141717
0.143856
0.157343
0.178411
0.154923
0.175062
0.153423
0.1105
0.165917
0.126374
0.0724276
0.188
0.227386
0.156
0.174
0.182
0.139291
0.0539461
0.158263
0.178821
0.176412
0.161919
0.0314528
0.230769
0.1815
0.194903
0.189405
0.209186
0.1565
0.0865
0.118441
0.0189905
0.021
0.126374
0.171742
0.165
0.191808
0.171828
0.142429
0.181319
0.117
0.1775
0.164
0.011477
0.0205
0.215892
0.0314528
0.0414793
0.142929
0.1
0.206294
0.195402
0.201399
0.148278
0.108946
0.198203
0.181727
0.1825
0.1805
0.157842
0.007996
0.153923
0.171828
0.116825
0.19321
0.097
0.168916
0.0314528
0.22
0.1445
0.166417
0.006
0.1855
0.139291
0.1285
0.177822
0.145427
0.0304695
0.16034
0.2245
0.17973
0.116
0.0105
0.186
0.121817
0.053
0.172414
0.0519481
0.195
0.1605
0.167916
0.1335
0.125437
0.145
0.205
0.1999
0.178821
0.16092
0.154423
0.181319
0.142429
0.124
0.104843
0.007996
0.0115
0.18041
0.161838
0.205397
0.158
0.00849151
0.171828
0.17016
0.14043
0.154845
0.1375
0.17991
0.16
0.0304695
0.141359
0.0205
0.202399
0.158762
0.137862
0.1755
0.22
0.1595
0.1695
0.146
0.168
0.156765
0.0734633
0.1185
0.187313
0.134865
0.1565
0.151424
0.151772
0.18091
0.184316
0.227386
0.154768
0.155922
0.0275
0.0164918
0.17016
0.149276
0.182227
0.148926
0.18981
0.116442
0.011982
0.166334
0.14985
0.165417
0.176647
0.145282
0.209895
0.193403
0.181909
0.176412
0.171414
0.00649026
0.156
0.176412
0.00849151
0.116442
0.156765
0.0144928
0.149925
0.1285
0.0998004
0.15984
0.169246
0.125437
0.1415
0.025974
0.0345
0.0189905
0.0294705
0.0914086
0.158421
0.010479
0.145709
0.1015
0.1625
0.176647
0.135
0.163418
0.158841
0.0324513
0.161838
0.156765
0.167832
0.168
0.168
0.17
0.18091
0.171
0.16034
0.177411
0.164418
0.101297
0.117941
0.184908
0.012
0.162594
0.194903
0.174913
0.193
0.172414
0.192807
0.165
0.1605
0.145854
0.144428
0.156344
0.119
0.1515
0.180729
0.168416
0.15942
0.184908
0.16042
0.1855
0.066
0.184908
0.00849575
0.200799
0.206793
0.185
0.1755
0.200699
0.18
0.1295
0.180729
0.1685
0.161339
0.133933
0.182
0.177
0.181
0.189216
0.157421
0.174326
0.157264
0.158342
0.185222
0.0055
0.163836
0.0625
0.14985
0.190025
0.165335
0.1695
0.00849151
0.0945
0.155689
0.13993
0.182318
0.169
0.1495
0.128936
0.18041
0.112
0.212894
0.1375
0.10045
0.1285
0.167
0.172328
0.1785
0.192807
0.0194805
0.1535
0.157921
0.164418
0.127436
0.207792
0.142715
0.145
0.196902
0.162
0.157421
0.157264
0.211394
0.169415
0.018
0.137862
0.00698952
0.209895
0.108446
0.147
0.0265
0.1655
0.1315
0.1565
0.190619
0.136432
0.178
0.1675
0.161419
0.186221
0.1245
0.00798802
0.171414
0.16092
0.124875
0.131369
0.088
0.007996
0.149276
0.1715
0.187313
0.0945
0.139291
0.1495
0.162338
0.168
0.0125
0.169
0.17
0.114713
0.113
0.144
0.2035
0.196902
0.128871
0.125437
0.1025
0.15992
0.1345
0.131
0.162837
0.0529735
0.144
0.0255
0.147426
0.165
0.1225
0.191904
0.1605
0.00499251
0.152348
0.174326
0.169
0.195804
0.144928
0.156843
0.117
0.0745
0.011982
0.1645
0.1875
0.153423
0.1675
0.159
0.1735
0.192807
0.1055
0.187906
0.182
0.181546
0.144
0.118881
0.134
0.201396
0.175912
0.164418
0.195804
0.136432
0.156
0.166417
0.198302
0.053
0.154691
0.2175
0.14678
0.202
0.1755
0.1515
0.168
0.171414
0.16026
0.155922
0.138431
0.169915
0.065
0.168916
0.1645
0.184631
0.153423
0.206294
0.125375
0.170915
0.1625
0.012987
0.142857
0.159341
0.174
0.196
0.18041
0.155422
0.207189
0.116
0.156765
0.1515
0.1465
0.0745
0.183
0.1485
0.127
0.162419
0.1825
0.129435
0.14043
0.20669
0.171828
0.13993
0.169415
0.164418
0.154423
0.12
0.145282
0.220779
0.02
0.178821
0.20669
0.170075
0.14043
0.171828
0.126437
0.141429
0.009995
0.177323
0.166417
0.210789
0.127
0.148
0.113
0.205897
0.194903
0.09
0.150425
0.1
0.168248
0.142
0.154613
0.143428
0.150425
0.175
0.120758
0.181
0.02
0.105788
0.171828
0.066
0.150425
0.131
0.170915
0.127
0.142287
0.182227
0.191712
0.12
0.1695
0.126873
0.191404
0.131934
0.145927
0.168416
0.146427
0.184908
0.178322
0.128436
0.141858
0.154
0.182227
0.153
0.003996
0.16042
0.135
0.1645
0.188406
0.1695
0.173913
0.173327
0.126248
0.152847
0.175062
0.178732
0.123
0.1645
0.155844
0.215892
0.13986
0.162
0.1965
0.1715
0.11
0.158
0.143428
0.15519
0.161419
0.1315
0.1565
0.214393
0.178
0.138431
0.167416
0.198401
0.0315
0.1505
0.123253
0.215892
0.194903
0.18032
0.1415
0.166
0.162338
0.1655
0.162
0.177911
0.143428
0.161419
0.153923
0.1555
0.230769
0.179
0.163
0.1815
0.032
0.181319
0.1665
0.127436
0.100349
0.1925
0.038
0.232651
0.158342
0.165917
0.135432
0.115442
0.157264
0.1405
0.190714
0.117
0.13993
0.158841
0.133
0.1685
0.1755
0.155766
0.0124813
0.00499251
0.192904
0.00999001
0.164753
0.144
0.191404
0.191404
0.00748877
0.158762
0.137
0.192
0.1785
0.0314528
0.179
0.165917
0.1735
0.189905
0.14678
0.138
0.185315
0.13986
0.132434
0.169415
0.164418
0.161596
0.214893
0.1715
0.208896
0.1755
0.185407
0.1895
0.144356
0.0175
0.0089955
0.1685
0.158841
0.0255
0.1525
0.193403
0.165
0.02
0.198702
0.146
0.0265
0.161419
0.13
0.0109945
0.171828
0.106
0.134
0.157763
0.139291
0.146427
0.0744628
0.0244878
0.165252
0.148352
0.177411
0.2085
0.223388
0.08
0.0055
0.191404
0.154768
0.150925
0.173413
0.144284
0.00649351
0.166917
0.09
0.129805
0.16
0.163418
0.208
0.143
0.131369
0.088
0.179321
0.151
0.1365
0.170829
0.1365
0.134299
0.167
0.146062
0.011982
0.171828
0.168916
0.141429
0.021
0.107
0.098
0.177
0.2
0.166
0.1245
0.144
0.174239
0.164418
0.175412
0.211
0.184631
0.153
0.00949051
0.1755
0.171
0.193806
0.1645
0.135864
0.166
0.131369
0.156422
0.00749625
0.152348
0.157343
0.186314
0.127
0.169
0.1465
0.15
0.003996
0.02
0.162
0.159341
0.152424
0.1675
0.161
0.149351
0.0085
0.1725
0.1765
0.115327
0.1285
0.00949051
0.015976
0.181727
0.157
0.180639
0.18091
0.0539461
0.126248
0.152847
0.1765
0.18041
0.195402
0.1405
0.020979
0.181047
0.1025
0.137793
0.205397
0.1755
0.006
0.171742
0.1815
0.0069965
0.165
0.1775
0.15942
0.007
0.156765
0.0454092
0.00649026
0.0685
0.0235
0.128436
0.17
0.0625
0.144855
0.162338
0.176912
0.0189621
0.114828
0.095
