0.172414
0.155
0.199201
0.0095
0.163754
0.181228
0.194903
0.1395
0.177323
0.181319
0.122877
0.14036
0.149
0.1735
0.102346
0.124251
0.2
0.201399
0.167
0.1775
0.208687
0.18041
0.187906
0.157
0.165917
0.163
0.204
0.213
0.011994
0.2045
0.1245
0.156344
0.189405
0.156843
0.1965
0.0174825
0.124438
0.167
0.145
0.0085
0.1985
0.161919
0.109445
0.1
0.1095
0.034
0.210895
0.203
0.14093
0.170415
0.166
0.164918
0.17
0.143713
0.0184908
0.0155
0.167
0.149
0.1275
0.208896
0.0154923
0.161919
0.1885
0.136
0.135365
0.202
0.183816
0.164835
0.209082
0.1625
0.1915
0.173653
0.1915
0.1535
0.202
0.132434
0.1655
0.173
0.175237
0.162756
0.188218
0.0484515
0.145
0.1315
0.192904
0.181
0.18091
0.0389805
0.17982
0.1715
0.131934
0.145854
0.171414
0.0614079
0.161339
0.1495
0.189405
0.028
0.225436
0.147426
0.201
0.13037
0.161419
0.122
0.192308
0.190215
0.143856
0.1815
0.132801
0.197401
0.162919
0.0994006
0.175325
0.15976
0.1435
0.1475
0.1925
0.1765
0.143713
0.178411
0.175412
0.197401
0.172
0.164336
0.187313
0.197802
0.191404
0.171
0.23027
0.135365
0.02
0.173327
0.182409
0.122
0.171414
0.175912
0.123
0.0444333
0.135864
0.132735
0.2345
0.177911
0.158921
0.177822
0.187906
0.205295
0.0344655
0.009
0.007
0.17982
0.173
0.147926
0.1625
0.1825
0.16042
0.0175
0.178233
0.184408
0.148
0.177146
0.153194
0.1345
0.1815
0.182227
0.217
0.009995
0.146
0.185
0.0255
0.0264603
0.2095
0.138293
0.140859
0.177411
0.170915
0.14678
0.194
0.1835
0.156843
0.222
0.194
0.147426
0.181637
0.215
0.115442
0.1865
0.153347
0.146354
0.161419
0.0065
0.0244878
0.0065
0.161339
0.169162
0.1625
0.184815
0.157763
0.1345
0.164336
0.172242
0.0174738
0.121756
0.170829
0.18
0.130935
0.178
0.151349
0.0655
0.115942
0.2005
0.1365
0.1855
0.1635
0.192
0.1045
0.1275
0.216783
0.181637
0.132801
0.177
0.172242
0.168
0.155
0.1375
0.123938
0.201399
0.185
0.127
0.120758
0.167
0.0394408
0.184815
0.195305
0.167
0.20669
0.163754
0.178911
0.0614079
0.154
0.123938
0.185
0.168332
0.0969515
0.0134933
0.174651
0.162837
0.148426
0.14
0.167
0.167
0.191
0.205897
0.169246
0.156843
0.137431
0.0564718
0.11
0.178
0.1115
0.118441
0.141
0.1265
0.136432
0.119
0.155
0.226
0.1945
0.157
0.1435
0.0255
0.1535
0.169
0.158921
0.174065
0.172
0.126937
0.13
0.195
0.19
0.132934
0.21
0.0639041
0.1635
0.1595
0.07996
0.184815
0.00749251
0.164336
0.156422
0.162919
0.222278
0.00749251
0.115385
0.166
0.16
0.023
0.175
0.183317
0.188811
0.17991
0.14
0.13943
0.208687
0.143928
0.1475
0.1545
0.18032
0.113943
0.1815
0.137431
0.155345
0.1275
0.195207
0.174913
0.158421
0.182817
0.175325
0.168416
0.186907
0.196
0.120758
0.202
0.1655
0.154923
0.137431
0.168416
0.165417
0.1365
0.185
0.186
0.1745
0.1205
0.05
0.202
0.0134933
0.1605
0.193709
0.201798
0.0655
0.0184815
0.16675
0.155
0.19
0.11994
0.14678
0.191
0.151424
0.0095
0.1965
0.181909
0.1555
0.036
0.181
0.144
0.127
0.205397
0.14678
0.0125
0.136932
0.201098
0.167
0.0065
0.1535
0.145355
0.189405
0.1945
0.1125
0.2025
0.193709
0.009
0.218391
0.178732
0.15992
0.167082
0.171657
0.1575
0.114
0.149925
0.148426
0.202298
0.1985
0.145781
0.141288
0.165751
0.117441
0.198104
0.1425
0.17941
0.212
0.1125
0.125749
0.2105
0.169915
0.215784
0.215177
0.156344
0.178911
0.0089955
0.198702
0.177411
0.132368
0.00899101
0.141
0.155922
0.148426
0.1735
0.19511
0.175237
0.1975
0.191
0.207
0.130435
0.165917
0.007
0.109445
0.167
0.1202
0.185907
0.161
0.1615
0.19
0.156
0.2004
0.191
0.172914
0.171
0.0294411
0.0255
0.244755
0.0175
0.1585
0.144928
0.00849151
0.131369
0.164918
0.16034
0.175824
0.1835
0.187
0.154845
0.2045
0.14985
0.0329835
0.1565
0.1565
0.1415
0.180729
0.0909091
0.1715
0.151
0.1925
0.18091
0.165917
0.1495
0.173
0.1395
0.151772
0.0109835
0.193
0.18513
0.14
0.198104
0.0149775
0.185721
0.148352
0.158762
0.147778
0.185
0.1165
0.154923
0.152924
0.171243
0.157
0.1325
0.126937
0.1935
0.18023
0.1875
0.161339
0.018
0.175412
0.1835
0.1535
0.028
0.140789
0.143285
0.186813
0.169246
0.155422
0.182817
0.134433
0.134433
0.2
0.18513
0.1345
0.173327
0.1555
0.164
0.185315
0.1515
0.0089955
0.011994
0.164336
0.181319
0.195207
0.0125
0.132434
0.173
0.163836
0.05
0.192904
0.0484515
0.1775
0.142429
0.1202
0.1
0.0194903
0.0149626
0.1925
0.148
0.187
0.017973
0.1965
0.19511
0.172914
0.146281
0.186407
0.181409
0.172
0.182909
0.1805
0.153
0.163418
0.00449775
0.0354823
0.189405
0.187406
0.172914
0.16042
0.176412
0.0109945
0.17515
0.18345
0.158921
0.156422
0.147778
0.171914
0.0049975
0.1245
0.0354823
0.101
0.187906
0.136432
0.0155
0.1745
0.1625
0.187906
0.138
0.170415
0.180729
0.192615
0.130869
0.188811
0.0175
0.189905
0.1225
0.1715
0.168164
0.0394408
0.1815
0.194403
0.152196
0.150925
0.152847
0.167
0.0149775
0.0244878
0.185814
0.2005
0.1625
0.157763
0.14678
0.115942
0.192904
0.153347
0.169915
0.12
0.2
0.182
0.1515
0.05
0.150925
0.151349
0.154423
0.171414
0.148278
0.16042
0.168747
0.209395
0.191404
0.16983
0.184
0.169
0.163337
0.199
0.164
0.158
0.17
0.181637
0.197906
0.016
0.202
0.125937
0.132668
0.196705
0.174065
0.158921
0.1345
0.1
0.158921
0.189
0.201098
0.017991
0.149
0.012
0.158921
0.152
0.017973
0.1755
0.159261
0.202
0.1515
0.1245
0.0065
0.123
0.1775
0.175412
0.151848
0.148703
0.132867
0.037962
0.194903
0.181
0.161419
0.015992
0.172
0.1925
0.0314843
0.128436
0.154423
0.153923
0.0105
0.1915
0.207
0.1975
0.147426
0.185222
0.148426
0.191
0.1305
0.181
0.158921
0.0209895
0.115327
0.0825
0.140859
0.175325
0.0195
0.14521
0.143285
0.137
0.170915
0.013993
0.175561
0.00699301
0.222
0.172741
0.15035
0.158921
0.125375
0.122754
0.1935
0.164918
0.1825
0.021989
0.0915
0.0184908
0.158921
0.143428
0.1545
0.183908
0.1985
0.16034
0.005
0.1965
0.1585
0.0329835
0.1585
0.157763
0.232
0.151349
0.147426
0.1045
0.167
0.163836
0.1705
0.154845
0.178911
0.1735
0.143856
0.2025
0.165834
0.00549725
0.1245
0.1615
0.205
0.1765
0.0939061
0.155422
0.188906
0.147426
0.1795
0.154423
0.0114885
0.023
0.018
0.192404
0.172827
0.177
0.156344
0.196108
0.182
0.142
0.185407
0.149775
0.1345
0.140789
0.167
0.185
0.021989
0.157264
0.1815
0.204795
0.0175
0.102346
0.177411
0.11994
0.0085
0.162919
0.165
0.1935
0.17941
0.151
0.148352
0.184
0.175
0.0065
0.1885
0.162419
0.174913
0.1845
0.158
0.137431
0.00549725
0.1405
0.158
0.121817
0.167249
0.179321
0.1625
0.0125
0.153194
0.181909
0.164418
0.00849151
0.164753
0.146927
0.025
0.198603
0.21
0.15942
0.1305
0.176912
0.1735
0.19
0.189027
0.225436
0.171243
0.1395
0.1745
0.1475
0.1565
0.162919
0.111222
0.165
0.177822
0.166251
0.011994
0.164336
0.143856
0.191904
0.157763
0.113387
0.113943
0.1915
0.0334833
0.154923
0.165917
0.167
0.2015
0.165834
0.149
0.0614079
0.191904
0.191
0.2025
0.218391
0.101847
0.177911
0.177234
0.163918
0.190405
0.154845
0.189027
0.19031
0.201798
0.007
0.1355
0.133933
0.1625
0.1605
0.131434
0.142
0.1415
0.173913
0.0085
0.135365
0.178
0.173
0.15984
0.15992
0.158762
0.145709
0.181228
0.162257
0.1655
0.191904
0.148
0.2
0.182318
0.177911
0.161919
0.1795
0.151424
0.164
0.168663
0.174913
0.1795
0.176412
0.196803
0.2045
0.185407
0.181409
0.167
0.1665
0.136
0.215784
0.1545
0.1045
0.137862
0.1775
0.172328
0.0205
0.2015
0.1835
0.217782
0.135365
0.119
0.189
0.183317
0.202
0.157763
0.151349
0.147279
0.174738
0.176324
0.162338
0.124251
0.1905
0.182409
0.127
0.186907
0.2105
0.158
0.173913
0.1615
0.171828
0.0245
0.178411
0.0125
0.114
0.137931
0.187313
0.218672
0.16042
0.181228
0.172156
0.202
0.05
0.0954523
0.114
0.2135
0.1545
0.1865
0.199
0.187
0.113943
0.178322
0.170915
0.16
0.173
0.155
0.1095
0.142857
0.112944
0.121439
0.192
0.0069965
0.2175
0.120879
0.1655
0.0429785
0.175824
0.142857
0.192308
0.154691
0.173413
0.11944
0.182318
0.148703
0.0149775
0.158762
0.2095
0.1945
0.146281
0.2095
0.1545
0.018
0.177411
0.169745
0.213786
0.19031
0.168
0.1475
0.162
0.171657
0.168332
0.197802
0.1725
0.162919
0.138293
0.207
0.1815
0.212894
0.1415
0.169915
0.0394408
0.15942
0.18513
0.0245
0.0174738
0.0389805
0.158184
0.143856
0.216783
0.1675
0.179321
0.1815
0.162919
0.175912
0.170245
0.1615
0.167665
0.18
0.209395
0.163754
0.205897
0.1475
0.147926
0.150925
0.210789
0.148926
0.216783
0.16042
0.0114885
0.137431
0.154923
0.124438
0.209395
0.181
0.181
0.194306
0.2045
0.177411
0.0505
0.186407
0.012
0.151424
0.1275
0.1805
0.156344
0.185907
0.212
0.176912
0.112388
0.16034
0.154423
0.122816
0.16675
0.137431
0.200799
0.158762
0.155422
0.09
0.179321
0.015
0.207396
0.194403
0.166
0.181909
0.145
0.1955
0.191
0.188811
0.181
0.148703
0.16042
0.1615
0.169246
0.1395
0.177411
0.1705
0.21
0.191808
0.0155
0.00749251
0.1685
0.222
0.1665
0.179052
0.215892
0.168332
0.166334
0.1855
0.173
0.162257
0.131434
0.15942
0.0784608
0.137431
0.149
0.1655
0.213287
0.1795
0.0888224
0.151924
0.164254
0.084
0.127808
0.2175
0.18041
0.182318
0.177645
0.0095
0.192904
0.185
0.193903
0.158921
0.125749
0.101
0.161419
0.197401
0.147926
0.158
0.1175
0.149701
0.186314
0.1795
0.128871
0.159
0.033
0.0165
0.182817
0.177411
0.170915
0.11994
0.1945
0.1625
0.193903
0.164753
0.121
0.118441
0.191
0.1245
0.150925
0.164918
0.146707
0.132934
0.168747
0.17
0.154
0.205
0.115442
0.200799
0.132934
0.191
0.221667
0.154
0.0985
0.033
0.021989
0.174913
0.123938
0.180819
0.182409
0.181228
0.132934
0.132434
0.133433
0.171414
0.131303
0.124
0.03998
0.144284
0.15976
0.2
0.155422
0.145137
0.17
0.00899101
0.204
0.155345
0.0888224
0.163918
0.03998
0.1315
0.2009
0.202
0.161919
0.143856
0.195902
0.101
0.142
0.225
0.1905
0.1735
0.152924
0.17941
0.0994006
0.170659
0.11988
0.195902
0.155922
0.196705
0.1865
0.191
0.0802592
0.2175
0.189
0.150425
0.0155
0.0314843
0.165751
0.1725
0.1875
0.101
0.154
0.189027
0.201
0.180729
0.124438
0.183908
0.148352
0.155267
0.165
0.191
0.151
0.134433
0.153923
0.174913
0.14521
0.0995
0.1725
0.152
0.175
0.185
0.112944
0.195902
0.222278
0.02
0.2045
0.165917
0.1835
0.084
0.1885
0.0175
0.213786
0.143856
0.101
0.109445
0.174065
0.01
0.197401
0.1885
0.181637
0.170245
0.204398
0.186
0.15992
0.133799
0.1505
0.212
0.179321
0.178411
0.0888224
0.201798
0.179
0.121439
0.169915
0.178322
0.185814
0.165834
0.00849575
0.157264
0.117441
0.150849
0.222278
0.178233
0.137431
0.215784
0.162419
0.171914
0.01
0.158921
0.177645
0.193
0.204398
0.113387
0.1945
0.204898
0.1705
0.0559161
0.175325
0.168248
0.126937
0.1555
0.201
0.176912
0.157
0.193
0.192
0.115
0.14
0.161596
0.0374625
0.011994
0.0155
0.16
0.181818
0.167416
0.17973
0.1565
0.155922
0.216459
0.0314843
0.151349
0.157
0.16042
0.179
0.16983
0.153347
0.146
0.124438
0.0104948
0.156
0.187
0.154423
0.187406
0.152924
0.0994006
0.133433
0.191309
0.171
0.0114943
0.185814
0.218391
0.196705
0.185
0.190405
0.162257
0.170415
0.164835
0.0065
0.0224775
0.150275
0.1985
0.187
0.173913
0.097
0.155922
0.151924
0.0069965
0.154
0.12
0.181
0.1795
0.164918
0.112944
0.165917
0.165
0.138224
0.183724
0.164835
0.18041
0.2175
0.121
0.146354
0.1655
0.124
0.1155
0.0244878
0.171414
0.145355
0.0049975
0.1655
0.162419
0.127936
0.158
0.122
0.162419
0.0184815
0.122816
0.164254
0.18041
0.1575
0.166
0.144928
0.195305
0.212
0.1715
0.148926
0.209395
0.189027
0.187812
0.164418
0.0095
0.135864
0.158921
0.192212
0.1265
0.1615
0.1915
0.199201
0.161596
0.0344655
0.00699301
0.194
0.020979
0.162919
0.155
0.170829
0.153923
0.0104948
0.162675
0.121817
0.2025
0.1925
0.0155
0.155422
0.144855
0.0802592
0.1735
0.153
0.0155
0.00699301
0.151848
0.0174825
0.160839
0.122439
0.0174825
0.141
0.226
0.141
0.133
0.225
0.136932
0.204
0.231153
0.083
0.172414
0.191904
0.222
0.195902
0.217782
0.182817
0.1655
0.178732
0.1045
0.153
0.1935
0.179
0.194403
0.169915
0.164418
0.227273
0.172
0.168416
0.0104948
0.164835
0.167
0.112944
0.151
0.162919
0.005
0.235
0.116
0.1725
0.0444333
0.186
0.159341
0.163
0.167
0.162
0.153423
0.16034
0.169
0.1725
0.1645
0.171828
0.1795
0.162419
0.1905
0.207
0.171
0.162419
0.16
0.150925
0.112944
0.1795
0.1795
0.186534
0.178322
0.0344483
0.00499002
0.154423
0.162837
0.1655
0.183317
0.170915
0.0494753
0.111222
0.157421
0.199
0.147
0.191904
0.1935
0.210895
0.155
0.153
0.163754
0.1455
0.186534
0.187406
0.162257
0.164
0.127936
0.106
0.196803
0.163
0.202899
0.185315
0.145854
0.1585
0.1255
0.174825
0.176912
0.157
0.1225
0.0753869
0.183317
0.147
0.210895
0.00499002
0.169415
0.1645
0.201299
0.189905
0.216459
0.154923
0.186
0.1935
0.1325
0.146281
0.1595
0.173
0.190905
0.184
0.175
0.1675
0.1325
0.155
0.179
0.022
0.159341
0.178
0.0109835
0.169745
0.13037
0.1535
0.136932
0.21029
0.15942
0.172
0.2095
0.167249
0.161419
0.162338
0.195902
0.202899
0.1625
0.191808
0.195305
0.137931
0.1045
0.169915
0.124251
0.1985
0.196705
0.1595
0.155922
0.15992
0.0164753
0.187313
0.145
0.1505
0.0049975
0.186
0.15992
0.1915
0.201
0.167
0.174738
0.235
0.215
0.2005
0.1865
0.154423
0.149925
0.169162
0.0065
0.164418
0.1565
0.191
0.202
0.195402
0.141929
0.156843
0.182817
0.00849575
0.198401
0.182227
0.205397
0.212787
0.156344
0.0859141
0.1835
0.1585
0.132368
0.1715
0.1845
0.157
0.136932
0.194903
0.180729
0.15942
0.18041
0.153347
0.016
0.15942
0.2105
0.171414
0.1795
0.136432
0.1915
0.156765
0.157
0.1545
0.106
0.1785
0.0174913
0.1775
0.161
0.214393
0.153347
0.198702
0.136932
0.183724
0.209395
0.1125
0.202
0.1845
0.171657
0.156843
0.168416
0.013993
0.007996
0.037962
0.145137
0.19
0.129
0.147279
0.153923
0.214393
0.153
0.149701
0.0995
0.193903
0.1505
0.194112
0.175824
0.193403
0.169915
0.1815
0.119
0.122
0.1645
0.174913
0.152924
0.19031
0.0075
0.1155
0.165834
0.170829
0.150925
0.170915
0.188406
0.172914
0.162257
0.209291
0.1815
0.1815
0.135
0.175649
0.169745
0.147926
0.00899101
0.137431
0.122754
0.133933
0.189
0.183724
0.183908
0.1845
0.1575
0.112944
0.196803
0.182
0.195
0.0995
0.162338
0.18041
0.196108
0.1525
0.172
0.197303
0.146427
0.196304
0.205397
0.136
0.15992
0.178911
0.179321
0.172914
0.1635
0.1365
0.018
0.0274863
0.179321
0.1625
0.113
0.181319
0.0804196
0.143285
0.155
0.205397
0.203
0.148426
0.0065
0.1745
0.005
0.1545
0.152924
0.134798
0.18041
0.154845
0.1865
0.142715
0.170915
0.0095
0.191
0.0144928
0.165834
0.161596
0.0155
0.175
0.167
0.138362
0.191309
0.141929
0.2135
0.186
0.174913
0.195305
0.1005
0.164
0.1305
0.196803
0.181909
0.018
0.2095
0.108392
0.135365
0.143928
0.15035
0.0775
0.168164
0.137431
0.1545
0.135432
0.1565
0.0775
0.161339
0.194112
0.07996
0.179
0.168831
0.168
0.2155
0.00499002
0.164418
0.1735
0.175912
0.186
0.165917
0.122816
0.16042
0.1475
0.0114943
0.15035
0.134299
0.17941
0.123
0.0444333
0.0114943
0.134433
0.0954523
0.042957
0.142287
0.1125
0.1415
0.142
0.01
0.191
0.186907
0.156
0.16034
0.175824
0.161419
0.171828
0.201798
0.134798
0.155
0.026
0.132
0.164418
0.143856
0.130305
0.172914
0.175237
0.1545
0.156266
0.142429
0.1435
0.170415
0.164336
0.141288
0.142287
0.173739
0.222
0.147
0.171329
0.177911
0.182817
0.130305
0.165917
0.175
0.161919
0.203694
0.106394
0.191
0.180729
0.163418
0.1545
0.0124938
0.1795
0.108946
0.158921
0.177
0.0344655
0.202197
0.185
0.164254
0.173913
0.164336
0.1715
0.16983
0.164336
0.138362
0.013
0.163754
0.148
0.175912
0.209291
0.1115
0.2145
0.11994
0.007996
0.11982
0.186128
0.0559161
0.00998502
0.201
0.018
0.164254
0.152924
0.154845
0.122877
0.166
0.193903
0.0145
0.172414
0.14678
0.171414
0.170829
0.17
0.0149775
0.0264603
0.186
0.164
0.0114885
0.162257
0.154845
0.178911
0.185222
0.138
0.17016
0.217782
0.161596
0.190905
0.147
0.161419
0.168332
0.116
0.163673
0.113
0.1365
0.158921
0.188406
0.152196
0.171914
0.115442
0.148
0.1815
0.190405
0.15984
0.112944
0.165834
0.133
0.008
0.213
0.1965
0.215892
0.211289
0.1825
0.167
0.1125
0.2105
0.1265
0.160839
0.083
0.137862
0.1485
0.149
0.171828
0.172414
0.006
0.1435
0.1535
0.123
0.166251
0.141288
0.016
0.176324
0.121756
0.16
0.183908
0.0154923
0.146427
0.1265
0.135365
0.189405
0.185907
0.199
0.016
0.162419
0.187906
0.16
0.132
0.1485
0.178
0.1655
0.00699301
0.123
0.1
0.172827
0.2015
0.131434
0.131303
0.18672
0.155422
0.163418
0.16042
0.142429
0.135
0.1715
0.157
0.016
0.183908
0.0155
0.181
0.163337
0.196803
0.1045
0.14036
0.149
0.177645
0.164918
0.1495
0.178821
0.167
0.179231
0.147778
0.175824
0.172914
0.148
0.18041
0.0314843
0.1475
0.141429
0.184
0.192807
0.135432
0.155
0.173327
0.145
0.167416
0.15992
0.142429
0.168332
0.16034
0.154423
0.1475
0.204
0.146135
0.177323
0.191904
0.152424
0.203
0.028971
0.132434
0.153846
0.2005
0.1315
0.1305
0.133
0.02
0.185
0.177822
0.146927
0.1815
