0.257
0.228
0.251874
0.230769
0.235529
0.198702
0.269825
0.322516
0.237881
0.209
0.2495
0.277
0.267866
0.211788
0.2875
0.244511
0.264368
0.247
0.1975
0.237381
0.252
0.254
0.218672
0.255
0.23976
0.268
0.243756
0.240759
0.230385
0.2225
0.223888
0.26037
0.212394
0.246131
0.011
0.213
0.228386
0.2385
0.2555
0.270729
0.263368
0.231768
0.246
0.25
0.204
0.269865
0.2485
0.25
0.184
0.2425
0.204398
0.287213
0.2275
0.253873
0.253247
0.003998
0.211894
0.243257
0.2555
0.289776
0.16983
0.259111
0.2385
0.272364
0.266867
0.235265
0.2145
0.2835
0.26037
0.255872
0.2505
0.281219
0.241259
0.2235
0.2395
0.241259
0.154845
0.195902
0.2465
0.2555
0.234
0.235382
0.248252
0.250624
0.0134933
0.248751
0.155922
0.271322
0.219281
0.215784
0.2009
0.2465
0.2155
0.2085
0.287712
0.0174913
0.213
0.28
0.2575
0.279
0.00349476
0.284858
0.261869
0.240759
0.271864
0.2655
0.249375
0.0069965
0.298851
0.246
0.2175
0.237144
0.25
0.244
0.263368
0.234883
0.239141
0.283358
0.25
0.268
0.221889
0.266367
0.214
0.253247
0.232767
0.2405
0.237881
0.274
0.232384
0.2355
0.238381
0.257114
0.248876
0.2385
0.24
0.254
0.246377
0.239
0.291854
0.248
0.206793
0.158
0.255
0.276362
0.225
0.0335
0.206793
0.144711
0.312844
0.268
0.211894
0.263237
0.233533
0.26087
0.166917
0.247129
0.2565
0.233533
0.262869
0.257
0.2885
0.28
0.005997
0.2595
0.240399
0.166417
0.187
0.2185
0.25
0.239
0.227159
0.239
0.257243
0.00999001
0.257742
0.255
0.214393
0.187
0.253247
0.234
0.197901
0.0145
0.198702
0.2655
0.297203
0.182
0.273
0.245877
0.216675
0.192
0.012475
0.1815
0.252747
0.270865
0.242757
0.259611
0.272319
0.2505
0.277223
0.268366
0.206088
0.23315
0.269096
0.265867
0.283858
0.237263
0.242379
0.282359
0.201198
0.2415
0.2465
0.2505
0.222777
0.213
0.2135
0.22505
0.2105
0.158
0.2455
0.27
0.0184723
0.202399
0.257
0.249375
0.2145
0.253873
0.25937
0.150925
0.223888
0.272364
0.265867
0.277
0.251748
0.225
0.261869
0.18041
0.224888
0.231768
0.246254
0.251374
0.2435
0.237881
0.238
0.262238
0.2485
0.201899
0.218391
0.256
0.252374
0.229656
0.263736
0.272319
0.2805
0.266367
0.0134933
0.23938
0.292854
0.239141
0.226887
0.193709
0.182409
0.283575
0.268
0.25
0.207896
0.258371
0.2445
0.261869
0.246
0.231768
0.191309
0.246377
0.318341
0.246131
0.243
0.2255
0.1955
0.272
0.234
0.240759
0.240759
0.2695
0.28
0.264735
0.263736
0.2585
0.252248
0.281
0.252747
0.235882
0.259
0.2185
0.1955
0.269231
0.26037
0.00799201
0.205
0.277223
0.221058
0.2615
0.255362
0.235265
0.2595
0.257
0.2425
0.22
0.205794
0.233883
0.235529
0.293706
0.245754
0.279081
0.234383
0.18041
0.197901
0.201198
0.1595
0.196705
0.2215
0.249875
0.2375
0.286926
0.257614
0.167416
0.275225
0.233383
0.3002
0.245377
0.235647
0.226887
0.24975
0.2685
0.234032
0.2775
0.24026
0.252243
0.2305
0.255362
0.241879
0.253
0.2145
0.2465
0.274863
0.281219
0.244511
0.277584
0.243257
0.2475
0.283575
0.244378
0.233766
0.2705
0.2635
0.229
0.222
0.2475
0.215569
0.221389
0.251123
0.271728
0.271864
0.287712
0.2685
0.253373
0.2365
0.0085
0.2625
0.227886
0.2425
0.253247
0.00698952
0.25974
0.22
0.249
0.252
0.0204898
0.20669
0.2245
0.25
0.264236
0.2835
0.252495
0.214893
0.239141
0.237881
0.239641
0.237381
0.224164
0.2155
0.264868
0.2075
0.00649026
0.24
0.248376
0.265235
0.2835
0.00548902
0.271728
0.267
0.013993
0.191
0.2225
0.005997
0.2175
0.00849575
0.207896
0.00699301
0.243635
0.237881
0.2075
0.255372
0.221058
0.2375
0.196705
0.250125
0.23938
0.256872
0.247
0.002
0.293706
0.274813
0.256
0.2665
0.214286
0.2275
0.2225
0.207189
0.245377
0.237881
0.258371
0.279081
0.215569
0.312844
0.26087
0.2685
0.2055
0.261369
0.244
0.258
0.250125
0.262
0.243257
0.2155
0.208396
0.26037
0.227159
0.222
0.2035
0.249875
0.2235
0.2395
0.236264
0.247
0.013979
0.208188
0.276862
0.245754
0.258612
0.217891
0.237263
0.2415
0.2225
0.236645
0.255245
0.298753
0.209395
0.259111
0.237
0.2365
0.215676
0.263868
0.243014
0.209
0.205
0.241379
0.230885
0.271864
0.190405
0.257
0.202
0.237
0.270459
0.244878
0.00349825
0.238024
0.22505
0.22977
0.2425
0.282359
0.218672
0.0155
0.237881
0.223888
0.2365
0.261869
0.2545
0.210395
0.245632
0.264236
0.258
