0.1755
0.187906
0.213
0.178
0.167249
0.1975
0.2245
0.220669
0.199
0.214893
0.148926
0.1935
0.216176
0.247876
0.211577
0.290564
0.2225
0.253247
0.246377
0.00649675
0.225387
0.195207
0.252248
0.215392
0.2415
0.192
0.259481
0.203
0.0174651
0.2125
0.266367
0.226
0.218282
0.189
0.245754
0.2515
0.192404
0.228
0.216567
0.213287
0.213
0.201198
0.249501
0.159341
0.163418
0.213679
0.2105
0.2005
0.223665
0.2535
0.2585
0.24026
0.1925
0.215892
0.240639
0.2105
0.213679
0.2345
0.231
0.2265
0.210395
0.2335
0.229
0.240639
0.270865
0.00849151
0.231384
0.1985
0.206
0.188
0.2495
0.252248
0.2115
0.2215
0.189905
0.216392
0.208292
0.221889
0.165
0.230885
0.2115
0.29
0.198801
0.187812
0.24
0.2565
0.222
0.21029
0.244134
0.218282
0.281219
0.234
0.221778
0.0244633
0.2415
0.246377
0.178
0.233883
0.2245
0.2405
0.233383
0.247876
0.251748
0.234
0.213393
0.221889
0.1997
0.236382
0.204795
0.231038
0.2615
0.194403
0.227
0.011994
0.237762
0.2515
0.008
0.261738
0.230885
0.213893
0.211078
0.274863
0.198801
0.229885
0.2365
0.255
0.21989
0.217174
0.0184908
0.224888
0.197901
0.2185
0.1994
0.244755
0.218282
0.23315
0.245754
0.00999001
0.216892
0.230155
0.23938
0.227886
0.222278
0.00449326
0.258242
0.163418
0.2455
0.257
0.196803
0.195
0.2585
0.2285
0.257371
0.258
0.195305
0.205897
0.204
0.182
0.251874
0.175912
0.202797
0.247876
0.263368
0.0968064
0.238881
0.20669
0.243135
0.249
0.0065
0.236
0.223888
0.240639
0.1725
0.0075
0.261239
0.2445
0.201
0.1985
0.234883
0.253873
0.249377
0.00549725
0.2345
0.285287
0.253
0.261869
0.2305
0.186314
0.274863
0.221889
0.2395
0.264
0.2115
0.245509
0.238881
0.0109945
0.257871
0.229
0.252248
0.219561
0.209895
0.213287
0.210395
0.222167
0.234383
0.249626
0.213393
0.1998
0.248627
0.2245
0.229385
0.263237
0.232884
0.20399
0.166334
0.0115
0.215392
0.250875
0.206397
0.237144
0.2415
0.1635
0.248
0.197401
0.197802
0.0244633
0.234
0.210789
0.165
0.263368
0.197802
0.1705
0.2075
0.223388
0.240759
0.221889
0.208
0.186407
0.132
0.1945
0.222167
0.235
0.22017
0.252874
0.2565
0.244
0.197901
0.252
0.00549451
0.221667
0.218891
0.228886
0.215892
0.245754
0.190619
0.260739
0.223
0.211894
0.242757
0.193403
0.23938
0.220779
0.254873
0.256372
0.2255
0.2455
0.191213
0.007
0.217
0.242757
0.2375
0.2205
0.1995
0.1855
0.181319
0.212
0.213393
0.258871
0.234383
0.222167
0.2595
0.189905
0.216284
0.252122
0.254873
0.217174
0.198801
0.252
0.204898
0.2465
0.0044955
0.194403
0.246
0.134
0.1635
0.211577
0.2575
0.244134
0.226274
0.250499
0.198
0.2055
0.153423
0.2415
0.214
0.252122
0.287712
0.2265
0.242757
0.206294
0.2004
0.215
0.1895
0.233883
0.194805
0.215
0.2585
0.215392
0.245754
0.1997
0.1999
0.162
0.244389
0.2004
0.222278
0.262737
0.231269
0.206397
0.25974
0.208
0.2665
0.2645
0.226547
0.243257
0.206397
0.178322
0.236882
0.201
0.205397
0.230654
0.202899
0.234648
0.23938
0.163418
0.193903
0.211788
0.212
0.158841
0.234383
0.194403
0.229271
0.003998
0.210395
0.287856
0.208
0.2155
0.0065
0.232
0.2055
0.2465
0.177
0.204
0.0109945
0.228
0.213287
0.245754
0.237
0.206
0.193403
0.165
0.232884
0.22017
0.250375
0.224276
0.252
0.0044955
0.227386
0.173566
0.242
0.245132
0.249251
0.247876
0.004
0.258113
0.004995
0.185315
0.234
0.2295
0.1985
0.238262
0.272864
0.229156
0.2235
0.2345
0.189
0.005
0.0035
0.2325
0.2125
0.191
0.2095
0.244378
0.228
0.270729
0.253493
0.20669
0.2745
0.204795
0.203
0.1635
0.230885
0.243257
0.186907
0.241259
0.2135
0.253373
0.184224
0.0055
0.229156
0.2545
0.0065
0.1965
0.272864
0.218781
0.2395
0.2135
0.00999001
0.24038
0.013
0.231884
0.260739
0.232268
0.2
0.2315
0.22017
0.221389
0.258354
0.269865
0.229385
0.247
0.247
0.203
0.214785
0.238381
0.254
0.283217
0.193
0.227886
0.210789
0.2305
0.0085
0.206
0.240759
0.0075
0.227
0.2265
0.243
0.226274
0.2205
0.244389
0.248376
0.212
0.205397
0.009
0.00399401
0.205794
0.003998
0.197401
0.196402
0.00649675
0.185907
0.221889
0.267
0.222167
0.249
0.210789
0.2375
0.151924
0.202399
0.203195
0.2045
0.173913
0.266101
0.2135
0.204
0.285
0.1885
0.217
0.244755
0.19
0.217891
0.183408
0.2615
0.218
0.23976
0.214
0.207
0.233883
0.2325
0.249875
