0.243
0.209476
0.231653
0.223388
0.270865
0.205
0.00748877
0.211
0.197
0.24026
0.225
0.23938
0.198
0.225549
0.234149
0.204898
0.248876
0.224388
0.1595
0.2205
0.22039
0.266367
0.209476
0.252874
0.0135
0.291063
0.216675
0.267732
0.258
0.249
0.2355
0.251874
0.241
0.259241
0.203
0.194306
0.184
0.1315
0.231768
0.2325
0.2485
0.22017
0.0139721
0.244878
0.204591
0.216176
0.181727
0.2435
0.203
0.010978
0.2155
0.222555
0.195
0.011
0.24088
0.218391
0.211894
0.2005
0.0065
0.213893
0.189
0.238143
0.2535
0.216892
0.263368
0.22
0.22017
0.2485
0.213
0.22977
0.136
0.235
0.251874
0.258871
0.18
0.00748877
0.2535
0.2155
0.212894
0.18672
0.2205
0.006
0.209895
0.229885
0.241
0.187625
0.218391
0.224388
0.225387
0.241
0.223388
0.0114943
0.2515
0.2325
0.235
0.2475
0.264
0.2205
0.0069965
0.202899
0.255117
0.218391
0.197901
0.2115
0.170415
0.233766
0.251874
0.1605
0.2425
0.202197
0.2415
0.235265
0.232268
0.197
0.22666
0.204398
0.234883
0.2865
0.201399
0.189715
0.233883
0.214
0.232268
0.1925
0.020979
0.245754
0.226387
0.2445
0.243878
0.2155
0.245255
0.2215
0.204398
0.169415
0.228044
0.25362
0.249
0.244878
0.258612
0.242636
0.206897
0.2365
0.222167
0.252248
0.182409
0.252874
0.292854
0.233
0.0144928
0.250624
0.190714
0.248
0.212
0.213893
0.234266
0.261
0.00349825
0.00698952
0.2385
0.24088
0.23938
0.222555
0.213893
0.227
0.243378
0.239
0.21989
0.190714
0.226387
0.1795
0.1915
0.234883
0.239
0.246377
0.2315
0.2325
0.209895
0.207
0.175
0.0115
0.0044955
0.245
0.226
0.2195
0.244878
0.213893
0.184408
0.2465
0.214785
0.161838
0.25
0.005997
0.231768
0.206397
0.207
0.259241
0.274863
0.227
0.215
0.242879
0.243378
0.2525
0.1925
0.204898
0.2485
0.223776
0.233766
0.23938
0.227
0.251374
0.21
0.265867
0.26
0.2165
0.207189
0.194708
0.213
0.209895
0.2095
0.2565
0.0045
0.209895
0.221889
0.233267
0.2205
0.256372
0.244
0.279221
0.202
0.228272
0.228044
0.188623
0.253373
0.249251
0.0145
0.2125
0.2
0.25
0.23315
0.227
0.234883
0.2165
0.194514
0.282859
0.223888
0.2715
0.2155
0.232268
0.23976
0.221279
0.223388
0.224
0.189405
0.268098
0.251748
0.277223
0.234648
0.217283
0.2575
0.223
0.257114
0.17941
0.190405
0.2155
0.206397
0.020979
0.1745
0.191904
0.2305
0.223888
0.232384
0.227159
0.241
0.238381
0.212394
0.2245
0.232
0.24038
0.2009
0.221778
0.208084
0.226274
0.250375
0.24
0.188218
0.2145
0.221778
0.239022
0.263736
0.206897
0.168416
0.227
0.00749625
0.203
0.202
0.246753
0.223388
0.211894
0.1805
0.231384
0.22039
0.226887
0.2002
0.241259
0.1905
0.2495
0.185
0.2009
0.225
0.250624
0.2155
0.2315
0.184723
0.235265
0.2435
0.207
0.249
0.261
0.237881
0.00948577
0.0144928
0.275362
0.208896
0.207792
0.226387
0.248876
0.185037
0.188717
0.183
0.251374
0.2525
0.2245
0.2009
0.21984
0.24
0.234531
0.197
0.2585
0.1998
0.188623
0.1595
0.2095
0.197401
0.197
0.242
0.2105
0.288068
0.27023
0.1945
0.2225
0.228657
0.225387
0.186907
0.233
0.242
0.266367
0.218391
0.22017
0.221389
0.289066
0.250749
0.26024
0.21967
0.206
0.0155
0.195
0.2115
0.246254
0.225275
0.237381
0.2465
0.202
0.221
0.2405
0.275
0.2405
0.22089
0.178821
0.252122
0.2425
0.304196
0.197401
0.166667
0.0045
0.217891
0.0045
0.2195
0.257371
0.224775
0.254618
0.267099
0.252248
0.264368
0.204
0.2575
0.1999
0.233
0.258871
0.232268
0.215892
0.013979
0.1999
0.230885
0.209895
0.246507
0.2205
0.26
0.263
0.0085
0.221279
0.238024
0.2585
0.226274
0.225387
0.1999
0.243135
0.25362
0.00949525
0.198203
0.288567
0.26
0.017991
0.265367
0.2305
0.23315
0.218891
0.0055
0.2355
0.213786
0.0055
0.23976
0.181
0.243878
0.22028
0.162
0.241259
0.2465
0.216392
0.2175
0.224
0.209685
0.2315
0.210395
0.194514
0.018
0.225387
0.184224
0.282859
0.24088
0.221778
0.238
0.2009
0.224388
0.22028
0.2165
0.24
0.251
0.22089
0.231537
0.1999
0.198203
0.214
0.22006
0.255
0.2055
0.1965
0.1835
0.009995
0.217
0.232884
0.174326
0.216
0.253873
0.2095
0.262
0.250375
0.207189
0.2475
0.227772
0.21318
0.196402
0.175
0.228272
0.265235
0.197703
0.262
0.182409
0.194209
0.2445
0.2475
0.235
0.237263
0.152272
0.228386
0.198104
0.23315
0.249
0.269365
0.2445
0.243878
