0.0124938
0.194
0.207896
0.206
0.192116
0.1835
0.198
0.20979
0.23
0.012
0.2655
0.203094
0.2095
0.2325
0.197703
0.198
0.13993
0.224888
0.228886
0.213
0.222666
0.176412
0.223
0.01
0.237644
0.2
0.208896
0.242379
0.241259
0.205691
0.1965
0.143
0.221889
0.210895
0.222278
0.224775
0.227
0.247
0.2135
0.2004
0.223888
0.213893
0.203898
0.21
0.241
0.23
0.274863
0.196402
0.252
0.173327
0.00548902
0.2305
0.197703
0.23027
0.25
0.24663
0.1965
0.192807
0.17982
0.201399
0.2285
0.230385
0.211
0.2545
0.225162
0.223
0.229
0.2035
0.230155
0.213
0.213
0.267
0.2675
0.2285
0.007
0.203398
0.212894
0.217565
0.243513
0.196902
0.206897
0.190714
0.219062
0.239641
0.2125
0.218173
0.223277
0.2245
0.229156
0.161
0.255744
0.163836
0.230769
0.204296
0.182726
0.195402
0.208687
0.265602
0.208896
0.244755
0.011
0.165751
0.208687
0.0075
0.2315
0.224888
0.2145
0.198
0.201299
0.00999001
0.275862
0.2095
0.0234883
0.183408
0.0234883
0.194
0.223
0.199
0.235882
0.230539
0.2055
0.174
0.202298
0.2415
0.202
0.253373
0.214179
0.2285
0.269865
0.2195
0.151
0.230885
0.2095
0.205192
0.2295
0.234
0.243
0.214
0.0975
0.01
0.230385
0.252
0.258
0.209291
0.211
0.202
0.1915
0.224888
0.2655
0.205897
0.1895
0.1815
0.200599
0.2175
0.211394
0.2125
0.011
0.158421
0.212894
0.1995
0.2315
0.17982
0.204
0.274863
0.214179
0.232884
0.155922
0.0239641
0.2165
0.201399
0.229385
0.184224
0.215177
0.198901
0.25
0.221389
0.21197
0.0095
0.216392
0.226387
0.2195
0.229
0.222389
0.1845
0.255
0.258871
0.220669
0.23
0.226387
0.0069965
0.1685
0.216392
0.171914
0.247752
0.169246
0.202
0.203094
0.23315
0.00349825
0.1685
0.012
0.2105
0.164418
0.09995
0.125375
0.227659
0.241638
0.244878
0.2625
0.259111
0.162837
0.011982
0.2505
0.1945
0.00649675
0.228158
0.246377
0.221389
0.164
0.226887
0.196
0.174738
0.235382
0.262737
0.0124938
0.255372
0.216567
0.209685
0.239
0.210895
0.141218
0.231
0.221889
0.216892
0.181909
0.251623
0.193403
0.231038
0.243135
0.224276
0.210895
0.225
0.264868
0.211682
0.25987
0.174413
0.18
0.223388
0.2004
0.236763
0.22
0.190809
0.24663
0.253373
0.220669
0.202696
0.183
0.01
0.197802
0.226
0.0104948
0.2525
0.194
0.176324
0.0169745
0.232767
0.00899101
0.242379
0.205
0.236763
0.231653
0.169331
0.189905
0.201
0.216284
0.261369
0.2085
0.00899101
0.218781
0.23192
0.172
0.194306
0.2265
0.222389
0.211289
0.215
0.203694
0.0115
0.198901
0.198
0.0295
0.195804
0.1725
0.216892
0.2485
0.208896
0.168916
0.208
0.0129935
0.17033
0.252
0.2545
0.197
0.224388
0.205
0.178821
0.197703
0.169331
0.2275
0.216392
0.1605
0.236
0.1745
0.164254
0.05997
0.191
0.1925
0.009
0.26
0.237762
0.2125
0.2035
0.0109835
0.166417
0.226274
0.197703
0.23027
0.21
0.177
0.0115
0.222
0.181228
0.2045
0.187
0.237
0.00898204
0.2205
0.233383
0.2125
0.238024
0.217
0.158342
0.2155
0.197605
0.2235
0.07996
0.00449775
0.168
0.196705
0.233
0.216
0.2235
0.0105
0.232767
0.205
0.209895
0.22039
0.227
0.226387
0.07996
0.2575
0.22028
0.18
0.2025
0.245877
0.213
0.22028
0.217391
0.2025
0.201
0.223
0.197802
0.206
0.216284
0.0025
0.222278
0.188218
0.013
0.2195
0.213
0.2205
0.1725
0.212894
0.217782
0.244
0.262712
0.0275
0.216
0.202899
0.230155
0.243378
0.0109835
0.233383
0.174913
0.1705
0.275862
0.21
0.206294
0.243513
0.194
0.241138
0.248128
0.00649675
0.28
0.227
0.15984
0.252
0.216392
0.218282
0.2055
0.158342
0.242757
0.233383
0.232884
0.245377
0.197401
0.229156
0.255872
0.262737
0.249875
0.251623
0.218
0.233383
0.244
0.2385
0.213679
0.219062
0.243378
0.224052
0.232884
0.275
0.156
0.216958
0.208791
0.232419
0.197
0.115
0.251
0.218781
0.202298
0.0095
0.2125
0.198
0.237644
0.215892
0.183633
0.2135
0.227
0.013993
0.208978
0.235382
0.228886
0.2295
0.169246
0.251
0.0124938
0.16983
0.2485
0.171
0.201399
0.0044955
0.168916
0.209395
0.1875
0.210789
0.1845
0.2315
0.00849575
0.171742
0.158921
0.19
0.225887
0.23988
0.231384
0.174326
0.2235
0.227
0.1925
0.273
0.229385
0.204092
0.222
0.1715
0.1915
0.179
0.2425
0.0075
0.218781
0.2235
0.213679
0.192308
0.203694
0.2305
0.178732
0.246753
0.197802
0.165917
0.191
0.233
0.1795
