0.147206
0.16042
0.0165
0.105788
0.109
0.113
0.135932
0.0969515
0.103948
0.171742
0.148
0.142358
0.147353
0.18993
0.1885
0.0244878
0.168332
0.0864568
0.14
0.167916
0.160599
0.156922
0.11994
0.121939
0.1315
0.123315
0.164753
0.177
0.1575
0.138155
0.111
0.01999
0.0325
0.112944
0.106
0.00648056
0.1145
0.166251
0.116
0.128
0.1305
0.0994503
0.1605
0.154346
0.12681
0.187906
0.114
0.125437
0.0875
0.150925
0.147353
0.144855
0.1795
0.1365
0.0105
0.153
0.14093
0.168416
0.121939
0.184815
0.095
0.0055
0.0624064
0.131434
0.00848727
0.158
0.031
0.1565
0.126
0.112944
0.163337
0.161919
0.0204898
0.0869131
0.149425
0.123
0.113
0.161838
0.0109945
0.149
0.0174738
0.128436
0.125937
0.0049975
0.1555
0.0904096
0.0904096
0.152695
0.1695
0.126
0.140719
0.1565
0.186
0.1665
0.011994
0.106947
0.00949051
0.163836
0.01
0.0165
0.123438
0.173
0.159261
0.154
0.126
0.0185
0.0715
0.1175
0.12681
0.133933
0.105947
0.148851
0.0195
0.139
0.153423
0.116
0.0285
0.144428
0.0869131
0.168416
0.130935
0.087
0.012
0.12681
0.147
0.182409
0.110445
0.161
0.0129935
0.1325
0.0184908
0.0089955
0.1165
0.1695
0.01
0.1745
0.13
0.181546
0.10684
0.152847
0.109391
0.1305
0.118762
0.1505
0.0134798
0.125437
0.12
0.10634
0.1505
0.153
0.161757
0.1235
0.0965
0.0085
0.00749625
0.16034
0.137862
0.1585
0.1225
0.148
0.017
0.167916
0.12044
0.119
0.127436
0.141359
0.112
0.007996
0.0089955
0.14093
0.086
0.153
0.031
0.0404595
0.147426
0.148777
0.12987
0.16042
0.138431
0.0114828
0.154269
0.021989
0.13523
0.1345
0.017973
0.136863
0.172827
0.141
0.123315
0.121878
0.145781
0.16983
0.014
0.119321
0.161258
0.149925
0.1125
0.010479
0.13523
0.0114885
0.1625
0.15992
0.0965
0.143856
0.125
0.159261
0.019
0.011994
0.134798
0.09
0.1365
0.0853719
0.0939061
0.114
0.110889
0.121
0.173
0.1475
0.105788
0.193
0.139
0.147206
0.0295
0.0525
0.1565
0.019
0.00949051
0.138431
0.131303
0.167832
0.138431
0.181
0.0204898
0.0675
0.144212
0.126
0.146281
0.015
0.187406
0.00998502
0.045977
0.1805
0.137226
0.12094
0.0593812
0.1615
0.159
0.142
0.0814593
0.163418
0.0914543
0.121
0.134299
0.0354468
0.16092
0.131303
0.1295
0.0864568
0.115884
0.104448
0.143928
0.164418
0.111
0.184815
0.148426
0.0404393
0.144
0.0844578
0.189405
0.149351
0.006
0.017991
0.172741
0.006
0.0818772
0.122693
0.161838
0.1395
0.1305
0.0949525
0.1065
0.146927
0.1265
0.1665
0.134933
0.0384615
0.0829171
0.161
0.186314
0.157685
0.144928
0.1645
0.11994
0.146853
0.164918
0.078
0.148926
0.0859141
0.0235
0.141
0.1245
0.159
0.154269
0.161838
0.0995
0.1535
0.141
0.175325
0.112944
0.146427
0.133933
0.1145
0.152424
0.0445
0.17982
0.0585
0.026
0.009995
0.133799
0.057
0.122877
0.0235
0.1565
0.0839161
0.0125
0.141858
0.0285
0.151349
0.154269
0.0155
0.009
0.0798802
0.150425
0.0868697
0.126437
0.106
0.0444333
0.1415
0.1535
0.159261
0.105395
0.152924
0.1765
0.011
0.181909
0.15942
0.1365
0.1655
0.102449
0.115884
0.1695
0.124314
0.14
0.171828
0.0194708
0.215461
0.03
0.15
0.00948104
0.126
0.17991
0.123438
0.148
0.168416
0.011
0.1505
0.125937
0.134798
0.147279
0.0055
0.174651
0.161258
0.172827
0.167916
0.033983
0.113886
0.129
0.1355
0.136
0.151848
0.144356
0.131369
0.143
0.012
0.1455
0.0294558
0.159341
0.0165
0.1155
0.111444
0.163918
0.105894
0.076808
0.17
0.0125
0.153
0.0234883
0.123938
0.163754
0.1805
0.082
0.0954523
0.0204795
0.193403
0.0269865
0.0875
0.15992
0.00549451
0.124938
0.0939061
0.152771
0.148703
0.110445
0.161
0.153
0.137
0.136863
0.00849151
0.11994
0.148
0.114943
0.0295
0.0874563
0.011
0.16034
0.0169915
0.125874
0.0184908
0.200799
0.0868697
0.0995
0.011994
0.156
0.1355
0.0095
0.166251
0.186907
0.187
0.11994
0.156422
0.047
0.13523
0.142786
0.0104895
0.133
0.163418
0.149425
0.0055
0.171414
0.114828
0.00549725
0.0185
0.156843
0.0949525
0.078
0.106947
0.0988517
0.109945
0.10045
0.1015
0.173
0.096
0.1495
0.1895
0.1
0.11039
0.129435
0.1465
0.0715
0.047976
0.1035
0.1225
0.103
0.126
0.0234883
0.1645
0.103448
0.154192
0.122
0.150275
0.107
0.186
0.021989
0.135
0.141787
0.031
0.137
0.0035
0.109945
0.128871
0.118941
0.108891
0.002997
0.16026
0.128871
0.1565
0.096
0.0175
0.0715
0.181409
0.0773839
0.111
0.0289855
0.033983
0.121817
0.114386
0.00948104
0.1315
0.099
0.1305
0.121817
0.148
0.0925
0.123438
0.0089955
0.152
0.157
0.0245
0.112332
0.0109835
0.0783433
0.125312
0.0984508
0.0849575
0.166
0.187
0.127436
0.17982
0.0969515
0.1805
0.0654673
0.129371
0.0115
0.1515
0.136
0.138431
0.125937
0.0089955
0.128743
0.0404393
0.123
0.161339
0.148426
0.00948577
0.1395
0.131434
0.135796
0.0925
0.162919
0.172827
0.169915
0.121878
0.152771
0.104448
0.110945
0.16092
0.1175
0.015
0.152924
0.148
0.014
0.105841
0.125312
0.04
0.113
0.168
0.119
0.106447
0.0869131
0.1475
0.12525
0.118822
0.1125
0.1135
0.017991
0.1735
0.12
0.102449
0.126873
0.1135
0.111
0.15
0.138431
0.123
0.122
0.0104895
0.136
0.146281
0.1305
0.0869131
0.0409795
0.106394
0.143
0.021
0.0744256
0.0185
0.0185
0.018
0.173913
0.147
0.141359
0.0883674
0.0114943
0.147926
0.155922
0.03996
0.17982
0.0125
0.140859
0.0998502
0.127808
0.137
0.118441
0.193
0.172414
0.101847
0.113772
0.017991
0.135
0.157421
0.136
0.00849575
0.15327
0.112
0.1165
0.1815
0.147353
0.136
0.1765
0.136
0.123438
0.141
0.1515
0.154768
0.00848727
0.149351
0.1285
0.146427
0.127808
0.054
0.126
0.109391
0.1245
0.0264868
0.147279
0.1115
0.13
0.1333
0.154923
0.0104843
0.1815
0.126
0.0994503
0.0939061
0.182817
0.141787
0.1155
0.13
0.121878
0.135932
0.122693
0.0055
0.154536
0.125937
0.00749251
0.005997
0.133933
0.133
0.1395
0.0299551
0.126
0.075
0.116
0.0624064
0.126
0.144928
0.128372
0.127436
0.175237
0.156922
0.12044
0.126
0.1515
0.162837
0.145355
0.103448
0.146427
0.1365
0.0994503
0.152424
0.128
0.096
0.015992
0.168416
0.153423
0.017982
0.012
0.108891
0.138
0.009
0.148
0.155422
0.104448
0.0169915
0.0424788
0.153
0.0134933
0.0354645
0.0625
0.166417
0.150925
0.014
0.0874563
0.114329
0.0969515
0.0225
0.111888
0.1365
0.144855
0.141929
0.123438
0.0995
0.157421
0.154845
0.0714286
0.1385
0.125
0.103948
0.142786
0.141288
0.1615
0.173
0.111
0.0954523
0.019
0.154
0.10045
0.012987
0.181
0.174239
0.140719
0.165417
0.163337
0.1275
0.015
0.101847
0.198
0.16026
0.0984016
0.0325
0.115942
0.133
0.0205
0.175
0.101949
0.0175
0.157264
0.113
0.159
0.166417
0.1235
0.00749625
0.163
0.0089955
0.1465
0.157421
0.141429
0.00949525
0.175
0.114
0.159
0.00899101
0.0089955
0.147852
0.015992
0.14
0.1395
0.0949525
0.101847
0.0235
0.129435
0.131434
0.159
0.153
0.1895
0.10045
0.115884
0.1025
0.1125
0.143928
0.0374813
0.1835
0.1645
0.152348
0.135432
0.161258
0.0195
0.148352
0.0593812
0.167748
0.154923
0.0334665
0.141
0.0245
0.108392
0.0715
0.0154923
0.0069965
0.1015
0.177411
0.113
0.1125
0.1045
0.151924
0.05997
0.143928
0.158421
0.02
0.161919
0.1525
0.0704648
0.0085
0.164918
0.104448
0.200799
0.0314843
0.0145
0.024
0.112944
0.132934
0.146927
0.167333
0.113
0.022977
0.0818772
0.025
0.147426
0.158841
0.00949525
0.168416
0.14
0.146427
0.161339
0.161838
0.00648056
0.138431
0.0833749
0.085
0.167916
0.0955
0.136
0.175237
0.178
0.1585
0.1645
0.104448
0.189905
0.152424
0.13
0.161919
0.00849151
0.118822
0.14
0.163
0.163418
0.113
0.141218
0.15992
0.014
0.0155
0.124
0.154923
0.169415
0.078
0.159
0.153
0.113943
0.097
0.120879
0.1645
0.1405
0.101399
0.153
0.1145
0.1175
0.143713
0.0245
0.112944
0.147206
0.00799201
0.12987
0.126374
0.1515
0.096
0.16034
0.149351
0.146853
0.127436
0.153693
0.138
0.1745
0.143
0.0134798
0.0715
0.1395
0.0848303
0.127745
0.1405
0.142786
0.136932
0.1135
0.159341
0.125
0.153347
0.0749625
0.161
0.141858
0.144428
0.0215
0.119381
0.153423
0.0914086
0.1395
0.00598802
0.0625
0.123
0.00998004
0.106947
0.1065
0.008
0.0564718
0.095952
0.151848
0.1815
0.017
0.022
0.141787
0.204296
0.126
0.115385
0.121
0.0954523
0.043
0.086
0.0409795
0.173327
0.00449775
0.031
0.159341
0.157
0.129371
0.156
0.189405
0.141
0.147
0.021989
0.131303
0.164
0.148851
0.149351
0.1515
0.0915
0.154346
0.1225
0.159
0.190905
0.166917
0.146427
0.076
0.029
0.124376
0.184908
0.16034
0.1125
0.1585
0.00949051
0.1845
0.0325
0.016983
0.154192
0.0115
0.144428
0.132801
0.00549725
0.039
0.156266
0.195
0.024
0.103948
0.0204898
0.125937
0.0775
0.143
0.116942
0.0035
0.136932
0.1455
0.045977
0.015992
0.076
0.133933
0.103948
0.143214
0.00799201
0.0224775
0.0729635
0.145
0.125
0.159
0.0055
0.0125
0.166667
0.14093
0.0194708
0.156765
0.152272
0.138431
0.017991
0.115884
0.0224888
0.156266
0.161339
0.00749625
0.152847
0.151924
0.0104895
0.144928
0.1225
0.1355
0.139
0.031
0.124875
0.1605
0.0994503
0.073963
0.136863
0.215461
0.088
0.0114943
0.204296
0.114943
0.00848727
0.129676
0.0409795
0.113
0.157
0.129676
0.173913
0.09
0.1305
0.121817
0.135932
0.143
0.119
0.189905
0.0485
0.162
0.149626
0.190809
0.164254
0.125
0.00799201
0.166251
0.139222
0.154346
0.1065
0.1445
0.0965
0.135932
0.102897
0.1795
0.127436
0.173
0.131
0.11994
0.136364
0.132934
0.111
0.136364
0.104448
0.180819
0.149351
0.0224888
0.095952
0.0109835
0.196
0.1395
0.0445
0.00449326
0.0818772
0.123438
0.148
0.174651
0.014
0.1785
0.123814
0.1145
0.168416
0.152348
0.15
0.0995
0.129435
0.1495
0.046
0.143285
0.160599
0.0364271
0.0145
0.1215
0.132
0.0205
0.1365
0.0204898
0.154346
0.136
0.184815
0.0174913
0.134299
0.1375
0.138431
0.163836
0.1035
0.17016
0.127872
0.16092
0.173327
0.153
0.0224888
0.123
0.118941
0.0818772
0.1445
0.129935
0.027
0.166
0.128308
0.14093
0.095952
0.125312
0.167916
0.0954523
0.127745
0.124875
0.159
0.175237
0.108
0.116267
0.1515
0.1365
0.115385
0.0144783
0.12038
0.152424
0.131934
0.152
0.183408
0.01
0.016
0.0085
0.116
0.077961
0.0875
0.0145
0.176
0.12
0.169915
0.142429
0.0445
0.154
0.0884116
0.146281
0.152348
0.184908
0.0905
0.193307
0.0775
0.155345
0.1565
0.161757
0.129435
0.104448
0.1465
0.126873
0.178821
0.179
0.1585
0.0979021
0.178
0.159
0.153
0.0075
0.017
0.137
0.192
0.125
0.12525
0.137431
0.017973
0.181546
0.101847
0.148
0.143784
0.114
0.0035
0.119
0.128372
0.0868697
0.144
0.131
0.202096
0.124438
0.1215
0.143
0.0209895
0.103948
0.132
0.0114828
0.16092
0.00799201
0.151
0.1225
0.129435
0.168416
0.141218
0.11039
0.024
0.011988
0.137431
0.007996
0.117941
0.167416
0.109
0.143784
0.1365
0.1235
0.0898652
0.161
0.163836
0.007
0.146427
0.1175
0.145355
0.15992
0.121817
0.114828
0.12681
0.1
0.09
0.167748
0.188811
0.136
0.0035
0.0089955
0.0065
0.0194805
0.202096
0.1045
0.1365
0.097
0.0354468
0.12094
0.0215
0.1145
0.118822
0.0954523
0.0729635
0.0904096
0.0189715
0.131934
0.0988517
0.0984016
0.15992
0.155922
0.112944
0.1595
0.163418
0.027
0.131
0.0089955
0.151
0.150275
0.0104843
0.14
0.149425
0.0893214
0.194209
0.169745
0.003996
0.151349
0.03996
0.131369
0.158263
0.1525
0.12038
0.0914086
0.1435
0.0075
0.173913
0.12
0.00998502
0.200799
0.164
0.158921
0.138
0.167916
0.1315
0.133
0.0089955
0.136228
0.144928
0.158841
0.115
0.101399
0.0615
0.1275
0.149425
0.161
0.12681
0.0915
0.00948577
0.126873
0.1365
0.1025
0.1515
0.168
0.138431
0.148
0.173
0.0129805
0.161757
0.187126
0.1465
0.1125
0.1595
0.163418
0.134366
0.1135
0.109
0.194915
0.115942
0.1435
0.1365
0.00998004
0.012
0.168416
0.152847
0.110945
0.0804598
0.138431
0.119
0.181909
0.114
0.0459082
0.039
0.126
0.13993
0.1175
0.0414585
0.0085
0.166917
0.1595
0.114
0.096
0.1505
0.160839
0.12681
0.0135
0.01
0.0114943
0.118822
0.127745
0.14
0.134865
0.031
0.110945
0.12681
0.0194805
0.073963
0.106947
0.0325
0.110334
0.0424788
0.119
0.0049975
0.0805
0.161339
0.082
0.151273
0.0075
0.12044
0.128871
0.1375
0.147353
0.161
0.115385
0.1025
0.148
0.0434565
0.0979021
0.0055
0.164254
0.184815
0.193307
0.105947
0.1385
0.137431
0.110334
0.117941
0.009
0.115385
0.0125
0.155922
0.137363
0.0409795
0.0035
0.0925
0.00848727
0.1475
0.096
0.024
0.106394
0.129935
0.16034
0.0484758
0.1125
0.0145
0.1205
0.13
0.14093
0.154269
0.1455
0.167416
0.0595
0.0719281
0.00949525
0.143
0.136
0.143
0.138
0.0354645
0.0754623
0.116267
0.162919
0.12681
0.0205
0.0885
0.142429
0.134299
0.12987
0.154923
0.150925
0.129435
0.124938
0.1405
0.116942
0.1385
0.1645
0.136364
0.0175
0.143928
0.161258
0.194915
0.126873
0.0904548
0.137
0.0135
0.11982
0.161919
0.147926
0.122378
0.0454773
0.141429
0.140789
0.0125
0.147926
0.181
0.0409795
0.15992
0.129371
0.11039
0.1455
0.095952
0.143928
0.0874563
0.193
0.1575
0.0744628
0.0965
0.016
0.137431
0.153
0.0898652
0.152
0.1615
0.076
0.157
0.1845
0.15942
0.078
0.136
