0.0144783
0.122877
0.0069965
0.00798802
0.0404393
0.00499251
0.1425
0.148352
0.1225
0.00899101
0.0728543
0.00249626
0.106893
0.011
0.0104948
0.10045
0.122
0.00698603
0.13
0.113
0.1535
0.105
0.0524738
0.148426
0.14043
0.0185
0.142358
0.0784608
0.0254873
0.1285
0.0274725
0.1035
0.102949
0.139
0.108446
0.102897
0.00849575
0.08
0.1285
0.126937
0.0595
0.158342
0.136228
0.12987
0.0249501
0.13979
0.106447
0.00598802
0.0104948
0.1465
0.114386
0.12681
0.170915
0.034
0.0924538
0.132934
0.119381
0.102949
0.119381
0.009
0.161757
0.108283
0.0065
0.122439
0.103896
0.163337
0.103
0.0319521
0.1525
0.0995
0.142
0.125937
0.095
0.148
0.104
0.0134798
0.00949051
0.166667
0.015984
0.0254873
0.108782
0.126873
0.136
0.0154845
0.144284
0.141429
0.17991
0.126
0.0304695
0.100849
0.111444
0.0583541
0.136
0.14521
0.175912
0.0145
0.077961
0.1125
0.013
0.118
0.1315
0.115269
0.008
0.0715
0.055
0.141288
0.0314843
0.0813779
0.147
0.136364
0.0619381
0.091
0.0234765
0.077
0.112944
0.0529735
0.0259611
0.0889111
0.135432
0.115442
0.153347
0.111
0.0315
0.09
0.008
0.0304848
0.15519
0.1345
0.121
0.0215
0.103896
0.087
0.135796
0.0185
0.127936
0.036963
0.144356
0.1175
0.028
0.0319521
0.023
0.121257
0.15327
0.0774613
0.142
0.0915
0.116
0.0065
0.1375
0.0795
0.0289421
0.137294
0.0898652
0.101
0.0749625
0.0844578
0.139
0.095
0.119
0.121878
0.0854146
0.030969
0.145427
0.147
0.114386
0.122939
0.0165
0.0864136
0.1365
0.0275
0.107446
0.0935
0.0885
0.0195
0.102449
0.124438
0.153
0.0994503
0.118881
0.0149925
0.164418
0.12038
0.115
0.136863
0.0484758
0.116
0.151349
0.12681
0.123
0.1225
0.048951
0.0834166
0.0465
0.0204898
0.144428
0.00698952
0.02
0.0354823
0.151349
0.128308
0.125437
0.0948577
0.00998502
0.125937
0.1325
0.01
0.122439
0.11
0.129371
0.10045
0.102346
0.132867
0.0204898
0.04995
0.103844
0.0818363
0.1355
0.115826
0.111888
0.101
0.125811
0.007
0.0829171
0.0989011
0.0835
0.105342
0.149701
0.031
0.024
0.08
0.0549451
0.0989011
0.136
0.122816
0.1335
0.128372
0.1215
0.082
0.017982
0.127373
0.085
0.0728543
0.0615
0.0095
0.0774226
0.015984
0.0249875
0.1595
0.1245
0.024
0.1155
0.0605
0.1545
0.17
0.00699301
0.132867
0.00499251
0.0169745
0.149
0.093953
0.028971
0.0834166
0.143428
0.174564
0.138792
0.134933
0.116326
0.125437
0.099
0.106947
0.0735
0.0865
0.117383
0.0669665
0.0654673
0.158
0.0049975
0.117
0.12044
0.134366
0.00649675
0.0065
0.1445
0.109835
0.0884558
0.125
0.0835
0.1085
0.103844
0.13037
0.1095
0.0134798
0.113443
0.112831
0.129935
0.068
0.07
0.1085
0.007996
0.0709645
0.133433
0.0758862
0.117441
0.1385
0.0154923
0.1435
0.0095
0.100899
0.116825
0.0229885
0.114386
0.110445
0.0344828
0.1555
0.0264868
0.149925
0.122439
0.0764618
0.0104843
0.0115
0.12044
0.0105
0.168416
0.0714643
0.073
0.097
0.0774613
0.027972
0.0908184
0.1175
0.0085
0.143428
0.117
0.0069965
0.168993
0.1305
0.0555
0.0335
0.0185
0.148
0.0998502
0.0609695
0.166
0.0255
0.0935
0.115269
0.0135
0.104948
0.117441
0.0605
0.127309
0.053973
0.021
0.146
0.1145
0.0764618
0.0274863
0.142429
0.14043
0.144284
0.0715
0.04995
0.00898652
0.053
0.1325
0.104843
0.083
0.166417
0.0709291
0.011994
0.129935
0.121878
0.063
0.110334
0.0404393
0.0739261
0.0845
0.129
0.152272
0.0089955
0.115826
0.037962
0.150774
0.1385
0.091954
0.0125
0.1205
0.156
0.122693
0.0109835
0.0429785
0.047
0.102346
0.093953
0.131737
0.163754
0.00849575
0.115442
0.0595
0.0115
0.0049975
0.0774226
0.0878244
0.083
0.0149701
0.115327
0.100798
0.130804
0.1225
0.125937
0.0325
0.166667
0.00898652
0.1275
0.147
0.1215
0.0435
0.0885
0.161757
0.108
0.147778
0.128372
0.0954046
0.0599401
0.17
0.101297
0.1165
0.113443
0.0794603
0.149
0.152424
0.0705
0.11944
0.1495
0.124438
0.144428
0.1335
0.0889111
0.0579421
0.108
0.113
0.12987
0.104448
0.097
0.1785
0.102
0.13024
0.035
0.0829585
0.131434
0.0835
0.103
0.117941
0.015
0.117441
0.011
0.14029
0.0089955
0.0914543
0.0449326
0.108891
0.0709291
0.0954523
0.00849575
0.0754246
0.119381
0.0564718
0.0499002
0.0134933
0.104448
0.0555
0.030969
0.104448
0.101399
0.0254873
0.0295
0.100899
0.0794206
0.153194
0.1235
0.115942
0.0674663
0.140789
0.1225
0.131434
0.0249875
0.102
0.12681
0.0104843
0.149925
0.098
0.14043
0.0069965
0.111444
0.123253
0.0989505
0.105447
0.125937
0.144928
0.185
0.120819
0.1425
0.1405
0.146
0.0195
0.1265
0.1165
0.0619071
0.028971
0.131934
0.115442
0.1245
0.0154923
0.11039
0.132
0.046953
0.0794603
0.134
0.159
0.019
0.149775
0.085
0.123752
0.0924076
0.0145
0.108
0.141429
0.142
0.0549725
0.1135
0.106447
0.124
0.147
0.128807
0.137862
0.0825
0.083
0.0504748
0.0564718
0.141787
0.0305
0.00749625
0.014985
0.133
0.0705
0.149925
0.117941
0.0164918
0.0185
0.0225
0.12681
0.0805
0.074
0.0249875
0.125937
0.112
0.141929
0.105447
0.1185
0.145927
0.0234531
0.0285
0.027986
0.0104948
0.043
0.0654673
0.0115
0.0465
0.0994503
0.025987
0.0089955
0.0855
0.083
0.115942
0.110889
0.08
0.1305
0.091954
0.0085
0.124938
0.1245
0.0224888
0.108
0.011994
0.125
0.00699301
0.113273
0.0085
0.114943
0.0065
0.0215
0.016
0.116442
0.0629685
0.011
0.144356
0.0929535
0.118644
0.0135
0.132934
0.036
0.1125
0.0125
0.1325
0.00849575
0.1375
0.0154923
0.12094
0.1305
0.013
0.02997
0.100899
0.0744628
0.0669665
0.125437
0.0705
0.0274863
0.0794206
0.0429785
0.136932
0.0434565
0.124376
0.1275
0.0149626
0.105447
0.00649351
0.125811
0.118
0.00898652
0.0274863
0.0049975
0.0135
0.123
0.119
0.100899
0.119381
0.123377
0.0665
0.1275
0.00898652
0.0124875
0.00849575
0.0164835
0.009995
0.0085
0.153923
0.007996
0.107892
0.134933
0.030969
0.147132
0.0354823
0.115
0.0214785
0.0305
0.083
0.130804
0.1175
0.132
0.101949
0.113
0.112831
0.00999001
0.0049975
0.0929071
0.009
0.1015
0.046
0.163418
0.147426
0.125375
0.0915
0.0595
0.0434565
0.1445
0.1785
0.0584416
0.00999001
0.009995
0.00798802
0.073963
0.093
0.0928607
0.136
0.1295
0.157842
0.0315
0.115826
0.0995
0.074
0.028
0.134865
0.018
0.093
0.105
0.104343
0.00898652
0.139
0.134
0.0305
0.0144928
0.0675
0.1555
0.0813779
0.1545
0.00849575
0.154
0.0449102
0.1185
0.133
0.0069965
0.1085
0.022
0.0989505
0.1545
0.152
0.161339
0.0869565
0.107
0.0998004
0.100899
0.007996
0.041
0.0254873
0.141288
0.083
0.109281
0.095
0.13986
0.170915
0.00898652
0.105447
0.125937
0.1245
0.104
0.11039
0.0878244
0.0683633
0.13037
0.1465
0.101949
0.117
0.094
0.036
0.0369446
0.12987
0.1295
0.0625
0.014
0.0968547
0.0803794
0.0884558
0.119
0.011982
0.103
0.0915
0.063968
0.144928
0.129
0.011988
0.1525
0.122439
0.091954
0.007996
0.114
0.144928
0.123
0.0805
0.125811
0.1265
0.1205
0.143357
0.00848727
0.137862
0.061969
0.124
0.0654673
0.0104948
0.17
0.10095
0.130804
0.0065
0.085957
0.105395
0.116326
0.0968547
0.118822
0.0164918
0.0184908
0.141929
0.0485
0.028
0.136364
0.0295
0.125874
0.0145
0.0649675
0.0289855
0.0815
0.131737
0.1085
0.0149925
0.009
0.0095
0.162
0.0444555
0.100899
0.0105
0.128807
0.0729271
0.0115
0.131934
0.00949051
0.141
0.085
0.1625
0.017982
0.0835
0.1115
0.142429
0.123377
0.125
0.0569431
0.0124875
0.137793
0.136296
0.157264
0.1655
0.007
0.114
0.0144928
0.1785
0.131934
0.123938
0.134366
0.0464535
0.012
0.134433
0.0834583
0.00549451
0.0729271
0.0878682
0.107393
0.0865
0.0135
0.032
0.0315
0.00799201
0.1455
0.0235
0.100899
0.0605
0.0315
0.1465
0.071964
0.0644356
0.0989011
0.0889555
0.126311
0.171
0.017
0.10989
0.11988
0.0174913
0.0889555
0.0569431
0.0763854
0.109835
0.073963
0.085
0.008
0.133733
0.0877805
0.0325
0.1425
0.0705
0.017
0.102846
0.019
0.01999
0.007
0.0305
0.114
0.0095
0.043
0.0035
0.015992
0.102949
0.1255
0.023988
0.0304848
0.152348
0.075
0.110445
0.0149775
0.164418
0.0769231
0.107
0.153423
0.136
0.1105
0.117
0.0948577
0.013
0.0969515
0.0104895
0.143428
0.0254618
0.037962
0.0644356
0.0134798
0.139361
0.101
0.0429785
0.088
0.162
0.0435
0.13037
0.145927
0.118941
0.141929
0.134232
0.102
0.0709291
0.0145
0.0429356
0.0793809
0.129935
0.052
0.0089955
0.0095
0.0524738
0.0584124
0.00849575
0.0234531
0.0174913
0.162
0.0749625
0.0104843
0.097
0.0259481
0.0795
0.167
0.018981
0.073963
0.00649351
0.0075
0.11
0.0705
0.125375
0.114885
0.15519
0.128936
0.045
0.0705
0.128372
0.094
0.0784608
0.0125
0.0164918
0.0834583
0.0214893
0.1085
0.116326
0.00749251
0.110945
0.0993014
0.0818363
0.125125
0.085957
0.00649675
0.127936
0.12038
0.093
0.096
0.126937
0.138
0.0989011
0.1495
0.011982
0.154
0.104843
0.127436
0.1225
0.1333
0.0764618
0.118441
0.059
0.0895
0.0334833
0.018
0.1645
0.105
0.11988
0.108446
0.121878
0.041
0.051
0.133933
0.0145
0.153347
0.15
0.147
0.0789605
0.136364
0.0929071
0.0304848
0.134
0.0864568
0.141
0.122
0.0569431
0.0305
0.143285
0.11
0.1465
0.0908637
0.114271
0.148
0.0224775
0.119261
0.0089955
0.0195
0.0599401
0.1335
0.0174913
0.0524738
0.1325
0.0184815
0.0898652
0.1185
0.012987
0.119381
0.022
0.1535
0.0834583
0.136863
0.103448
0.0144928
0.0818363
0.0609391
0.100849
0.134433
0.122877
0.0104843
0.0675
0.1125
0.162419
0.149925
0.132867
0.0449775
0.0335
0.0818363
0.0835
0.12038
0.126
0.0824176
0.04
0.130804
0.0845
0.1295
0.143928
0.146
0.128372
0.100899
0.0244511
0.0454773
0.112
0.082
0.109835
0.0195
0.115442
0.117
0.104895
0.109835
0.1205
0.0924538
0.0549725
0.138861
0.0125
0.1295
0.0085
0.120819
0.1305
0.00499251
0.00549451
0.0134933
0.101949
0.110445
0.11944
0.0915
0.0155
0.0065
0.008
0.0715
0.1295
0.132867
0.0908637
0.0465
0.112332
0.058
0.151
0.1425
0.0065
0.1295
0.1265
0.0324838
0.0254873
0.139361
0.028
0.0444555
0.111
0.122
0.122439
0.00749251
0.1515
0.157264
0.1445
0.00949525
0.115442
0.184408
0.134433
0.0764236
0.075
0.0089955
0.0174913
0.021967
0.103
0.155422
0.0224775
0.101949
0.138431
0.053
0.0354823
0.013993
0.0723914
0.0334833
0.036
0.124
0.152348
0.1155
0.084
0.127436
0.1115
0.007996
0.0265
0.137431
0.0644356
0.091
0.0135
0.128308
0.0938124
0.009995
0.143428
0.12038
0.017991
0.00699301
0.0795
0.1265
0.0884558
0.00798802
0.0115
0.13037
0.0794603
0.1035
0.011994
0.0155
0.105342
0.0149775
0.00849575
0.0915
0.0255
0.0574713
0.0224888
0.019
0.00599401
0.136932
0.105788
0.016983
0.0174738
0.147926
0.151424
0.113443
0.101449
0.151349
0.01
0.08
0.0465
0.00898652
0.0124813
0.0184908
0.1395
0.0889555
0.012987
0.0524476
0.083958
0.011988
0.0824176
0.109281
0.0823764
0.00997506
0.125937
0.117941
0.011477
0.118204
0.106447
0.095357
0.105
0.106947
0.055
0.0104895
0.103397
0.106947
0.074
0.123938
0.144928
0.132434
0.027986
0.0683633
0.01
0.016983
0.018
0.0104895
0.075
0.11
0.140859
0.101
0.141929
0.1495
0.00599101
0.0349127
0.0144928
0.00949051
0.088
0.108782
0.174913
0.1255
0.0315
0.152348
0.0679321
0.091
0.1435
0.129935
0.0969515
0.1785
0.009
0.0715
0.1055
0.0855
0.0075
0.136
0.0095
0.0649675
0.0204898
0.147778
0.0954046
0.0254873
0.141359
0.14036
0.1785
0.141
0.00749251
0.135864
0.1495
0.1085
0.0465
0.10045
0.1085
0.009
0.019
0.125937
0.1525
0.0864136
0.0625
0.121257
0.0314843
0.132
0.0709291
0.0705
0.0295
0.0584416
0.0724276
0.059
0.00649675
0.0174913
0.110445
0.0629056
0.00949525
0.085
0.130804
0.0869565
0.08
0.011994
0.127436
0.102897
0.0844578
0.0344655
0.14
0.018
0.078
0.125811
0.078
0.1165
0.0938124
0.036
0.011988
0.054
0.118644
0.021967
0.112
0.115826
0.157264
0.1435
0.1215
0.103
0.109281
0.09
0.0095
0.0674663
0.077961
0.141429
0.14093
0.0114828
0.0995
0.107446
0.103
0.129935
0.008
0.163337
0.142
0.022977
0.131934
0.135796
0.017
0.0545
0.104948
0.00649675
0.144928
0.116
0.124251
0.107
0.158342
0.162
0.138
0.0629685
0.140789
0.00848727
0.148851
0.089
0.118822
0.149925
0.0444555
0.1385
0.0234765
0.108283
0.108891
0.0144928
0.00649351
0.0728543
0.083958
0.11
0.133
0.150699
0.1265
0.126937
0.0069965
0.0085
0.169246
0.132867
0.168416
0.0644034
0.119
0.0315
0.061969
0.1385
0.104843
0.0555
0.148
0.149925
0.0379431
0.1465
0.0889111
0.144284
0.100349
0.011
0.0145
0.141929
0.0554723
0.036963
0.1425
0.024
0.009
0.025987
0.085957
0.1385
0.0908637
0.149626
0.169246
0.13
0.0898652
0.104
0.0629056
0.0349476
0.028971
0.0465
0.1515
0.0069965
0.0609391
0.151424
0.0274863
0.101
0.109
0.11039
0.132434
0.134865
0.086
0.087
0.144284
0.114885
0.0155
0.135432
0.0385
0.112944
0.116442
0.134933
0.0115
0.0115
0.0259481
0.114885
0.117441
0.134433
0.162919
0.0885
0.1215
0.0204898
0.154
0.0878244
0.148352
0.104843
0.124251
0.136
0.0834583
0.116825
0.1295
0.129371
0.09336
0.00848727
0.0895
0.0909545
0.022
0.147926
0.0309845
0.036963
0.0619381
0.151424
0.0845
0.117
0.097
0.011477
0.1185
0.0949051
0.00449775
0.00849575
0.171414
0.08
0.118941
0.037
0.0174738
0.0195
0.100899
0.176912
0.043
0.123377
0.13943
0.166334
0.023
0.158
0.0195
0.00849575
0.163337
0.1333
0.0144928
0.0724276
0.107339
0.121439
0.009995
0.0855
0.0524738
0.00998004
0.125437
0.17991
0.108446
0.131934
0.1
0.1205
0.0295
0.131
0.0494753
0.0449102
0.048951
0.077
0.1295
0.145
0.174
0.0045
0.0214571
0.0789605
0.0569431
0.0184908
0.117441
0.0105
0.0104843
0.1255
0.08
0.1295
0.112944
0.1215
0.121379
0.116883
0.138
0.007
0.1085
0.121939
0.10045
0.0877805
0.115
0.1595
0.01
0.104948
0.168
0.142358
0.098
0.138
0.0274863
0.153347
0.051
0.00649675
0.1215
0.176735
0.0634683
0.121878
0.008
0.0914086
0.00699301
0.1135
0.0914543
0.0649675
0.107446
0.00649351
0.1335
0.137431
0.0784216
0.018
0.0709645
0.008
0.0898652
0.0809595
0.0948577
0.0325
0.108891
0.13993
0.0898652
0.0449326
0.082
0.14
0.1225
0.0384615
0.0125
0.0309845
0.00949051
0.1095
0.149701
0.0154845
0.1115
0.10045
0.0724276
0.110334
0.0895
0.1385
0.0815
0.143285
0.126437
0.11039
0.174564
0.148352
0.117941
0.125375
0.094
0.1445
0.126
0.137793
0.0184908
0.13993
0.07
0.014985
0.0124875
0.0834583
0.14678
0.0135
0.100299
0.1265
0.144428
0.109
0.0845
0.126
0.13024
0.151
0.143784
0.1015
0.0884558
0.117941
0.08
0.102
0.013993
0.0295
0.1445
0.0675
0.0579421
0.129935
0.0134798
0.1295
0.112444
0.143
0.119381
0.122378
0.093
0.146
0.0314685
0.0625
0.0834583
0.1035
0.147926
0.0754246
0.0924538
0.095952
0.101297
0.0195
0.00749625
0.0938124
0.0845
0.099351
0.1055
0.0259611
0.1455
0.0255
0.11
0.148
0.107
0.0179551
0.1365
0.027986
0.150774
0.1015
0.011
0.0125
0.110945
0.0789605
0.132934
0.0589705
0.00848727
0.108
0.132
0.166334
0.055
0.0289277
0.160839
0.108446
0.0735
0.113273
0.0803794
0.113829
0.1215
0.108
0.132434
0.11944
0.091954
0.143856
0.004
0.0204898
0.1105
0.118881
0.108
0.0794603
0.0705
0.00649026
0.00649026
0.125375
0.0104948
0.1275
0.03996
0.106893
0.150699
0.0175
0.0569431
0.0184815
0.0085
0.121939
0.0733899
0.00898652
0.10045
0.128
0.0904548
0.13979
0.1305
0.021
0.125375
0.0908184
0.0214785
0.168
0.1225
0.058
0.010989
0.1275
0.0775
0.0095
0.126
0.031984
0.00748503
0.143428
0.031984
0.0774226
0.131802
0.0449775
0.0774226
0.0813779
0.106893
0.0284858
0.085
0.073963
0.0594109
0.111888
0.122439
0.0854573
0.1035
0.135864
0.00649675
0.0924538
0.068
0.00948104
0.107
0.114
0.109
0.0049975
0.0304848
0.101949
0.0135
0.138
0.075962
0.0144928
0.0129935
0.0154923
0.121439
0.115884
0.048951
0.121939
0.100849
0.0948577
0.0928607
0.08
0.015992
0.101399
0.0723914
0.081959
0.00949051
0.01
0.139361
0.007
0.0629056
0.0935
0.010989
0.095357
0.0115
0.0115
0.110945
0.112944
0.184408
0.0698603
0.046953
0.125437
0.131434
0.136228
0.127
0.099
0.0725
0.153347
0.108
0.101
0.153923
0.153
0.01
0.0555
0.127436
0.162
0.1085
0.040959
0.107339
0.1095
0.115
0.1085
0.113
0.161339
0.0125
0.17991
0.032
0.0289421
0.0174738
0.134865
0.036963
0.0923615
0.0898204
0.003998
0.14414
0.1265
0.077961
0.0955
0.1445
0.0889555
0.143357
0.0534199
0.126311
0.063968
0.099
0.117441
0.14678
0.09336
0.07
0.1305
0.1085
0.105342
0.0049975
0.0969515
0.0589705
0.0889111
0.1125
0.160759
0.011
0.0989505
0.0164918
0.0354823
0.0449326
0.011994
0.1125
0.0085
0.00999001
0.015
0.108782
0.1385
0.024
0.0794206
0.0249875
0.0115
0.01
0.0174913
0.156344
0.018
0.108337
0.0665
0.015992
0.0969515
0.0549725
0.0835
0.127
0.0255
0.0615
0.1215
0.171
0.1535
0.037
0.1525
0.119381
0.0904096
0.137431
0.012987
0.0534199
0.159
0.121
0.023988
0.115
0.121817
0.036963
0.115442
0.0089955
0.0813779
0.011
0.112944
0.125437
0.161515
0.014985
0.13037
0.0955
0.0969031
0.116883
0.019
0.117823
0.0184815
0.005997
0.138
0.0174738
0.0214893
0.077961
0.0803794
0.138
0.013979
0.147778
0.017982
0.124875
0.106447
0.14043
0.0155
0.094
0.0915
0.128936
0.0694653
0.0285
0.1135
0.132434
0.011982
0.0974026
0.0215
0.160839
0.00699301
0.0698603
0.1295
0.124938
0.0818363
0.0625
0.0574713
0.115442
0.019
0.114943
0.0354823
0.118441
0.005
0.123438
0.0429785
0.012987
0.150925
0.0104895
0.1525
0.105
0.187219
0.137431
0.117
0.0909545
0.0129935
0.0904548
0.129
0.118881
0.0683633
0.136228
0.009995
0.125437
0.0555
0.1365
0.0184908
0.1515
0.00799201
0.0349127
0.082
0.0104948
0.019
0.0975
0.0075
0.0164835
0.174913
0.0075
0.125937
0.161339
0.035982
0.0429785
0.0289855
0.184408
0.0075
0.00749625
0.105947
0.0089955
0.0175
0.142929
0.07
0.077
0.0589705
0.0315
0.0873253
0.1185
0.0185
0.175912
0.107784
0.136364
0.1165
0.0104895
0.1215
0.166667
0.135432
0.101949
0.137793
0.095
0.0354823
0.0249875
0.132867
0.0164918
