0.224
0.170915
0.198203
0.2075
0.186
0.213786
0.254745
0.227386
0.1998
0.1999
0.235382
0.192404
0.213393
0.138293
0.2455
0.0149925
0.2135
0.223
0.1755
0.2009
0.234
0.238
0.229385
0.1305
0.194903
0.238
0.1955
0.208791
0.2505
0.219
0.202899
0.181409
0.201899
0.1825
0.21008
0.162919
0.236146
0.218672
0.217391
0.245877
0.193806
0.205897
0.2065
0.208396
0.246877
0.165834
0.1655
0.2225
0.216783
0.2003
0.2125
0.228386
0.186128
0.151273
0.1955
0.177911
0.21318
0.181727
0.223888
0.1925
0.2185
0.212681
0.216284
0.221279
0.1805
0.229156
0.233383
0.0109945
0.194805
0.209082
0.1645
0.192807
0.209
0.15942
0.197901
0.18
0.205
0.2035
0.2385
0.2065
0.232
0.00998502
0.2175
0.193403
0.208
0.205794
0.1845
0.215285
0.202399
0.201899
0.167832
0.119261
0.206793
0.242258
0.181
0.198401
0.135796
0.196902
0.2155
0.0264735
0.206793
0.207
0.198203
0.0085
0.2105
0.212
0.212894
0.227545
0.157763
0.184408
0.149
0.242258
0.226887
0.205397
0.198203
0.1955
0.258
0.198203
0.0149626
0.1395
0.23976
0.183408
0.1955
0.184908
0.2235
0.2125
0.199301
0.174326
0.214893
0.208292
0.216675
0.1115
0.0135
0.22
0.1905
0.1925
0.1999
0.215
0.223
0.197802
0.2605
0.1625
0.162
0.202
0.202797
0.1925
0.1995
0.00999001
0.229
0.00449326
0.2195
0.26037
0.186407
0.227
0.224663
0.221389
0.232884
0.1955
0.202797
0.248376
0.2135
0.2285
0.204
0.223054
0.231421
0.2375
0.219
0.176
0.21318
0.206897
0.229885
0.207896
0.2005
0.178643
0.241138
0.194903
0.223
0.204092
0.242137
0.178643
0.213393
0.23027
0.016
0.191
0.222167
0.193307
0.25025
0.0095
0.264368
0.229385
0.229385
0.206397
0.2345
0.247129
0.178821
0.27
0.2275
0.238381
0.224388
0.0085
0.234
0.242258
0.1795
0.1835
0.155267
0.142715
0.172328
0.0189715
0.1885
0.0124875
0.217891
0.138431
0.170659
0.19
0.015
0.165917
0.246877
0.194903
0.22028
0.2005
0.195902
0.230539
0.228272
0.016
0.242
0.225387
0.0049975
0.183816
0.203796
0.258
0.0184723
0.172156
0.244378
0.209
0.2225
0.104948
0.178233
0.214179
0.163418
0.249375
0.211682
0.2485
0.137931
0.17991
0.00599101
0.187313
0.178411
0.017982
0.247376
0.2004
0.192
0.2135
0.218282
0.214393
0.218
0.215784
0.132368
0.123377
0.2405
0.2485
0.257485
0.233267
0.2125
0.1575
0.198901
0.167748
0.187
0.205295
0.17991
0.212894
0.167333
0.263237
0.00598802
0.231421
0.011
0.1525
0.224
0.22089
0.202399
0.245132
0.201198
0.206397
0.0174651
0.210895
0.232
0.191904
0.206397
0.209581
0.212
0.262
0.179231
0.222278
0.279
0.179
0.138
0.18
0.1475
0.158421
0.196
0.227772
0.215
0.184723
0.2375
0.193806
0.2325
0.2265
0.190215
0.216
0.217565
0.0574426
0.0149925
0.195207
0.215892
0.1555
0.229885
0.186907
0.264368
0.21
0.17941
0.208292
0.24026
0.189905
0.104948
0.217891
0.2065
0.234
0.204
0.203796
0.2195
0.2555
0.184723
0.228272
0.204
0.197401
0.217391
0.1575
0.00949525
0.211894
0.0184723
0.1925
0.2
0.201899
0.194805
0.211394
0.18
0.2255
0.0184723
0.2325
0.194903
0.222278
0.191
0.258871
0.221168
0.224388
0.1905
0.185
0.146427
0.215392
0.00949525
0.21318
0.1845
0.1785
0.174913
0.1855
0.241138
0.185407
0.228386
0.254
0.181409
0.178233
0.156922
0.1795
0.239401
0.1825
0.013
0.227886
0.21939
0.206
0.2485
0.155844
0.149425
0.213573
0.247253
0.177911
0.202298
0.203898
0.124875
0.227386
0.221
0.252374
0.211894
0.149
0.222056
0.210395
0.22
0.223388
0.226
0.210395
0.2265
0.009
0.00548902
0.264838
0.0305
0.1945
0.1905
0.228272
0.198203
0.228272
0.239
0.195402
0.212894
0.20979
0.193903
0.218
0.177146
0.2585
0.194805
0.118263
0.212894
0.263237
0.2165
0.1875
0.183
0.243
0.2355
0.0264735
0.189405
0.169
0.2145
0.1965
0.2155
0.191309
0.2004
0.2005
0.217
0.222
0.209
0.181409
0.191
0.215
0.2195
0.220779
0.0169745
0.223888
0.198203
0.191
0.193307
0.212894
0.192
0.1985
0.2225
0.174413
0.206397
0.214393
0.189905
0.197
0.245877
0.208188
0.2055
0.269
0.17941
0.27023
0.1925
0.244878
0.192
0.222167
0.18981
0.190405
0.171243
0.182
0.187406
0.156765
0.180639
0.17982
0.232
0.2
0.221389
0.192807
0.228386
0.1975
0.0095
0.228386
0.203
0.258741
0.233383
0.0164753
0.193307
0.197401
0.21
0.203297
0.181
0.013979
0.202399
0.118
0.1475
0.201
0.183816
0.233
0.182227
0.237381
0.14985
0.184408
0.191404
0.1885
0.229885
0.175912
0.188717
0.00549725
0.191213
0.210684
0.231884
0.190619
0.0109945
0.243878
0.176912
0.237
0.2255
0.2455
0.182817
0.243
0.197401
0.189405
0.16092
0.204898
0.267366
0.1275
0.17324
0.269365
0.218
0.211183
0.227386
0.151
0.181
0.2285
0.0035
0.2605
0.0144855
0.2505
0.246877
0.21008
0.169
0.225275
0.1575
0.218672
0.190619
0.253746
0.257485
0.163255
0.154691
0.116384
0.2015
0.2065
0.222777
0.2085
0.178411
0.0134865
0.189
0.207189
0.222167
0.222777
0.222167
0.235
0.230155
0.22039
0.235147
0.188717
0.194903
0.1725
0.2225
0.170415
0.22089
0.2145
0.1215
0.192711
0.00698603
0.19202
0.209291
0.116384
0.193516
0.222777
0.199
0.208
0.206191
0.224888
0.1835
0.2125
0.157
0.172328
0.221279
0.1515
0.24
0.224388
0.2185
0.171243
0.212394
0.25937
0.178411
0.237381
0.219
0.00949525
0.00798403
0.222
0.2065
0.183
0.181
0.227886
0.223277
0.194903
0.264838
0.181409
0.171414
0.2465
0.2065
0.203195
0.194805
0.215569
0.2285
0.181
0.201
0.204898
0.256372
0.2225
0.224888
0.195305
0.190714
0.21939
0.178411
0.237
0.206294
0.203898
0.231384
0.210895
0.21
0.197901
0.2165
0.174
0.198401
0.174
0.2365
0.171742
0.218391
0.213786
0.1565
0.205
0.238523
0.207
0.221168
0.230155
0.183317
0.2009
0.205897
0.195902
0.15
0.183225
0.2225
0.211
0.226274
0.213893
0.206191
0.1575
0.116384
0.16
0.157
0.0085
0.193403
0.223888
0.132368
0.1905
0.185222
0.165751
0.2415
0.227386
0.205
0.202298
0.1535
0.114943
0.193806
0.2505
0.192807
0.17324
0.1975
0.2615
0.207293
0.121756
0.203195
0.2345
0.213393
0.222
0.193806
0.16675
0.228272
0.212394
0.201798
0.257485
0.173
0.204
0.211183
0.198401
0.0049975
0.2
0.197901
0.168416
0.177911
0.18
0.2125
0.178
0.2225
0.00998502
0.125312
0.2455
0.217673
0.222167
0.228386
0.206294
0.211183
0.234149
0.157763
0.208
0.226773
0.21008
0.211183
0.190215
0.22666
0.19321
0.0124875
0.0239521
0.1275
0.213786
0.2355
0.175
0.224888
0.2225
0.202797
0.186221
0.208
0.2175
0.215676
0.279
0.1805
0.183
0.182227
0.25937
0.217673
0.231384
0.0109945
0.154423
0.186907
0.166917
0.1995
0.1835
0.179231
0.2315
0.190619
0.155
0.2525
0.156922
0.191904
0.220669
0.176823
0.2175
0.196902
0.2385
0.225774
0.0124938
0.218173
0.21
0.172
0.231
0.209685
0.154423
0.217
0.0145
0.0049975
0.207792
0.244878
0.213393
0.242
0.221889
0.247
0.009995
0.236763
0.210395
0.204795
0.208896
0.176412
0.255
0.223888
0.23
0.1855
0.2145
0.191904
0.191
0.191808
0.202899
0.207
0.201
0.177146
0.218391
0.2055
0.251996
0.168416
0.195902
0.2405
0.0124938
0.2585
0.2255
0.118
0.00698254
0.254745
0.146427
0.2435
0.209
0.176823
0.212894
0.0135
0.235
0.153347
0.195402
0.18023
0.182817
0.22
0.190714
0.2505
0.2275
0.23
0.2415
0.177911
0.24038
0.252874
0.208188
0.185907
0.2585
0.1845
0.225
0.171414
0.1835
0.206191
0.228272
0.2025
0.218
0.174326
0.183225
0.2455
0.230385
0.2485
0.224388
0.2135
0.170829
0.23976
0.228771
0.2065
0.176
0.0124938
0.1955
0.219
0.22
0.165751
0.195804
0.208292
0.17982
0.183408
0.2445
0.192807
0.221889
0.211894
0.181
0.208396
0.181909
0.231384
0.223165
0.00699301
0.2195
0.187406
0.261
0.243378
0.23
0.198401
0.1895
0.2445
0.18005
0.234
0.188717
0.209395
0.203796
0.1905
0.19
0.226274
0.1955
0.00948577
0.182817
0.1675
0.2515
0.181909
0.218672
0.172156
0.223888
0.212681
0.220779
0.2405
0.204092
0.206793
0.0075
0.1975
0.192807
0.1515
0.22
0.215892
0.167832
0.195207
0.202298
0.134933
0.186407
0.214893
0.202096
0.160679
0.0305
0.164753
0.195804
0.23
0.2085
0.179321
0.147852
0.1995
0.185222
0.2055
0.013
0.159341
0.1999
0.14985
0.231038
0.199
0.184408
0.145427
0.177323
0.18
0.208
0.170415
0.175237
0.18
0.184408
0.178322
0.2195
0.1615
0.24
0.235294
0.23976
0.2
0.183408
0.167
0.183
0.206793
0.215392
0.217391
0.202
0.1825
0.136
0.222
0.209895
0.00999001
0.215285
0.006
0.246877
0.194403
0.184408
0.230385
0.204
0.185222
0.206294
0.274
0.218
0.198005
0.235382
0.202399
0.182817
0.112
0.186907
0.197506
0.009
0.199301
0.216392
0.203
0.2375
0.139361
0.165
0.234883
0.182
0.1475
0.1998
0.218454
0.183
0.198203
0.194805
0.19031
0.152924
0.234
0.226887
0.0109945
0.206897
0.170415
0.207396
0.2115
0.249375
