0.0504496
0.1395
0.167166
0.017
0.167333
0.1505
0.0555
0.155
0.148926
0.1315
0.147
0.113273
0.0075
0.073
0.00849575
0.175412
0.00649351
0.1665
0.087
0.0164835
0.144783
0.125811
0.1655
0.172414
0.0609086
0.134933
0.0564436
0.130869
0.151924
0.089955
0.00949051
0.0914086
0.154923
0.162
0.0135
0.144
0.112944
0.0835
0.0085
0.087956
0.0069965
0.00999001
0.112944
0.0204795
0.082
0.11944
0.167
0.0154923
0.116825
0.1655
0.112944
0.127872
0.1715
0.0329835
0.116942
0.182635
0.0154845
0.189216
0.165252
0.142287
0.0225
0.0894553
0.107
0.134433
0.116
0.147132
0.138431
0.1285
0.105
0.175412
0.157421
0.129
0.1345
0.008
0.145854
0.143784
0.135
0.0284858
0.101
0.166334
0.118941
0.1515
0.0245
0.1455
0.126437
0.127373
0.104843
0.1345
0.0609086
0.172
0.121
0.1345
0.0959041
0.0414793
0.0894106
0.138362
0.162257
0.0234883
0.141929
0.142287
0.190905
0.142929
0.151424
0.00899101
0.168248
0.142358
0.116442
0.0868263
0.124438
0.127808
0.0704648
0.03996
0.0974513
0.0949051
0.1015
0.11976
0.109945
0.146
0.0959041
0.157921
0.129371
0.053973
0.067
0.123377
0.167
0.1195
0.14043
0.0935
0.181047
0.0174913
0.0114885
0.156
0.146
0.01
0.125811
0.099
0.141929
0.163418
0.139361
0.172741
0.025
0.148426
0.100849
0.131934
0.017982
0.1565
0.177966
0.117383
0.1335
0.120879
0.161838
0.188906
0.00749625
0.1455
0.1355
0.0165
0.175237
0.121
0.145427
0.00499002
0.109835
0.151
0.0785
0.165417
0.0385
0.116
0.134865
0.0289855
0.157
0.017
0.154768
0.141429
0.0135
0.007
0.13943
0.181909
0.1185
0.176912
0.103
0.1315
0.15611
0.0144928
0.142
0.142429
0.159
0.149
0.142857
0.167916
0.104948
0.129306
0.0254618
0.153616
0.127808
0.097354
0.156
0.0345
0.0704648
0.1305
0.102949
0.0704296
0.13
0.13
0.121
0.1425
0.112275
0.0045
0.0145
0.155844
0.142429
0.031
0.025974
0.152
0.116825
0.1055
0.0523952
0.18
0.130869
0.14093
0.104343
0.123438
0.147
0.044
0.107838
0.1005
0.174326
0.143
0.127872
0.144855
0.0035
0.133
0.0115
0.11944
0.162837
0.146427
0.129805
0.124
0.172
0.138362
0.0149775
0.147778
0.109445
0.168
0.151772
0.129371
0.174326
0.105947
0.169915
0.178465
0.0154923
0.134865
0.1535
0.0025
0.00799201
0.1765
0.1485
0.1605
0.151424
0.154423
0.103896
0.104
0.159
0.121
0.1695
0.135432
0.157685
0.15519
0.013979
0.115
0.153423
0.1305
0.10989
0.013979
0.00849151
0.134731
0.0095
0.151
0.124438
0.0529471
0.0889111
0.143784
0.142
0.105289
0.00799201
0.023988
0.144855
0.027
0.0964036
0.11944
0.102
0.156
0.108392
0.122
0.155922
0.1795
0.0115
0.174326
0.142929
0.143357
0.0234883
0.109945
0.176912
0.149425
0.135
0.1695
0.117324
0.00649675
0.1765
0.150425
0.16
0.1675
0.0889555
0.115
0.141929
0.1275
0.130435
0.016
0.161919
0.031
0.0965
0.1695
0.1285
0.117882
0.133
0.11988
0.16
0.1185
0.0184908
0.116
0.137
0.0284715
0.0564436
0.1255
0.139
0.1575
0.150275
0.118941
0.146281
0.135932
0.108
0.1325
0.1845
0.111944
0.146927
0.126
0.0424575
0.015
0.1565
0.00748877
0.0879121
0.118941
0.150275
0.204
0.1505
0.00849575
0.105788
0.091954
0.157421
0.134433
0.167249
0.1055
0.122
0.016
0.138861
0.0234883
0.13943
0.101449
0.019
0.125
0.0049975
0.115442
0.00949525
0.125437
0.1565
0.102
0.176
0.19
0.135932
0.031
0.147926
0.129
0.014
0.0209895
0.126437
0.096
0.0345
0.0885
0.082
0.143928
0.175561
0.154845
0.104948
0.0894553
0.013979
0.16
0.0523952
0.00649351
0.1815
0.135932
0.1265
0.134865
0.171243
0.109336
0.006
0.14036
0.00949525
0.087956
0.0134933
0.1225
0.177822
0.1345
0.067
0.019
0.144855
0.145355
0.188406
0.1385
0.028
0.022
0.12044
0.0544728
0.130869
0.189027
0.107
0.0025
0.153923
0.007
0.006
0.141288
0.114214
0.129435
0.158421
0.1425
0.0149925
0.0154923
0.151924
0.01
0.129
0.1055
0.081959
0.0204795
0.113
0.11994
0.1175
0.122
0.0085
0.159341
0.0069965
0.108891
0.172655
0.152
0.0149925
0.0914086
0.0855
0.1765
0.1625
0.01
0.139721
0.151122
0.152924
0.166
0.188406
0.16
0.095952
0.151424
0.0284715
0.138
0.144428
0.152348
0.167166
0.1105
0.106893
0.165
0.147
0.135297
0.154845
0.105342
0.128372
0.00849575
0.152
0.0049975
0.109
0.009
0.0115
0.170415
0.143285
0.0284715
0.0988517
0.1155
0.14985
0.12681
0.115884
0.025987
0.184815
0.101399
0.0928144
0.115884
0.142287
0.0855
0.1475
0.019
0.150425
0.106447
0.156
0.126311
0.149425
0.145927
0.117882
0.16026
0.0984508
0.134933
0.147852
0.133
0.106
0.117882
0.009995
0.004995
0.0069965
0.0429356
0.0863704
0.0949051
0.143928
0.16026
0.142786
0.15035
0.168
0.1465
0.0914543
0.141429
0.143
0.1325
0.00799201
0.161919
0.124
0.128244
0.10989
0.145427
0.141787
0.0049975
0.168
0.0154923
0.093953
0.110445
0.0115
0.13943
0.173
0.025974
0.1735
0.0149925
0.107
0.023
0.013986
0.0965
0.148777
0.134798
0.144
0.150925
0.1435
0.172
0.0065
0.137294
0.01
0.136932
0.151424
0.141787
0.1605
0.0069965
0.162257
0.15
0.0923154
0.1135
0.00949525
0.1165
0.0905
0.122939
0.189027
0.1435
0.0105
0.138861
0.138362
0.109445
0.142
0.143357
0.162257
0.165417
0.133933
0.181
0.167333
0.108
0.115884
0.167166
0.1365
0.1075
0.0385
0.0069965
0.126
0.1225
0.013979
0.151772
0.154768
0.056
0.102949
0.143928
0.0964518
0.16
0.1185
0.122317
0.14
0.00999001
0.01998
0.129935
0.128308
0.044
0.167249
0.147852
0.157421
0.056
0.03996
0.0284715
0.114943
0.145427
0.153423
0.145427
0.142429
0.1195
0.0105
0.18
0.0105
0.169915
0.1235
0.183
0.00949525
0.1345
0.0245
0.00949525
0.113
0.1004
0.161919
0.141787
0.108891
0.138431
0.158
0.1195
0.152
0.1345
0.142429
0.152
0.142
0.0144928
0.172414
0.144356
0.175237
0.147926
0.027
0.115
0.116825
0.127872
0.142216
0.0835
0.1475
0.154768
0.137656
0.114
0.1035
0.164918
0.0145
0.067
0.0654673
0.1075
0.109
0.141429
0.139361
0.0155
0.122939
0.16517
0.1625
0.128
0.1515
0.1005
0.127
0.1775
0.158921
0.15
0.134366
0.176
0.147279
0.0404393
0.1575
0.12987
0.0894106
0.141
0.1035
0.114443
0.161919
0.0614693
0.1305
0.167
0.00949525
0.12987
0.10978
0.0164506
0.125811
0.081959
0.143428
0.134299
0.101449
0.0364453
0.0285
0.13993
0.098
0.103948
0.1015
0.154423
0.138861
0.14985
0.18
0.053973
0.184815
0.0115
0.0344483
0.135
0.175412
0.093
0.0339491
0.1004
0.133
0.0734633
0.0235
0.134433
0.1265
0.131434
0.0229885
0.154923
0.166999
0.0114943
0.025
0.153923
0.142929
0.0929535
0.0868263
0.0955
0.0555
0.0394408
0.1795
0.107946
0.1545
0.134
0.12032
0.117882
0.143784
0.149351
0.104
0.128
0.1715
0.109
0.172655
0.1895
0.101399
0.028
0.00499002
0.0564436
0.027
0.17982
0.100849
0.0745
0.134299
0.1502
0.0065
0.1365
0.1575
0.147353
0.102449
0.166417
0.01
0.124438
0.101
0.0049975
0.151848
0.137862
0.125437
0.135
0.174326
0.113829
0.062
0.107838
0.143285
0.1685
0.157343
0.1345
0.0948577
0.172
0.0975
0.124
0.1205
0.127808
0.117
0.123192
0.115884
0.1455
0.144
0.135
0.145
0.0234883
0.175561
0.1345
0.16092
0.181
0.205397
0.1415
0.168248
0.118941
0.203694
0.151424
0.102
0.0965
0.142929
0.1095
0.0714643
0.0465
0.0444778
0.101
0.173
0.0114943
0.142429
0.0865
0.162
0.100899
0.1255
0.1645
0.0105
0.040959
0.1345
0.141
0.006
0.177411
0.143928
0.1205
0.11994
0.122
0.1795
0.1385
0.107946
0.1425
0.0974513
0.142287
0.1525
0.114443
0.175412
0.0988517
0.129
0.125
0.115442
0.150925
0.162419
0.1265
0.1385
0.116
0.1845
0.172
0.166
0.011988
0.0095
0.105947
0.0905
0.133367
0.144428
0.1515
0.1485
0.1015
0.0304848
0.106
0.082
0.176735
0.094
0.09
0.136432
0.143357
0.102794
0.1525
0.0778832
0.158342
0.136296
0.00948577
0.0215
0.0385
0.115884
0.124376
0.013993
0.178465
0.1135
0.1815
0.112944
0.167166
0.142429
0.126873
0.145427
0.1165
0.166
0.0289855
0.145427
0.1165
0.0855
0.0095
0.1285
0.00649675
0.114828
0.0834166
0.128308
0.115
0.116
0.156344
0.162837
0.122939
0.142
0.00749625
0.136296
0.16042
0.0989011
0.151122
0.0035
0.13523
0.025
0.111888
0.1455
0.137294
0.125811
0.136432
0.1295
0.119
0.105947
0.172
0.00499002
0.115385
0.0164753
0.1645
0.0224888
0.0214785
0.091954
0.117823
0.147
0.1055
0.039
0.157343
0.129
0.122939
0.0115
0.145
0.0154845
0.164254
0.0254618
0.1335
0.00848303
0.158762
0.0234883
0.0149775
0.128308
0.0095
0.0124938
0.144928
0.0239521
0.148777
0.0129935
0.114
0.0114943
0.126937
0.137294
0.0904096
0.0144928
0.007
0.119381
0.184408
0.114386
0.112944
0.146427
0.016
0.11994
0.134
0.1385
0.1605
0.0075
0.129
0.0269327
0.157685
0.0875
0.122816
0.0743884
0.125811
0.007
0.117941
0.071964
0.147426
0.0939061
0.0105
0.134299
0.116442
0.111444
0.101449
0.122317
0.0265
0.180819
0.0154923
0.142929
0.00649675
0.179321
0.113829
0.131303
0.0644678
0.139721
0.12044
0.127373
0.154423
0.152
0.0254745
0.0065
0.130869
0.158421
0.135297
0.1455
0.0435
0.1055
0.17991
0.134433
0.0069965
0.11
0.1485
0.0334498
0.071964
0.102449
0.124875
0.146
0.1305
0.112944
0.167333
0.172914
0.13993
0.172827
0.0264603
0.0564436
0.142429
0.167
0.129371
0.1565
0.204398
0.1795
0.034
0.134933
0.137363
0.0885
0.122
0.1725
0.0524214
0.1455
0.163418
0.0105
0.149
0.1365
0.118323
0.1305
0.012987
0.13993
0.175325
0.119
0.141
0.0105
0.143357
0.159182
0.0988517
0.143
0.017991
0.1365
0.113443
0.149276
0.1725
0.1055
0.168
0.15992
0.151
0.142
0.1365
0.128308
0.1265
0.164753
0.0144711
0.0289855
0.135
0.0979021
0.102794
0.1455
0.113387
0.136
0.107
0.097
0.136432
0.163418
0.125874
0.147279
0.141429
0.139
0.011994
0.175
0.1945
0.00649351
0.150275
0.1075
0.00949525
0.123438
0.099
0.0614693
0.114943
0.121
0.0204795
0.1245
0.01
0.1155
0.13993
0.166
0.117
0.0075
0.170415
0.0214893
0.134433
0.1015
0.0864568
0.0044955
0.166
0.0095
0.157186
0.0884558
0.017
0.1415
0.151122
0.132735
0.111944
0.021
0.138431
0.0275
0.163418
0.187718
0.117882
0.1745
0.137294
0.0129935
0.0049975
0.076
0.1645
0.134299
0.123192
0.0329506
0.16
0.153923
0.1375
0.0404393
0.116
0.170415
0.103
0.117324
0.156
0.11994
0.12987
0.156
0.0414793
0.151924
0.128
0.102449
0.1475
0.143285
0.142929
0.0594406
0.116442
0.175
0.116442
0.029985
0.182635
0.0095
0.101
0.009995
0.172914
0.1635
0.149925
0.076
0.072
0.0329506
0.1545
0.1255
0.1115
0.0628743
0.092
0.116942
0.101449
0.096
0.204398
0.1165
0.011
0.157763
0.009995
0.182318
0.0868263
0.126873
0.126437
0.150425
0.147926
0.17982
0.157606
0.097354
0.152924
0.00848727
0.166999
0.130935
0.0979021
0.13993
0.037
0.144855
0.0894553
0.158421
0.0529471
0.1595
0.0568579
0.155922
0.0069965
0.117324
0.191404
0.134731
0.067
0.006
0.17982
0.0025
0.108446
0.128436
0.114
0.0195
0.128871
0.0144928
0.00649675
0.181047
0.1485
0.081959
0.0914086
0.0949525
0.0975
0.120758
0.151122
0.1295
0.0714643
0.073963
0.114443
0.170415
0.133367
0.134
0.0284431
0.177822
0.145427
0.0998502
0.1745
0.17982
0.1175
0.107946
0.115884
0.144356
0.00649351
0.0234883
0.0069965
0.153423
0.1025
0.123
0.1235
0.023
0.188406
0.00748877
0.135932
0.135
0.126437
0.1545
0.156344
0.102449
0.114943
0.1625
0.13217
0.0998502
0.16517
0.166334
0.1725
0.125749
0.134865
0.121
0.0835
0.150275
0.0654673
0.115884
0.145927
0.156422
0.107
0.1015
0.169
0.1715
0.117823
0.0874563
0.0345
0.11333
0.0424575
0.0884558
0.1035
0.017991
0.147926
0.142715
0.14093
0.132434
0.108891
0.006
0.110445
0.109
0.145355
0.014
0.166999
0.123192
0.166334
0.00749625
0.0229885
0.151772
0.109
0.1445
0.0095
0.134731
0.11944
0.0339491
0.118822
0.040959
0.13993
0.00849575
0.165
0.0155
0.00949525
0.149425
0.062
0.150925
0.104843
0.148777
0.16042
0.128372
0.156
0.101
0.157685
0.0744628
0.098
0.156
0.1175
0.168747
0.0234883
0.128308
0.148278
0.149351
0.113
0.092
0.147279
0.0204693
0.014
0.158762
0.157421
0.182817
0.13993
0.145427
0.134865
0.1145
0.027
0.135932
0.111444
0.11
0.104948
0.006
0.130435
0.1255
0.136432
0.0994006
0.0144928
0.170915
0.167416
0.142
0.0255
0.1395
0.097354
0.137862
0.1185
0.0069965
0.1075
0.043
0.055972
0.045977
0.15327
0.0854573
0.126873
0.1285
0.021
0.12044
0.128936
0.123
0.027
0.020979
0.0044955
0.144928
0.013
0.142857
0.109445
0.006
0.183408
0.0125
0.134933
0.14093
0.1735
0.116
0.097
0.121
0.0224775
0.1055
0.125749
0.114214
0.108446
0.133
0.10479
0.1605
0.1255
0.134433
0.164753
0.1325
0.164835
0.157921
0.0949525
0.0755
0.115
0.0964036
0.073
0.0988517
0.1285
0.11976
0.101949
0.025974
0.0065
0.017991
0.019
0.138431
0.0069965
0.155
0.148426
0.0205
0.11333
0.168248
0.1245
0.152924
0.1515
0.1295
0.017
0.043
0.135297
0.0105
0.0885
0.129805
0.128372
0.133367
0.128
0.072
0.0135
0.00549451
0.0045
0.0095
0.092
0.148851
0.135864
0.163
0.204398
0.157685
0.0095
0.0095
0.105289
0.141
0.0155
0.1775
0.1265
0.0085
0.0069965
0.13943
0.152
0.0745
0.1575
0.151
0.1135
0.0129935
0.117
0.115
0.014
0.0435
0.159
0.147279
0.102398
0.123438
0.037
0.11994
0.131434
0.166334
0.145927
0.0977556
0.0905
0.0738892
0.00949525
0.0614693
0.145927
0.0628743
0.174913
0.16042
0.07
0.009
0.117
0.1415
0.115884
0.0404393
0.166
0.156922
0.0435
0.103
0.195207
0.1575
0.1645
0.13993
0.0885
0.105342
0.1725
0.1425
0.107838
0.13943
0.1215
0.1635
0.174326
0.162837
0.13037
0.139
0.1505
0.0404393
0.075962
0.112944
0.1565
0.17991
0.166
0.011994
0.145355
0.132368
0.147426
0.116442
0.141
0.117
0.0284431
0.115442
0.12032
0.0869565
0.1255
0.117
0.107285
0.104843
0.147
0.162419
0.163337
0.10989
0.101796
0.1575
0.013993
0.134731
0.0984016
0.16
0.014
0.147631
0.129306
0.122939
0.147
0.188906
0.0994006
0.172655
0.013979
0.067
0.136432
0.085
0.111944
0.1335
0.15
0.154923
0.0704648
0.0225
0.00949525
0.128871
0.0504244
0.172
0.013993
0.163
0.0264471
0.01
0.14093
0.113273
0.1335
0.0204795
0.0729271
0.0225
0.125937
0.107285
0.072
0.1745
0.151349
0.1575
0.0129805
0.0755
0.0115
0.029
0.107731
0.136863
0.132867
0.146427
0.0834166
0.024975
0.112831
0.158762
0.13943
0.016
0.11944
0.157421
0.109945
0.154423
0.15
0.0085
0.158421
0.134433
0.189216
0.141929
0.126437
0.161419
0.171828
0.142929
0.160679
0.104948
0.0959041
0.1365
0.132368
0.142929
0.0984508
0.0234883
0.1535
0.1425
0.1345
0.126311
0.155844
0.12
0.094
0.007996
0.110834
0.136795
0.1135
0.0164835
0.14036
0.113273
0.005997
0.0729635
0.124438
0.0229885
0.119
0.128936
0.175
0.1335
0.126
0.143285
0.125312
0.126374
0.1505
0.1805
0.011994
0.148926
0.0104948
0.013
0.029
0.15327
0.082
0.048
0.0938592
0.10978
0.0149925
0.1135
0.154423
0.103948
0.1605
0.142
0.0045
0.118382
0.00949525
0.137862
0.141429
0.164835
0.0134933
0.106394
0.132934
0.144783
0.1285
0.0614693
0.152
0.093953
0.1345
0.0224888
0.147631
0.150925
0.191404
0.1345
0.0245
0.115884
0.0164753
0.14
0.164918
0.16
0.1045
0.0264603
0.045977
0.004
0.117941
0.125937
0.007
0.121379
0.134
0.0914543
0.141858
0.15
0.01
0.109945
0.039
0.117823
0.162257
0.105
0.0104948
0.027972
0.042
0.00798802
0.150925
0.141429
0.145927
0.107
0.0105
0.165335
0.113387
0.152
0.165417
0.122378
0.124
0.157606
0.11
0.162257
0.0135
0.1695
0.138931
0.107
0.157685
0.148851
0.137862
0.013986
0.159182
0.157343
0.095952
0.0104948
0.0908637
0.166334
0.1165
0.126937
0.162419
0.126
0.135
0.0045
0.114443
0.145427
0.126311
0.0304848
0.167
0.0905
0.1165
0.134933
0.0523952
0.1175
0.101
0.203694
0.144
0.123
0.1345
0.0085
0.1605
0.142857
0.166
0.135432
0.145927
0.122317
0.109945
0.1205
0.171742
0.178465
0.134933
0.109445
0.121
0.011
0.17033
0.1675
0.00848303
0.1385
0.1185
0.1545
0.171243
0.014985
0.130869
0.12
0.004995
0.107285
0.043
0.0125
0.141429
0.1465
0.176
0.0155
0.132368
0.142429
0.0865
0.175237
0.128436
0.134366
0.108891
0.128372
0.152
0.087956
0.162419
0.171329
0.158921
0.152
0.152348
0.144928
0.0144928
0.107285
0.121379
0.0969031
0.153
0.013986
0.131434
0.0615
0.160679
0.117823
0.0049975
0.0424575
0.141
0.1215
0.111444
0.092
0.121
0.134798
0.1285
0.0835
0.125437
0.162338
0.0164835
0.0404393
0.105
0.01
0.1765
0.0174913
0.129935
0.155
0.141787
0.1165
0.1315
0.072
0.154423
0.01
0.003998
0.113273
0.1365
0.0998502
0.106947
0.170915
0.027
0.1525
0.124
0.0989011
0.0089955
0.0404393
0.133
0.114943
0.15992
0.127872
0.0264735
0.121878
0.0109835
0.0835
0.114
0.1485
0.103896
0.174413
0.134433
0.0224888
0.189027
0.12032
0.189216
0.0149925
0.124
0.0705
0.092
0.131434
0.013993
0.123377
0.092
0.095
0.164
0.0145
0.0614693
0.138931
0.1615
0.017
0.137931
0.0994006
0.025987
0.146
0.109336
0.133367
0.142429
0.0175
0.0914086
0.101399
0.153923
0.1665
0.1035
0.0135
0.0069965
0.112944
0.114386
0.1035
0.00949525
0.00948577
0.1745
0.158
0.143928
0.0504496
0.1115
0.1455
0.128
0.1365
0.1225
0.1245
0.0124938
0.1315
0.0075
0.0264603
0.0235
0.133933
0.113
0.114
0.172914
0.128372
0.135297
0.102794
0.112944
0.02
0.159182
0.1365
0.136228
0.11
0.135432
0.10479
0.141
0.0269865
0.148777
0.143
0.1235
0.126
0.141288
0.0075
0.115826
0.18
0.152
0.152424
0.1175
0.007996
0.131934
0.14036
0.172414
0.0435
0.171243
0.134
0.13979
0.011988
0.130935
0.132
0.0284858
0.144356
0.0129805
0.116442
0.122
0.118941
0.00649351
0.0069965
0.1525
0.0114885
0.1545
0.170415
0.167166
0.137
0.157921
0.158762
0.123438
0.135432
0.1535
