0.158841
0.0145
0.117941
0.00898652
0.009995
0.127808
0.0145
0.0065
0.052
0.118
0.157921
0.083
0.00649351
0.13523
0.145427
0.0869565
0.0534199
0.158184
0.1345
0.1325
0.1
0.0504748
0.131934
0.1435
0.00549451
0.141359
0.0803393
0.00599401
0.126374
0.183
0.0785
0.125874
0.11944
0.102449
0.0769231
0.105447
0.00749625
0.1455
0.005
0.1885
0.0195
0.0813779
0.0244389
0.0925
0.005
0.023988
0.12
0.0949525
0.103345
0.167416
0.136932
0.0494505
0.0129935
0.132302
0.124
0.163418
0.170915
0.0045
0.123
0.109945
0.083958
0.012987
0.131
0.14
0.126937
0.136
0.149925
0.136228
0.163
0.0954046
0.151
0.1055
0.185407
0.1045
0.134433
0.14
0.0304543
0.0954523
0.0465
0.112944
0.130935
0.1215
0.0785
0.0884558
0.153846
0.132434
0.13
0.13
0.144
0.156
0.1895
0.12
0.147426
0.150925
0.129242
0.117
0.174
0.164418
0.158841
0.1005
0.171914
0.0144783
0.116825
0.006
0.137431
0.13
0.162837
0.009
0.154269
0.0035
0.157343
0.141
0.1435
0.025974
0.0414585
0.128871
0.0195
0.1315
0.00848727
0.1465
0.158921
0.126873
0.0905
0.142715
0.009
0.00948104
0.1005
0.110889
0.00999001
0.123438
0.029
0.0954046
0.148
0.0224551
0.037
0.113943
0.009
0.156922
0.131802
0.116442
0.1595
0.0065
0.145
0.1405
0.012475
0.119381
0.1025
0.0109945
0.102
0.118822
0.106
0.133
0.1305
0.1185
0.1095
0.149
0.0998502
0.159
0.185407
0.14
0.181409
0.12
0.0819181
0.00749625
0.128936
0.1745
0.112
0.096
0.0715
0.157921
0.1165
0.165834
0.097354
0.13037
0.01997
0.0964518
0.131
0.012
0.134299
0.0708937
0.005
0.1385
0.019
0.0234648
0.127373
0.13979
0.104948
0.005
0.0244878
0.174
0.187812
0.122939
0.135365
0.0104948
0.1505
0.0075
0.1665
0.15
0.0869565
0.187406
0.108446
0.132934
0.00549451
0.11944
0.00899101
0.1285
0.148278
0.149775
0.0954523
0.1045
0.012987
0.1015
0.153347
0.025987
0.117
0.144428
0.153423
0.025974
0.157842
0.017
0.116
0.1455
0.141929
0.144783
0.1375
0.1295
0.127
0.1155
0.00698952
0.0384808
0.102897
0.149925
0.00499251
0.121939
0.144855
0.0295
0.0385
0.0745
0.111
0.1525
0.125937
0.14985
0.00749625
0.131
0.0195
0.083
0.0144783
0.083
0.065
0.130935
0.0115
0.121197
0.135864
0.158342
0.0595
0.0949051
0.116942
0.17973
0.0129935
0.129741
0.101796
0.14029
0.109445
0.117
0.147926
0.133
0.108446
0.0104948
0.111
0.026973
0.077961
0.117383
0.0114943
0.13523
0.1335
0.00949051
0.133
0.00748877
0.0185
0.156843
0.013993
0.0185
0.145
0.0744628
0.01
0.1515
0.151924
0.153769
0.171243
0.0224888
0.1355
0.176
0.179
0.14
0.0244633
0.1285
0.00549176
0.0185
0.133
0.0819181
0.1
0.157186
0.132434
0.0649026
0.00999001
0.122
0.146
0.0514486
0.007996
0.108392
0.173
0.162338
0.132
0.128936
0.113943
0.127309
0.110445
0.157842
0.182909
0.154845
0.117
0.069965
0.153923
0.135932
0.008
0.124438
0.00549451
0.144855
0.133666
0.159
0.165
0.141717
0.155422
0.165
0.0848727
0.158184
0.1115
0.1475
0.0673317
0.135932
0.14
0.139
0.13993
0.0265
0.0903194
0.149351
0.130935
0.1015
0.157343
0.1185
0.0025
0.113
0.010989
0.112831
0.132434
0.1965
0.195414
0.0275
0.0905
0.1695
0.151
0.173
0.143784
0.0884558
0.157
0.1605
0.107946
0.0155
0.094
0.162419
0.176912
0.108891
0.141717
0.0765
0.132
0.150849
0.174413
0.1555
0.128436
0.12
0.0739261
0.0785
0.155422
0.091
0.0599401
0.10978
0.144783
0.0129935
0.0535
0.0765
0.00748877
0.0569431
0.111944
0.1185
0.049975
0.0804598
0.1095
0.0285
0.112944
0.012
0.00749625
0.0345
0.142857
0.1395
0.1125
0.185222
0.148777
0.0304695
0.067966
0.1055
0.1305
0.165417
0.1085
0.103896
0.0224551
0.016
0.136228
0.009995
0.137226
0.1335
0.113943
0.157842
0.176647
0.179
0.097951
0.112944
0.158342
0.1335
0.154423
0.101348
0.104343
0.134299
0.0435
0.144
0.125874
0.00649351
0.176324
0.1165
0.112
0.152424
0.009
0.012987
0.1115
0.137931
0.045
0.0638723
0.0865
0.00548902
0.152424
0.101
0.148851
0.023988
0.0244389
0.1435
0.0174913
0.149925
0.148
0.025987
0.14
0.163337
0.162419
0.144428
0.084
0.145427
0.10045
0.0065
0.117
0.1545
0.0254745
0.00849575
0.016
0.0225
0.14
0.1195
0.1605
0.12038
0.138224
0.0065
0.0384808
0.147926
0.1385
0.0898652
0.1455
0.121439
0.02
0.069965
0.167416
0.107
0.025
0.1895
0.11944
0.137363
0.1225
0.102449
0.1405
0.152272
0.102949
0.177323
0.012
0.0204898
0.00998004
0.174913
0.150275
0.1165
0.124376
0.109945
0.0655
0.1735
0.0865
0.081
0.0189905
0.117882
0.163337
0.0985
0.11944
0.0165
0.056
0.161
0.143928
0.146
0.1415
0.0104948
0.137363
0.152272
0.0739261
0.124938
0.121939
0.1105
0.0985
0.172328
0.011
0.193403
0.0949051
0.0124938
0.190905
0.00849575
0.0045
0.1285
0.104343
0.097
0.1565
0.166
0.1435
0.1435
0.0154613
0.199
0.0095
0.1135
0.005
0.181818
0.003
0.143856
0.0989505
0.052
0.018
0.151
0.1605
0.0778832
0.1225
0.175
0.116825
0.114329
0.18
0.127
0.1395
0.122939
0.0214893
0.0654673
0.155
0.1345
0.149
0.0134798
0.151
0.097354
0.117941
0.156
0.0875
0.145781
0.122
0.0144928
0.1135
0.149127
0.141717
0.18
0.152348
0.018
0.108337
0.134433
0.153923
0.151
0.0269865
0.148426
0.131802
0.1305
0.1595
0.102846
0.1565
0.112944
0.1565
0.192404
0.011994
0.0809191
0.0089955
0.148703
0.00998502
0.012987
0.012
0.142
0.00848727
0.0519221
0.116326
0.152348
0.1165
0.100899
0.162
0.175
0.135864
0.0225
0.145427
0.115442
0.00748877
0.147926
0.14985
0.1205
0.111665
0.00499251
0.17973
0.151198
0.134433
0.157264
0.0224775
0.0904548
0.01997
0.175062
0.109945
0.00898652
0.157421
0.133433
0.150925
0.1495
0.124
0.141717
0.149
0.111944
0.1615
0.1165
0.155345
0.0124875
0.01
0.019
0.040959
0.0965
0.067966
0.126
0.038
0.154
0.1965
0.150425
0.1735
0.145781
0.0165
0.118941
0.143285
0.139
0.141359
0.151349
0.066
0.1115
0.0045
0.147
0.122877
0.183
0.125937
0.152695
0.142857
0.0484515
0.023
0.181818
0.127936
0.134865
0.1325
0.0234648
0.103948
0.1375
0.148628
0.156765
0.117
0.127
0.0144928
0.1435
0.00898652
0.0269865
0.0209685
0.122
0.1345
0.1185
0.1525
0.0749625
0.125811
0.127872
0.1495
0.115942
0.0234648
0.131434
0.127
0.00599401
0.1615
0.123253
0.017973
0.0554446
0.0514486
0.112
0.111444
0.023
0.084
0.123438
0.112
0.012
0.147926
0.1435
0.182909
0.156922
0.148777
0.011994
0.11039
0.182909
0.0494505
0.123253
0.120819
0.159
0.148851
0.121939
0.143928
0.117
0.118822
0.124938
0.166417
0.0778832
0.102346
0.166417
0.0115
0.0904548
0.0744628
0.151772
0.041958
0.147778
0.0684316
0.142857
0.165417
0.00799201
0.121939
0.00848727
0.169915
0.187406
0.117
0.13037
0.1335
0.128436
0.164418
0.137862
0.173913
0.158921
0.162338
0.123938
0.1285
0.131
0.02
0.0874126
0.0115
0.1325
0.153616
0.121939
0.0214893
0.121439
0.134933
0.1
0.161757
0.1525
0.132934
0.1545
0.127246
0.094
0.1525
0.094
0.132302
0.014985
0.129805
0.127808
0.170415
0.150849
0.0619381
0.0115
0.135796
0.154423
0.114329
0.1295
0.109945
0.13986
0.127936
0.0185
0.153347
0.129935
0.0205
0.122439
0.092
0.0345
0.103448
0.121
0.138
0.0165
0.121939
0.0884558
0.0274863
0.109945
0.146927
0.1245
0.124938
0.143428
0.152
0.123814
0.121318
0.00549451
0.150425
0.0184447
0.1125
0.0599401
0.01
0.101949
0.0045
0.185407
0.076
0.0958084
0.1265
0.0195
0.153846
0.00449775
0.137294
0.159
0.118822
0.0189905
0.176823
0.141218
0.147353
0.0154691
0.144356
0.139
0.043
0.11944
0.130935
0.115442
0.1535
0.103397
0.0869565
0.1455
0.108837
0.0833749
0.170415
0.042
0.135796
0.108446
0.0809191
0.1333
0.0104948
0.1315
0.167416
0.123438
0.0635
0.117265
0.14
0.163418
0.13979
0.0124875
0.019
0.123876
0.1375
0.1555
0.138931
0.167416
0.190619
0.0684658
0.1395
0.0815
0.125375
0.0065
0.162419
0.108392
0.0324838
0.135
0.1105
0.144928
0.16
0.130935
0.0254745
0.15
0.0089955
0.1285
0.1085
0.025987
0.1165
0.144428
0.012475
0.146
0.042
0.111665
0.0955
0.146853
0.0854573
0.153423
0.0115
0.0804598
0.101949
0.188
0.117
0.1145
0.10989
0.1135
0.00799201
0.164418
0.1445
0.00698952
0.106447
0.173413
0.0244755
0.127436
0.106
0.166417
0.1565
0.107731
0.1315
0.175062
0.0924076
0.081
0.0294705
0.1265
0.185407
0.136228
0.106447
0.137431
0.1525
0.181727
0.118441
0.041958
0.10978
0.102449
0.141359
0.123938
0.136
0.1155
0.0154691
0.17
0.0065
0.171
0.162837
0.172414
0.133
0.0345
0.126311
0.1855
0.0934533
0.00849151
0.122939
0.146427
0.0179641
0.012987
0.081959
0.111
0.1565
0.170415
0.00649351
0.1615
0.162338
0.1115
0.0144928
0.00549176
0.0324838
0.008
0.0634366
0.166
0.165417
0.0989505
0.038
0.129435
0.0968547
0.1525
0.1605
0.17324
0.174413
0.122
0.126311
0.126
0.185407
0.00948104
0.12
0.095952
0.098
0.143784
0.167416
0.1165
0.1185
0.029
0.018981
0.1465
0.0189905
0.00949051
0.0129935
0.0324838
0.159341
0.114943
0.143784
0.138
0.156922
0.015984
0.149775
0.118822
0.0935
0.161
0.125437
0.136432
0.118822
0.17991
0.0065
0.150849
0.158421
0.136
0.138431
0.1285
0.111832
0.158921
0.0269865
0.137
0.127
0.184408
0.123814
0.159
0.0115
0.123938
0.176412
0.084
0.0289855
0.189216
0.1055
0.1315
0.041958
0.14029
0.153
0.007
0.166999
0.029985
0.114329
0.0109945
0.130935
0.034
0.0145
0.1645
0.00948104
0.111444
0.143285
0.153423
0.146927
0.114329
0.142429
0.14
0.151
0.0785
0.0065
0.151848
0.152924
0.126
0.174413
0.1325
0.009995
0.157921
0.1305
0.124376
0.0319521
0.151424
0.133666
0.128936
0.15
0.0975
0.128436
0.0345
0.107
0.142857
0.102449
0.014
0.1505
0.0225
0.167082
0.1335
0.0645
0.152695
0.098
0.152272
0.126185
0.009
0.104396
0.0189905
0.16034
0.121439
0.0805
0.0129805
0.178911
0.161838
0.01998
0.040959
0.118822
0.103448
0.009
0.0285
0.0344483
0.0434783
0.09995
0.0184447
0.1095
0.1425
0.081
0.107
0.112444
0.108392
0.132934
0.148628
0.1395
0.1215
0.0155
0.153923
0.103448
0.0174738
0.0865
0.1565
0.121756
0.107393
0.145355
0.1355
0.041958
0.133
0.0189905
0.1075
0.152348
0.0815
0.1405
0.069965
0.108946
0.1345
0.0134933
0.0209895
0.163
0.177
0.144428
0.157921
0.168
0.0339491
0.181909
0.1755
0.127936
0.00949525
0.137431
0.0204898
0.0414585
0.142857
0.13
0.1235
0.1045
0.0825
0.124376
0.0619381
0.025987
0.1285
0.007996
0.122939
0.0708937
0.1595
0.143713
0.103948
0.134933
0.00949525
0.00998004
0.083958
0.1565
0.112
0.1505
0.1195
0.118441
0.152847
0.131434
0.0968547
0.111888
0.005997
0.135932
0.1
0.151924
0.1335
0.022
0.0968547
0.0124875
0.0115
0.14
0.139
0.125
0.162257
0.025
0.114271
0.165834
0.009
0.1565
0.0149775
0.143428
0.125312
0.14985
0.0049975
0.154845
0.012
0.180819
0.16
0.1285
0.011976
0.114329
0.1385
0.134299
0.0109945
0.152924
0.11
0.067966
0.162
0.111444
0.0169661
0.132434
0.153616
0.1495
0.143928
0.16034
0.151
0.0599401
0.0795
0.1495
0.161838
0.169246
0.1105
0.148352
0.0649026
0.00799201
0.0815
0.146927
0.1
0.0805
0.145
0.0569431
0.1445
0.1825
0.103397
0.0565
0.14029
0.148352
0.1435
0.162919
0.131434
0.023988
0.161757
0.0934533
0.1105
0.0025
0.003998
0.135297
0.0469062
0.1502
0.166334
0.136795
0.012475
0.150774
0.172827
0.0154845
0.127373
0.0089955
0.0184447
0.00849575
0.0189905
0.151
0.0974513
0.11994
0.1655
0.158841
0.005
0.108946
0.101949
0.0264868
0.0045
0.111
0.107731
0.115442
0.122
0.195804
0.0629685
0.011982
0.121878
0.128436
0.0878682
0.0104948
0.122939
0.123192
0.0724276
0.130869
0.111888
0.1365
0.1495
0.164254
0.0069965
0.133
0.0834583
0.028971
0.108946
0.1445
0.0144783
0.1225
0.157921
0.12
0.0224888
0.161017
0.130804
0.00849151
0.171
0.013
0.1615
0.125375
0.147926
0.0534199
0.156922
0.148278
0.150425
0.123438
0.141929
0.13986
0.117941
0.144855
0.1045
0.141429
0.1335
0.096
0.0155
0.103448
0.122939
0.052
0.0554446
0.0864568
0.149276
0.132934
0.066
0.0924076
0.128871
0.009
0.0114943
0.127246
0.012
0.021
0.109835
0.014985
0.1325
0.1285
0.0379431
0.0115
0.0115
0.142
0.157
0.178144
0.067966
0.1605
0.1085
0.131434
0.1375
0.1345
0.154346
0.006
0.1695
0.1385
0.167416
0.148
0.083
0.0195
0.0165
0.011994
0.0285
0.012
0.0274863
0.105447
0.1205
0.150774
0.135932
0.168
0.112944
0.101949
0.0874563
0.1745
0.143856
0.137862
0.040959
0.11
0.138861
0.138792
0.174239
0.153347
0.013
0.1385
0.1515
0.0309536
0.122877
0.1415
0.042
0.184408
0.162
0.0769231
0.129935
0.0605
0.1335
0.171329
0.161838
0.164418
0.162
0.0055
0.0995
0.036
0.104396
0.170415
0.124438
0.181909
0.146927
0.127
0.00549176
0.141858
0.152424
0.158421
0.0089955
0.0189905
0.098
0.100899
0.152272
0.1
0.168
0.152424
0.17324
0.158921
0.113
0.01
0.187812
0.0129805
0.0195
0.156
0.037981
0.173653
0.105947
0.00899101
0.163836
0.153347
0.110945
0.104948
0.134865
0.105
0.14043
0.145355
0.154269
0.155
0.18
0.14043
0.142
0.1285
0.16034
0.1285
0.149925
0.15327
0.166334
0.021978
0.081
0.1545
0.019
0.158421
0.155922
0.1155
0.0934066
0.1605
0.105
0.0723914
0.1275
0.00499251
0.0089955
0.012987
0.127436
0.133666
0.157343
0.144928
0.1245
0.158184
0.0673317
0.149
0.137431
0.111944
0.11988
0.169915
0.00898652
0.1565
0.126
0.12
0.122439
0.1255
0.147
0.124938
0.132302
0.153423
0.150425
0.11944
0.0065
0.00549451
0.010479
0.130804
0.1505
0.108946
0.112831
0.167416
0.1135
0.167249
0.1055
0.1155
0.0609695
0.162419
0.1285
0.127872
0.017991
0.151
0.0954523
0.114329
0.014985
0.0109945
0.1095
0.115942
0.11976
0.1045
0.121939
0.1265
0.0914086
0.025
0.156344
0.103448
0.1535
0.106893
0.0925
0.192404
0.1255
0.00449775
0.1465
0.0814186
0.148777
0.124
0.160839
0.098
0.179
0.178821
0.134
0.0209685
0.1305
0.13993
0.109445
0.158342
0.161838
0.0145
0.128871
0.176412
0.167832
0.1535
0.150774
0.125437
0.133
0.1615
0.117
0.162338
0.0115
0.179641
0.111
0.13523
0.155922
0.1615
0.129741
0.11
0.113
0.0619381
0.106447
0.141359
0.0085
0.1745
0.0755
0.141429
0.162756
0.155
0.017991
0.1295
0.0619381
0.14043
0.144356
0.158342
0.0595
0.15
0.098
0.139
0.043
0.131
0.144284
0.016983
0.128871
0.191404
0.119
0.144
0.019
0.0069965
0.0095
0.112944
0.147
0.181727
0.132434
0.132934
0.00949051
0.1095
0.144928
0.0755
0.131434
0.1455
0.13943
0.0115
0.162419
0.00998004
0.168
0.1145
0.006
0.111
0.1285
0.121878
0.139
0.163418
0.123
0.0794603
0.0954523
0.131434
0.1595
0.1555
0.0234648
0.087
0.0225
0.0914086
0.11976
0.018
0.0474763
0.0285
0.136432
0.106893
0.118822
0.133
0.123192
0.123438
0.1395
0.163337
0.125
0.1415
0.164
0.122939
0.00949051
0.192404
0.137363
0.128936
0.017
0.015
0.172414
0.103397
0.124376
0.169246
0.1615
0.0164918
0.1365
0.150849
0.107393
0.124938
0.0254618
0.132
0.011982
0.103948
0.159
0.0144711
0.104948
0.122
0.025974
0.121939
0.0409386
0.158921
0.138931
0.1345
0.158342
0.158184
0.1325
0.0903194
0.124938
0.174413
0.1215
0.027
0.045
0.172
0.1525
0.146853
0.1385
0.0129935
0.153423
0.1545
0.1325
0.146427
0.121817
0.0404595
0.0275
0.0144928
0.167333
0.174413
0.0544184
0.010989
0.01
0.00599401
0.111665
0.067966
0.0325
0.0119701
0.1735
0.1335
0.151198
0.0035
0.0165
0.106
0.151349
0.106
0.00849575
0.164835
0.0165
0.122939
0.1075
0.0904548
0.019
0.117941
0.1535
0.0144928
0.159341
0.158
0.150925
0.0465
0.0998502
0.106
0.0964518
0.101949
0.15984
0.168
0.156
0.009
0.197401
0.153347
0.159
0.011982
0.155766
0.123
0.0165
0.012987
0.162837
0.1435
0.135
0.047976
0.172914
0.110945
0.112
0.131434
0.129435
0.162837
0.0769231
0.170829
0.0124875
0.118441
0.162756
0.067966
0.138
0.0195
0.013
0.0689311
0.127
0.171914
0.016
0.0554446
0.0889111
0.14
0.1555
0.141429
0.15
0.0134798
0.1305
0.0185
0.155922
0.156344
0.150425
0.122
0.127246
0.1265
0.142145
0.0195
0.083958
0.049975
0.161419
0.137931
0.1445
0.150925
0.144428
0.0129805
0.155922
0.124
0.0169661
0.0889111
0.1965
0.131802
0.144928
0.152348
0.195804
0.102346
0.1525
0.127
0.017991
0.0254745
0.1455
0.0815
0.162756
0.1285
0.013
0.159
0.149925
0.0095
0.148777
0.181909
0.1395
0.147926
0.1555
0.127246
0.1
0.0264735
0.1125
0.00749625
0.13943
0.128936
0.154768
0.017
0.164
0.1175
0.14029
0.162919
0.103948
0.0569431
0.15327
0.0225
0.0025
0.137431
0.0115
0.0949525
0.0995
0.147
0.1885
0.142145
0.1755
0.0269865
0.14985
0.13
0.116384
0.107
0.122939
0.1565
0.1055
0.0924076
0.1997
0.153347
0.158421
0.126
0.124438
0.174913
0.127
0.163836
0.1085
0.147926
0.1335
0.121379
0.026973
0.162
0.135
0.111
0.145927
0.145355
0.1195
0.0085
0.017
0.009995
0.11
0.126937
0.14029
0.1565
0.0884558
0.137431
0.124875
0.12987
0.0684316
0.147926
0.107
0.172914
0.1515
0.148851
0.018981
0.160839
0.148851
0.10978
0.137294
0.14036
0.132867
0.167916
0.108392
0.0115
0.142
0.151848
0.1295
0.152348
0.0595
0.162338
0.0049975
0.11994
0.1435
0.162837
0.132
0.151924
0.1055
0.1775
0.0199601
0.0775
0.151
0.1525
0.188406
0.167
0.0134798
0.170915
0.1125
0.151349
0.11
0.159341
0.010479
0.0599401
0.144928
0.135
0.0465
0.053
0.0975
0.1435
0.15
0.019
0.111944
0.163918
0.137363
0.152
0.112
0.162
0.018
0.125
0.109945
0.0225
0.16
0.1997
0.138931
0.181818
0.153769
0.111444
0.1445
0.121439
0.0409795
0.0635
0.143285
0.125
0.0144928
0.1245
0.116825
0.197401
0.1395
0.113
0.0534199
0.0209685
0.135
0.0454773
0.162837
0.0994006
0.133
0.13
0.179641
0.141717
0.144428
0.0923615
0.1525
0.0404595
0.0793809
0.113
0.107
0.014
0.112
0.149925
0.0164918
