0.2015
0.223388
0.228386
0.2425
0.284858
0.201399
0.197303
0.2015
0.216
0.187406
0.2235
0.200897
0.29935
0.172827
0.1535
0.197303
0.216892
0.2065
0.245
0.256872
0.175
0.216
0.216783
0.205192
0.2415
0.166
0.0049975
0.2215
0.226387
0.1555
0.2545
0.219281
0.177911
0.218
0.243135
0.199
0.220449
0.196803
0.2745
0.2135
0.147926
0.192212
0.2095
0.193
0.228
0.210395
0.171914
0.202899
0.217391
0.0075
0.18023
0.225
0.182318
0.1675
0.217391
0.257871
0.225549
0.23
0.193307
0.006
0.011988
0.187718
0.2045
0.222666
0.187406
0.211894
0.00998502
0.2445
0.193307
0.253247
0.2355
0.258741
0.281
0.223665
0.244
0.239
0.202399
0.17515
0.257371
0.148926
0.252374
0.214286
0.147353
0.248376
0.229656
0.1555
0.2535
0.185907
0.015
0.1765
0.230385
0.236
0.25362
0.2045
0.241517
0.211183
0.247253
0.148926
0.186
0.181909
0.202899
0.251748
0.177
0.248252
0.213679
0.231384
0.227772
0.191808
0.206897
0.1775
0.2004
0.181818
0.173826
0.214286
0.192807
0.228272
0.247129
0.201399
0.193903
0.283075
0.235382
0.218
0.00549725
0.232384
0.0595
0.156765
0.21596
0.223665
0.253247
0.220779
0.284715
0.233
0.246
0.258871
0.242
0.2495
0.0034965
0.189
0.219281
0.224775
0.217
0.242
0.15992
0.1555
0.198702
0.004
0.269
0.249
0.189405
0.13986
0.254736
0.255872
0.242636
0.214
0.023
0.027
0.1645
0.2275
0.247253
0.269
0.189405
0.1415
0.241
0.224276
0.26037
0.234383
0.2125
0.188717
0.202197
0.163337
0.207
0.266234
0.236
0.22977
0.24
0.0105
0.189715
0.1535
0.2125
0.228386
0.221
0.202
0.0155
0.18014
0.231384
0.247376
0.226387
0.1775
0.224164
0.207
0.244378
0.249251
0.225662
0.255372
0.248252
0.2605
0.233883
0.259
0.167249
0.211
0.206397
0.25362
0.0085
0.222889
0.1645
0.176236
0.181
0.255872
0.228272
0.23365
0.2
0.225387
0.24014
0.202399
0.262
0.1645
0.21
0.165751
0.259
0.234
0.190405
0.215892
0.181
0.006
0.232384
0.2725
0.211394
0.228657
0.0124813
0.186314
0.216675
0.190714
0.23976
0.189311
0.219281
0.170744
0.2355
0.231384
0.1725
0.177822
0.236882
0.222889
0.235882
0.214
0.228657
0.21967
0.174
0.2
0.283358
0.2045
0.214893
0.209685
0.198901
0.219171
0.219281
0.198603
0.221
0.00649675
0.194306
0.175912
0.193
0.234
0.201798
0.239022
0.225275
0.237881
0.143928
0.231384
0.2215
0.269
0.2215
0.0149775
0.187625
0.2005
0.169
0.243257
0.221778
0.262606
0.255372
0.2285
0.212394
0.157921
0.2115
0.181
0.256359
0.258871
0.229885
0.252374
0.241
0.249251
0.1925
0.16092
0.23988
0.254373
0.188406
0.219281
0.211
0.189905
0.177911
0.241758
0.189905
0.216
0.247876
0.0104895
0.2205
0.205192
0.1375
0.24002
0.2005
0.249251
0.23
0.224276
0.232384
0.1775
0.252747
0.23938
0.1775
0.165751
0.229885
0.207896
0.2165
0.2615
0.0645
0.187406
0.204
0.0075
0.2905
0.174
0.192404
0.2465
0.216
0.27
0.259111
0.240759
0.252747
0.243878
0.207
0.18
0.22977
0.268366
0.223
0.141429
0.197901
0.2215
0.227046
0.2003
0.18023
0.261239
0.204398
0.204398
0.244878
0.143928
0.253992
0.0205
0.2165
0.231
0.2205
0.1845
0.212894
0.2445
0.1895
0.206294
0.033966
0.2415
0.23
0.167249
0.225387
0.203
0.175
0.1535
0.2395
0.186407
0.222777
0.169661
0.242879
0.231768
0.1755
0.172414
0.1985
0.161838
0.2345
0.225549
0.2905
0.251623
0.205794
0.0095
0.175
0.150925
0.245
0.215784
0.027
0.202696
0.23
0.233883
0.234
0.165751
0.245
0.163092
0.2195
0.213
0.254873
0.202
0.218391
0.215784
0.196
0.2305
0.0135
0.198901
0.204898
0.192404
0.206397
0.195
0.228657
0.202399
0.215
0.254873
0.151924
0.223776
0.2595
0.21939
0.181
0.241638
0.195402
0.211289
0.191808
0.2195
0.174
0.2465
0.208396
0.183908
0.226887
0.203898
0.165669
0.2095
0.262737
0.191617
0.169331
0.26037
0.2205
0.206397
0.2245
0.198901
0.258871
0.246877
0.236763
0.236882
0.172827
0.22039
0.00799201
0.229385
0.165917
0.246
0.245877
0.206397
0.200599
0.227273
0.0115
0.23938
0.268866
0.243257
0.262
0.239141
0.231
0.2165
0.208
0.242
0.1515
0.190905
0.169
0.183816
0.215892
0.227386
0.236
0.1995
0.234383
0.224
0.178411
0.285072
0.2235
0.152847
0.009
0.197901
0.216783
0.0194708
0.231384
0.189
0.257371
0.191904
0.226773
0.185222
0.092
0.2615
0.2415
0.2315
0.1915
0.203898
0.244
0.162419
0.23976
0.1999
0.216783
0.216567
0.222777
0.175412
0.206
0.21939
0.2125
0.291854
0.232
0.191213
0.2455
0.222889
0.228044
0.202
0.239022
0.198302
0.253873
0.166251
0.222777
0.183908
0.1995
0.2105
0.188406
0.246
0.1955
0.216
0.244878
0.2385
0.237881
0.232767
0.198104
0.2225
0.234414
0.168416
0.1955
0.21989
0.222167
0.257371
0.2225
0.006
0.2195
0.233883
0.115327
0.196304
0.2009
0.0075
0.218891
0.243
0.202197
0.277861
0.0194708
0.00799201
0.214893
0.208687
0.215784
0.262737
0.21939
0.192
0.218891
0.1695
0.189405
0.007996
0.196
0.2305
0.183908
0.248252
0.24026
0.221778
0.196
0.2665
0.206
0.198901
0.209685
0.0645
0.254736
0.241758
0.237381
0.0085
0.212894
0.2615
0.241758
0.22017
0.206294
0.245877
0.232384
0.206191
0.21318
0.268
0.1555
0.277861
0.2395
0.1525
0.206
0.24026
0.223
0.172741
0.241
0.285072
0.1925
0.247376
0.182409
0.213573
0.202899
0.2595
0.147926
0.155922
0.247253
0.145427
0.241
0.193806
0.2505
0.212681
0.222389
0.19
0.00599101
0.188406
0.249375
0.196902
0.232
0.234913
0.262
0.2305
0.230385
0.232
0.158
0.25312
0.221
0.203796
0.177645
0.2465
0.208896
0.262737
0.208
0.202899
0.240759
0.243756
0.18041
0.184408
0.208188
0.023
0.205794
0.2315
0.1675
0.217
0.250375
0.219
0.222056
0.241758
0.258741
0.198401
0.21596
0.015
0.17941
0.21
0.215392
0.2135
0.244878
0.2245
0.1885
0.221778
0.206397
0.244389
0.168
0.206294
0.009
0.201
0.182227
0.162257
0.26
0.160839
0.21029
0.21967
0.235265
0.2345
0.1765
0.1455
0.196705
0.221
0.169331
0.215784
0.245877
0.218391
0.167
0.190714
0.177822
0.243257
0.16
0.223
0.221778
0.241
0.246377
0.26087
0.192212
0.23365
0.147926
0.193709
0.199
0.181
0.2505
0.208396
0.1985
0.16983
0.242
0.254373
0.269
0.1775
0.2435
0.2455
0.191904
0.277861
0.233
0.190809
0.194
0.248876
0.2415
0.17982
0.1999
0.2385
0.26
0.1855
0.246
0.250624
0.2455
0.201
0.195402
0.221
0.204398
0.26996
0.25362
0.208896
0.0105
0.157921
0.270729
0.215784
0.2045
0.144428
0.2005
0.1975
0.1985
0.246877
0.221778
0.137363
0.246008
0.2405
0.268866
0.168332
0.211894
0.213
0.248252
0.2705
0.198901
0.217891
0.196402
0.183908
0.221667
0.181
0.26037
0.163
0.1485
0.182409
0.256359
0.165751
0.2045
0.234
0.187718
0.238024
0.201
0.224
0.236882
0.2185
0.253
0.221
0.135
0.2535
0.191904
0.2075
0.2305
0.228886
0.19
0.144928
0.18041
0.211183
0.1675
0.213
0.154845
0.2135
0.246877
0.248252
0.17982
0.229271
0.1965
0.2205
0.191808
0.2455
0.204898
0.202899
0.181818
0.0115
0.23
0.185315
0.0105
0.217283
0.262737
0.258871
0.212288
0.188406
0.245255
0.175
0.2135
0.204296
0.243756
0.1755
0.271
0.197802
0.2385
0.223888
0.193403
0.2165
0.0924076
0.00998502
0.2095
0.254373
0.158
0.2615
0.0124938
0.2415
0.234383
0.2185
0.223665
0.00949051
0.2235
0.169915
0.0124813
0.1555
0.2015
0.0174825
0.174
0.191808
0.211183
0.138792
0.200799
0.177
0.0089955
0.1825
0.2285
0.182
0.213393
0.185907
0.252
0.215784
0.181
0.174
0.233883
0.230539
0.165669
0.231384
0.2365
0.2695
0.191712
0.255
0.172914
0.205794
0.125
0.23
0.17982
0.21939
0.169331
0.267599
0.2615
0.234383
0.245754
0.191904
0.2095
0.01
0.155922
0.143
0.144928
0.236763
0.228771
0.2095
0.217891
0.222389
0.214
0.228657
0.234883
0.226887
0.215
0.218
0.00649675
0.274226
0.181
0.182318
0.1885
0.211
0.127
0.225
0.00399202
0.194
0.246877
0.144428
0.1955
0.169915
0.201399
0.154613
0.214286
0.018
0.232268
0.186907
0.255872
0.227886
0.192807
0.187406
0.241259
0.2055
0.2615
0.235
0.004
0.226773
0.193
0.218891
0.267866
0.2
0.219062
0.226773
0.19
0.2385
0.1755
0.2105
0.238024
0.215784
0.263368
0.234913
0.249875
0.015
0.035982
0.209685
0.2635
0.1985
0.241758
0.193613
0.226
0.210895
0.2485
0.2205
0.243257
0.187406
0.197401
0.221778
0.177733
0.235382
0.226387
0.266367
0.235647
0.197901
0.211
0.21939
0.21939
0.2595
0.242757
0.2305
0.172914
0.1955
0.2405
0.185721
0.187126
0.239141
0.009995
0.21939
0.1795
0.204898
0.235
0.209685
0.258871
0.254873
0.174
0.2065
0.238381
0.02
0.208396
0.16092
0.157921
0.218891
0.243135
0.178322
0.208896
0.220559
0.2435
0.183908
0.194
0.0135
0.223665
0.214393
0.238
0.247
0.192
0.251748
0.193307
0.229271
0.252
0.235
0.261239
0.221168
0.2495
0.208896
0.22089
0.198401
0.238024
0.207396
0.228158
0.2415
0.26037
0.237762
0.2195
0.169331
0.227886
0.2455
0.24026
0.2115
0.265367
0.256244
0.1885
0.211894
0.175
0.2245
0.249
0.217891
0.207
0.2215
0.17941
0.148
0.177
0.148926
0.204693
0.229885
0.204194
0.227159
0.23938
0.209
0.251
0.216176
0.226887
0.23315
0.1915
0.1685
0.223665
0.218282
0.211394
0.231384
0.1535
0.255872
0.2405
0.248876
0.197
0.1999
0.242879
0.192404
0.246
0.181
0.248
0.263368
0.2355
0.2255
0.143928
0.023
0.2445
0.1985
0.0049975
0.209
0.219281
0.2465
0.22505
0.172827
0.186314
0.222777
0.168
0.25974
0.221
0.16092
0.224388
0.147926
0.223
0.246008
0.21978
0.229656
0.187
0.0069965
0.2285
0.2695
0.217565
0.211183
0.181
0.222777
0.2215
0.234883
0.027
0.226887
0.21939
0.223277
0.222889
0.198401
0.027
0.171914
0.232
0.187812
0.237381
0.225
0.213393
0.184132
0.202899
0.258871
0.281859
0.267
0.2485
0.210895
0.193709
0.226887
0.245509
0.243135
0.17982
0.2365
0.203
0.222056
0.232
0.166417
0.187
0.235882
0.201899
0.004995
0.22017
0.2445
0.192615
0.248252
0.259111
0.226387
0.158
0.243756
0.235
0.243378
0.215784
0.237381
0.195402
0.2375
0.16092
0.237381
0.24
0.269
0.251374
0.200599
0.234765
0.256
0.19
0.228771
0.208687
0.225387
0.208791
0.008
0.1995
0.169915
0.192212
0.197802
0.217955
0.201399
0.2145
0.237
0.212681
0.15
0.194
0.256359
0.275362
0.228771
0.225387
0.271093
0.1895
0.230385
0.175
0.244878
0.245632
0.189
0.213287
0.230769
0.197802
0.013993
0.190714
0.198
0.250875
0.202899
0.197401
0.217
0.206793
0.239
0.163092
0.186907
0.158
0.209685
0.206
0.241758
0.218891
0.177
0.24014
0.264
0.1985
0.223388
0.21989
0.264471
0.186
0.237762
0.209
0.206
0.1585
0.198401
0.2245
0.189905
0.193806
0.167916
0.23938
0.0279581
0.212681
0.198104
0.194805
0.0075
0.196803
0.23315
0.212894
0.169661
0.235
0.231384
0.185814
0.1335
0.242757
0.254373
0.206294
0.223
0.228
0.143
0.207896
0.0049975
0.1335
0.169915
0.264603
0.271229
0.234266
0.283358
0.22017
0.217673
0.203297
0.186
0.2385
0.200799
0.232384
0.216459
0.185907
0.212787
0.227046
0.191904
0.266
0.212787
0.204
0.1395
0.222777
0.172741
0.224276
0.2185
0.21
0.21978
0.18041
0.262737
0.190809
0.137431
0.24
0.235382
0.18
0.2009
0.206397
0.248004
0.178411
0.202696
0.29935
0.16092
0.2225
0.178821
0.2015
0.225662
0.2065
0.1105
0.216392
0.23
0.231384
0.2015
0.224
0.186
0.1735
0.144356
0.1765
0.261
0.1935
0.202
0.208396
0.247129
0.191904
0.214785
0.254119
0.247376
0.2125
0.202
0.247
0.229271
0.197
0.184723
0.234414
0.1955
0.1985
0.00399202
0.198104
0.2025
0.0104948
0.232384
0.224
0.266
0.035982
0.235
0.206793
0.261738
0.2045
0.195402
0.218891
0.21939
0.23976
0.22017
0.258871
0.1695
0.018
0.220669
0.2665
0.2705
0.208396
0.1685
0.192
0.00799201
0.220779
0.230539
0.2009
0.235265
0.271093
0.234383
0.253873
0.2055
0.2195
0.1775
0.18981
0.248878
0.267599
0.209
0.23938
0.151772
0.29935
0.2275
0.182635
0.221168
0.0075
0.226773
0.269365
0.2215
0.231384
0.249
0.18014
0.208396
0.246
0.23
0.225
0.258741
0.2045
0.236882
0.177733
0.23938
0.1585
0.267866
0.254873
0.0124938
0.007996
0.125
0.191
0.112
0.208
0.245877
0.284715
0.244256
0.196304
0.1395
0.0135
0.1765
0.197401
0.2525
0.247376
0.22089
0.202
0.196304
0.26087
0.221
0.236
0.1885
0.2165
0.261369
0.223277
0.204092
0.2135
0.2105
0.00649675
0.272
0.2035
0.197
0.255
0.0089955
0.2665
0.191904
0.206
0.195706
0.18
0.223388
0.254373
0.245632
0.226274
0.21507
0.239141
0.214393
0.249875
0.228386
0.1915
0.202899
0.2505
0.195706
0.190714
0.18981
0.00948577
0.223776
0.269365
0.2115
0.24014
0.161838
0.2455
0.196
0.214
0.221
0.2245
0.1975
0.212288
0.174
0.237881
0.1515
0.242
0.155922
0.223
0.222889
0.243756
0.2285
0.206294
0.195402
0.241758
0.283075
0.266733
0.1335
0.232802
0.163337
0.008
0.245754
0.212
0.178322
0.189405
0.202399
0.0154768
0.224164
0.144928
0.267866
0.179321
0.174
0.170415
0.00799201
0.2045
0.244378
0.121939
0.203694
0.0645
0.256872
0.190905
0.216567
0.0034965
0.227
0.18
0.241379
0.2415
0.197
0.254491
0.2095
0.20798
0.2065
0.137431
0.1985
0.211183
0.2405
0.0124938
0.270729
