0.1835
0.252248
0.270594
0.243378
0.260978
0.291354
0.23
0.268962
0.273
0.252
0.274
0.2235
0.286357
0.214
0.24014
0.255
0.2545
0.276
0.212394
0.00598802
0.264868
0.27023
0.24014
0.167581
0.261239
0.2965
0.283
0.258242
0.211
0.234383
0.266
0.270459
0.247505
0.260739
0.263105
0.237
0.23315
0.231153
0.2605
0.240639
0.289211
0.2455
0.257371
0.2445
0.242137
0.255872
0.198
0.256872
0.277361
0.2115
0.2495
0.2225
0.258871
0.235882
0.215
0.27
0.28
0.273
0.197
0.211471
0.2445
0.277361
0.2525
0.23938
0.255988
0.252874
0.254246
0.2405
0.246377
0.243635
0.221889
0.249375
0.299051
0.277361
0.271364
0.231
0.28
0.185814
0.211471
0.275225
0.267866
0.221
0.2535
0.218
0.235882
0.161339
0.251249
0.211
0.2335
0.237381
0.2375
0.263736
0.259481
0.252874
0.26024
0.229
0.2215
0.233883
0.275724
0.237
0.264868
0.262869
0.309191
0.290355
0.225387
0.229271
0.21
0.2425
0.249
0.252248
0.247129
0.237381
0.21
0.224
0.2715
0.2355
0.304848
0.2715
0.227
0.2805
0.219451
0.1975
0.258
0.242879
0.209685
0.244633
0.275948
0.004
0.211289
0.229042
0.255372
0.2765
0.256372
0.225387
0.242636
0.258371
0.2495
0.285429
0.260978
0.261108
0.274588
0.255362
0.256
0.220669
0.0154768
0.1975
0.246507
0.209685
0.222
0.241379
0.258871
0.2545
0.185814
0.276723
0.153423
0.240759
0.221
0.2625
0.245377
0.280798
0.27359
0.26011
0.266367
0.262238
0.004
0.209895
0.294853
0.18
0.285357
0.198
0.2175
0.24088
0.239
0.2405
0.246254
0.254373
0.2215
0.248
0.2935
0.246753
0.227659
0.0085
0.2675
0.228386
0.213786
0.00698603
0.238761
0.216392
0.251497
0.275
0.1985
0.00649675
0.262
0.2535
0.272864
0.282
0.249375
0.248
0.25974
0.2405
0.211394
0.222889
0.2835
0.2475
0.222278
0.272864
0.279
0.2945
0.284573
0.2005
0.219171
0.261239
0.2085
0.1835
0.2535
0.213786
0.278
0.177411
0.2365
0.2715
0.1975
0.227772
0.225436
0.224
0.231269
0.27023
0.235382
0.2525
0.225887
0.288212
0.299051
0.2565
0.238881
0.2065
0.2465
0.261
0.2475
0.2405
0.23
0.274363
0.237381
0.237881
0.213393
0.2535
0.221889
0.215285
0.233
0.202298
0.223665
0.206897
0.168
0.25974
0.274588
0.25
0.293853
0.234883
0.258371
0.251
0.264368
0.215676
0.234
0.258242
0.265367
0.279
0.238
0.264368
0.264368
0.248376
0.2375
0.226
0.276862
0.216567
0.184224
0.2485
0.247253
0.245
0.2575
0.275862
0.24038
0.25
0.21978
0.261869
0.259611
0.246753
0.2335
0.247129
0.286214
0.214
0.189
0.211788
0.192212
0.299051
0.26011
0.185
0.266367
0.257371
0.264868
0.0095
0.248
0.2205
0.247253
0.255
0.2465
0.309845
0.232268
0.161419
0.262107
0.263368
0.231384
0.246
0.194
0.1875
0.241018
0.01
0.223888
0.245132
0.225162
0.258741
0.273
0.2435
0.2465
0.248376
0.206793
0.282359
0.238
0.255872
0.261369
0.262869
0.252369
0.222
0.252
0.2995
0.256872
0.235382
0.23976
0.247253
0.264104
0.251
0.212
0.287712
0.005997
0.268329
0.261
0.214
0.247629
0.238262
0.228386
0.222167
0.282717
0.271
0.007996
0.205397
0.261239
0.213893
0.265367
0.26996
0.25987
0.20979
0.2715
0.2365
0.285
0.257
0.241
0.2365
0.201995
0.2685
0.236527
0.193709
0.247129
0.158921
0.247129
0.267866
0.193
0.01
0.277361
0.245
0.252122
0.2505
0.274226
0.289355
0.279
0.276862
0.0164835
0.167581
0.2185
0.227772
0.24
0.236645
0.1935
0.298552
0.2325
0.2215
0.241
0.270324
0.217391
0.256872
0.206897
0.258371
0.248004
0.19031
0.296555
0.2395
0.2315
0.2455
0.2185
0.243257
0.289
0.224
0.256244
0.228386
0.227772
0.245132
0.2595
0.246
0.2085
0.2625
0.242879
0.281718
0.267
0.289355
0.25025
0.198901
0.274363
0.261239
0.24038
0.223
0.246
0.308346
0.266
0.261608
0.264368
0.259
0.259241
0.244012
0.2285
0.312844
0.245132
0.2715
0.22
0.207293
0.262
0.2235
0.241259
0.234
0.23315
0.24
0.284858
0.2495
0.198901
0.239
0.2455
0.236763
0.211788
0.237026
0.217
0.2155
0.250749
0.274
0.253
0.201399
0.23938
0.256372
0.2455
0.247
0.253746
0.227
0.28
0.23938
0.2365
0.1815
0.27
0.2565
0.2115
0.267
0.241259
0.273
0.27309
0.232884
0.255
0.301
0.0145
0.250375
0.196803
0.266
0.1994
0.235764
0.2365
0.261869
0.234883
0.281359
0.21939
0.242879
0.258871
0.242636
0.213679
0.263368
0.163255
0.257371
0.253
0.2705
0.214393
0.00598802
0.219
0.262238
0.233766
0.269365
0.306733
0.301849
0.279
0.2009
0.266367
0.2485
0.226773
0.2435
0.008
0.234383
0.225887
0.234883
0.222666
0.286857
0.261
0.2405
0.218891
0.25
0.238
0.250375
0.283217
0.23988
0.237881
0.228543
0.262107
0.276
0.244878
0.265867
0.269865
0.262238
0.255872
0.262475
0.1595
0.225387
0.260739
0.21
0.233
0.253247
0.184908
0.280798
0.236382
0.216675
0.263
0.248
0.250875
0.0364635
0.245377
0.2285
0.1994
0.254
0.246254
0.251249
0.214
0.229885
0.261608
0.21
0.2235
0.241
0.185
0.165
0.246254
0.28
0.176324
0.270459
0.2115
0.264104
0.1595
0.280798
0.213
0.167916
0.263105
0.195902
0.269596
0.2525
0.013
0.276
0.219
0.27023
0.247253
0.212894
0.24663
0.252
0.2405
0.243635
0.264735
0.266
0.167581
0.263368
0.256116
0.251874
0.248
0.232884
0.250375
0.194
0.255872
0.271956
0.283217
0.256872
0.261239
0.2715
0.258371
0.237381
0.237144
0.1865
0.243014
0.236382
0.007996
0.2215
0.209
0.262107
0.229156
0.281718
0.281359
0.276447
0.275862
0.231884
0.244878
0.229156
0.00749625
0.249126
0.249
0.161419
0.192615
0.258371
0.2485
0.1965
0.268866
0.246254
0.2545
0.2325
0.226
0.226387
0.224888
0.27023
0.2455
0.217
0.251623
0.203898
0.23
0.243769
0.231
0.236645
0.251874
0.288212
0.238761
0.242879
0.193
0.252369
0.151424
0.218672
0.235
0.209895
0.285857
0.234883
0.261869
0.245
0.223277
0.207688
0.2845
0.29985
0.265734
0.222389
0.286
0.228657
0.261369
0.233883
0.235764
0.276862
0.263736
0.2865
0.25
0.270459
0.215
0.200799
0.269865
0.2005
0.2555
0.218391
0.261869
0.2965
0.2405
0.245132
0.244256
0.200799
0.251249
0.257742
0.1975
0.234383
0.261608
0.237
0.283
0.268329
0.20979
0.2085
0.2005
0.2505
0.258371
0.268
0.25974
0.2009
0.209685
0.281655
0.00748503
0.252874
0.2675
0.25974
0.0134933
0.2455
0.224
0.251623
0.229
0.254
0.236763
0.2385
0.277
0.221889
0.293207
0.232
0.204
0.245632
0.2475
0.259611
0.24975
0.173
0.263
0.237881
0.234883
0.2315
0.261369
0.255
0.2225
0.2405
0.250749
0.238143
0.248252
0.237263
0.255
0.156
0.2405
0.2385
0.266
0.281718
0.277584
0.251874
0.225387
0.2395
0.225887
0.23988
0.25974
0.248128
0.276362
0.215392
0.2185
0.186
0.280719
0.2525
0.266867
0.2415
0.2505
0.253
0.211788
0.2195
0.284358
0.2405
0.244878
0.235382
0.262
0.24
0.243756
0.266
0.247
0.235382
0.2865
0.236382
0.202899
0.2175
0.253746
0.255872
0.249
0.2865
0.254373
0.233383
0.248
0.2115
0.2485
0.234883
0.2305
0.217891
0.284573
0.236382
0.266
0.226387
0.211394
0.255
0.198401
0.225774
0.343
0.207396
0.225887
0.252374
0.3045
0.218391
0.202
0.244
0.183
0.2525
0.213786
0.266733
0.3035
0.248627
0.267
0.2495
0.255372
0.2135
0.21989
0.227273
0.2195
0.1455
0.231884
0.235882
0.261608
0.228386
0.261869
0.2865
0.246877
0.264104
0.257243
0.218672
0.218391
0.22505
0.203898
0.245632
0.251249
0.0109835
0.2335
0.291354
0.229885
0.235382
0.251748
0.293207
0.245255
0.296
0.221889
0.26087
0.278
0.196705
0.2625
0.242137
0.2355
0.189
0.221889
0.009995
0.2465
0.1815
0.263736
0.276362
0.2475
0.2495
0.285429
0.206897
0.24014
0.2535
0.232
0.28086
0.202696
0.21978
0.234
0.258
0.254119
0.00998502
0.2455
0.215285
0.247376
0.243378
0.2325
0.267366
0.251
0.23976
0.209685
0.255362
0.252747
0.232884
0.244755
0.27986
0.2135
0.257742
0.252
0.243756
0.2495
0.201
0.255362
0.250375
0.244
0.2605
0.264368
0.2455
0.261869
0.308346
0.20979
0.282859
0.24088
0.225774
0.256872
0.194
0.2845
0.202096
0.238
0.275862
0.254373
0.2675
0.221279
0.226387
0.2215
0.25
0.272
0.225887
0.212787
0.2045
0.242879
0.274363
0.00698603
0.2495
0.2615
0.242394
0.2475
0.2595
0.285357
0.201
0.2235
0.268
0.275
0.229042
0.2525
0.242879
0.293706
0.2245
0.222278
0.2495
0.221
0.2315
0.1945
0.158263
0.271
0.309845
0.2255
0.1995
0.178911
0.26011
0.204
0.261108
0.261869
0.269865
0.264368
0.205397
0.223888
0.277361
0.213893
0.2435
0.256872
0.193
0.303
0.2325
0.252248
0.0145
0.203491
0.251748
0.243878
0.2595
0.213466
0.233883
0.262238
0.237406
0.214393
0.198401
0.23
0.254
0.276862
0.0095
0.2445
0.231884
0.26037
0.2175
0.2285
0.268866
0.2395
0.264868
0.2295
0.225436
0.2995
0.247376
0.257485
0.1945
0.261239
0.22089
0.270594
0.2215
0.268866
0.246
0.1994
0.2995
0.21
0.29
0.2415
0.237881
0.215
0.235882
0.236382
0.196902
0.251874
0.2455
0.197802
0.233766
0.2215
0.255
0.241379
0.2535
0.2335
0.225162
0.163418
0.00649351
0.249375
0.2585
0.269365
0.264868
0.2785
0.26
0.252874
0.251374
0.234883
0.2425
0.21939
0.254119
0.209
0.224
0.233766
0.286
0.245132
0.244256
0.226887
0.243878
0.2905
0.312844
0.252374
0.271229
0.256116
0.254119
0.276862
0.248128
0.2335
0.1975
0.267233
0.179
0.2605
0.3045
0.207293
0.2685
0.22505
0.2675
0.2525
0.203898
0.268366
0.249375
0.248128
0.266234
0.269231
0.0114885
0.262238
0.267366
0.282218
0.209685
0.217
0.221889
0.28
0.2325
0.246
0.237
0.248376
0.241259
0.248876
0.23938
0.241379
0.252747
0.2395
0.248252
0.24663
0.23
0.277
0.213287
0.00649675
0.262238
0.247129
0.255
0.269865
0.277361
0.243635
0.2595
0.005997
0.2445
0.21967
0.202899
0.265367
0.235764
0.1625
0.2425
0.2225
0.239
0.192615
0.265367
0.237
0.270365
0.225887
0.00698603
0.269365
0.267599
0.2395
0.21939
0.283
0.229156
0.2815
0.278
0.258242
0.2765
0.289211
0.258871
0.301849
0.262606
0.25362
0.256116
0.23
0.25974
0.247006
0.237525
0.227659
0.282859
0.244878
0.263105
0.21
0.21978
0.260978
0.2535
0.217891
0.2325
0.2525
0.221
0.258242
0.260978
0.2045
0.28
0.249875
0.2845
0.278222
0.232
0.213786
0.232152
0.229885
0.269596
0.254373
0.24026
0.221889
0.269
0.2525
0.221
0.251874
0.294853
0.26996
0.275862
0.262369
0.2135
0.27495
0.237
0.2395
0.266234
0.00649675
0.28
0.26973
0.0184631
0.22089
0.179
0.223776
0.275862
0.259481
0.230155
0.258371
0.238761
0.267599
0.196705
0.286713
0.284573
0.269596
0.239
0.2175
0.00649351
0.243756
0.252374
0.2175
0.226773
0.234883
0.2865
0.247006
0.012987
0.252874
0.244256
0.235764
0.24088
0.24
0.274
0.202797
0.268366
0.237881
0.217391
0.2495
0.216284
0.0735
0.255245
0.274363
0.2605
0.211788
0.246
0.237881
0.224
0.257871
0.243635
0.254873
0.266367
0.24
0.238
0.219
0.198203
0.247253
0.196803
0.251497
0.243257
0.188
0.19031
0.261869
0.219
0.1975
0.241
0.180549
0.1994
0.2495
0.267599
0.247129
0.236763
0.2045
0.215392
0.2666
0.247253
0.237263
0.2765
0.213466
0.0184631
0.265734
0.236146
0.236382
0.221889
0.0045
0.255245
0.2515
0.246254
0.2185
0.226
0.212
0.2775
0.218391
0.239
0.26
0.167581
0.226773
0.28657
0.2485
0.283858
0.236382
0.253
0.277
0.2405
0.23988
0.275587
0.168
0.259611
0.2715
0.296204
0.251748
0.266
0.220669
0.245377
0.228
0.2475
0.226387
0.3045
0.245
0.279
0.266867
0.242394
0.00598802
0.251374
0.199201
0.189311
0.2495
0.222777
0.309
0.264104
0.277
0.233
0.248004
0.2215
0.246877
0.269231
0.229885
0.2065
0.235647
0.236382
0.01
0.213393
0.251374
0.255872
0.232152
0.262606
0.228657
0.2535
0.226773
0.2405
0.268366
0.264368
0.24038
0.271364
0.2795
0.227386
0.278222
0.261369
0.2515
0.232152
0.2475
0.252248
0.2565
0.190405
0.244511
0.218781
0.270459
0.236382
0.247376
0.251497
0.0164835
0.242879
0.241638
0.2666
0.213786
0.2265
0.2565
0.218891
0.254618
0.25362
0.222167
0.208396
0.225387
0.268366
0.286357
0.2525
0.2555
0.218891
0.222666
0.158263
0.227273
0.201299
0.268366
0.248004
0.2355
0.22
0.232884
0.242636
0.276
0.261239
0.212894
0.1975
0.238381
0.2995
0.288856
0.236763
0.223
0.2215
0.24088
0.3245
0.215
0.213786
0.212787
0.227386
0.161919
0.229385
0.199201
0.267233
0.277584
0.00698603
0.214
0.258
0.249375
0.23988
0.2365
0.27986
0.216068
0.2445
0.225
0.214
0.202096
0.269
0.269365
0.283075
0.258871
0.2145
0.2155
0.266
0.254119
0.203898
0.274588
0.217
0.258242
0.234883
0.227886
0.248376
0.248376
0.295908
0.258242
0.316842
0.22666
0.2515
0.264368
0.290855
0.2875
0.253247
0.261369
0.269365
0.252874
0.269231
0.244
0.224888
0.2325
0.272864
0.2815
0.24088
0.286214
0.286357
0.274588
0.26037
0.223888
0.239
0.242879
0.258
0.249
0.241
0.267866
0.2255
0.2435
0.269865
0.239
0.2815
0.261869
0.275362
0.196402
0.262107
0.274363
0.196803
0.232767
0.234
0.240519
0.237263
0.29
0.238143
0.268232
0.198401
0.263
0.2155
0.276362
0.272864
0.153423
0.21978
0.2215
0.235882
0.21507
0.178911
0.256116
0.246377
0.245509
0.291
0.207086
0.261976
0.270823
0.262238
0.22977
0.2375
0.161258
0.282
0.269231
0.2105
0.250749
0.264368
