0.1405
0.12044
0.049
0.1115
0.137
0.156266
0.0155
0.110945
0.151349
0.1795
0.121257
0.00749625
0.1255
0.1475
0.171571
0.007996
0.0104843
0.1995
0.151924
0.197703
0.151424
0.15984
0.151424
0.124314
0.0504748
0.0405
0.0174913
0.154691
0.1035
0.0124813
0.1165
0.145427
0.1465
0.0768847
0.1245
0.1425
0.115385
0.147
0.0455
0.008
0.00799201
0.141929
0.0075
0.144428
0.129371
0.0844578
0.156188
0.0984016
0.018
0.146
0.083
0.020979
0.143856
0.146927
0.0105
0.130869
0.128807
0.135932
0.1705
0.0878682
0.1125
0.141
0.1145
0.101949
0.0264868
0.0819181
0.1195
0.1545
0.0114885
0.1215
0.142145
0.0135
0.133933
0.1155
0.221389
0.176735
0.116
0.1265
0.116442
0.150925
0.169331
0.111944
0.14985
0.186221
0.047976
0.103
0.127436
0.1565
0.0164918
0.151273
0.137931
0.152924
0.0209895
0.158841
0.186221
0.155766
0.098
0.0144855
0.142429
0.15
0.049
0.011
0.00798802
0.1195
0.128
0.017991
0.157
0.124813
0.0708937
0.141359
0.143856
0.0144855
0.1655
0.0254873
0.148851
0.1125
0.115768
0.1825
0.186221
0.137363
0.156
0.142
0.0674663
0.168416
0.148926
0.0155
0.121939
0.157921
0.148777
0.1635
0.0235
0.122439
0.117441
0.0205
0.0264471
0.0869131
0.00849575
0.1995
0.1825
0.164172
0.00449775
0.1435
0.15992
0.0289566
0.150849
0.164418
0.017991
0.1025
0.17033
0.133433
0.00999001
0.0915
0.099
0.00898652
0.018981
0.0845
0.17033
0.109391
0.0104948
0.0773453
0.1685
0.142
0.0115
0.011
0.12987
0.174326
0.1475
0.156266
0.130869
0.1655
0.157763
0.0773453
0.139361
0.1335
0.05
0.150774
0.170415
0.0235
0.0144711
0.132801
0.176
0.151424
0.048
0.172
0.134299
0.171
0.153923
0.099351
0.12987
0.101
0.1355
0.092
0.0124813
0.0474763
0.133866
0.1615
0.166833
0.1495
0.108
0.145927
0.1715
0.144783
0.113
0.0599101
0.0744628
0.187406
0.157921
0.142358
0.0824588
0.015992
0.151424
0.115385
0.0954046
0.15984
0.0135
0.0845
0.086
0.11
0.0414378
0.00799201
0.00649351
0.1295
0.0044955
0.164336
0.0524738
0.00949525
0.164
0.0115
0.143641
0.171414
0.0135
0.125437
0.016
0.150925
0.126
0.0999001
0.0915
0.176412
0.0104948
0.168916
0.1365
0.135
0.01
0.151
0.135729
0.1445
0.1355
0.165834
0.1395
0.0735
0.00949051
0.131
0.148426
0.134933
0.0664336
0.138
0.126937
0.1355
0.017
0.051974
0.00899101
0.0658683
0.02
0.142358
0.142145
0.0858712
0.136
0.021
0.110334
0.119
0.0524738
0.112
0.0955
0.097354
0.133866
0.0085
0.0214893
0.0799201
0.136
0.102
0.113
0.09336
0.1485
0.1765
0.133
0.0995
0.0164918
0.162
0.0905
0.129935
0.122378
0.165751
0.11
0.112332
0.123438
0.154845
0.157763
0.125937
0.158342
0.141929
0.016
0.016
0.0185
0.158841
0.174239
0.0599101
0.0285
0.221389
0.00649675
0.0134865
0.142358
0.159
0.086
0.0264868
0.134433
0.126937
0.1475
0.141429
0.107446
0.0994006
0.133
0.118881
0.176
0.0924538
0.0894106
0.108891
0.145427
0.03998
0.087956
0.159
0.129435
0.12
0.12094
0.11333
0.133433
0.13
0.143357
0.122317
0.1315
0.018
0.1195
0.164336
0.145927
0.0864136
0.126437
0.0284858
0.172
0.136932
0.00949051
0.163918
0.12
0.137363
0.1685
0.155422
0.00399401
0.0354645
0.146354
0.1475
0.137862
0.106
0.082
0.0224888
0.157842
0.130608
0.0249626
0.161258
0.181
0.0254873
0.115385
0.138931
0.1005
0.075
0.013993
0.0963074
0.139361
0.1395
0.108446
0.143
0.133
0.0869565
0.00399401
0.011982
0.006
0.0055
0.00798802
0.1545
0.133433
0.123
0.018
0.0164918
0.121
0.137363
0.158421
0.112164
0.131369
0.133933
0.1155
0.00798802
0.1475
0.005997
0.142429
0.1395
0.1425
0.0129935
0.136
0.0549725
0.123
0.0914543
0.098
0.108
0.125874
0.0249626
0.132867
0.114386
0.0195
0.0999001
0.137
0.1365
0.1515
0.092
0.1055
0.1005
0.129306
0.01997
0.0124813
0.122317
0.131868
0.0658683
0.1985
0.0105
0.133933
0.00649026
0.1535
0.0525
0.162419
0.106
0.129435
0.146427
0.003996
0.126437
0.0804598
0.1135
0.1365
0.0135
0.0814593
0.00999001
0.117941
0.123
0.136296
0.151
0.099
0.158762
0.128871
0.132867
0.072
0.0164835
0.147
0.0798802
0.141
0.0724276
0.124813
0.110445
0.1475
0.023
0.136863
0.106287
0.1565
0.0164918
0.0065
0.132368
0.129435
0.0065
0.151273
0.008
0.159261
0.0105
0.105
0.1005
0.00449775
0.175972
0.00649675
0.141858
0.157
0.1045
0.161919
0.150774
0.0984016
0.0129935
0.155422
0.1645
0.138224
0.057971
0.136
0.1585
0.1565
0.092
0.151
0.167333
0.125874
0.11994
0.138362
0.0954046
0.0474763
0.0974513
0.13
0.142786
0.00949525
0.137931
0.12094
0.0144855
0.123876
0.0799201
0.100299
0.144783
0.142358
0.1295
0.047976
0.0164835
0.148926
0.146
0.158841
0.0174913
0.0174913
0.14521
0.13
0.124
0.148926
0.152348
0.1765
0.172328
0.1075
0.0814593
0.1585
0.00949051
0.067
0.0205
0.145927
0.0225
0.1505
0.1335
0.0928607
0.1565
0.0129935
0.083
0.099351
0.148426
0.0674663
0.13986
0.0783824
0.1585
0.11982
0.1005
0.115768
0.0195
0.0214785
0.115385
0.11944
0.107393
0.086
0.0609695
0.16042
0.00799201
0.164918
0.176823
0.145927
0.123438
0.1365
0.1635
0.117265
0.135729
0.116883
0.154346
0.110945
0.1465
0.136
0.117324
0.12987
0.0125
0.132368
0.0104948
0.1785
0.185
0.144
0.0385
0.10045
0.0744628
0.0904096
0.0129805
0.114329
0.009995
0.131434
0.005997
0.131
0.0585
0.0609695
0.0055
0.0719281
0.116883
0.126
0.184908
0.0115
0.00749251
0.0917706
0.145427
0.155422
0.129371
0.0489022
0.116
0.011988
0.107393
0.029985
0.1095
0.13943
0.005997
0.118
0.185407
0.0225
0.015
0.1315
0.176412
0.15611
0.16042
0.142
0.0384615
0.143428
0.162
0.122754
0.1425
0.116
0.172328
0.0464768
0.071
0.02
0.117265
0.0814593
0.1025
0.1205
0.137431
0.118323
0.155766
0.148926
0.0075
0.142
0.00549176
0.122
0.135432
0.067
0.045
0.141929
0.128
0.133433
0.127373
0.1155
0.0704648
0.107946
0.102949
0.122
0.0878682
0.136863
0.133433
0.016
0.009995
0.122439
0.134433
0.123438
0.124938
0.135432
0.0855
0.0983034
0.106
0.145927
0.148851
0.0454545
0.121439
0.121939
0.014985
0.104396
0.0824176
0.145427
0.131
0.009
0.128308
0.048
0.048
0.0674663
0.163255
0.112388
0.0209895
0.00649351
0.0934066
0.1405
0.0744628
0.152771
0.147353
0.00999001
0.108837
0.117941
0.164418
0.163418
0.153
0.189715
0.185407
0.1055
0.2015
0.141359
0.125
0.0104948
0.137
0.0829171
0.138792
0.1425
0.0169915
0.12094
0.02
0.0134798
0.1345
0.127246
0.125874
0.127436
0.0855
0.15942
0.1045
0.14
0.121939
0.132434
0.116
0.025987
0.099
0.157421
0.158762
0.135432
0.136863
0.098
0.1545
0.162
0.1705
0.121
0.117441
0.1445
0.121939
0.131934
0.155
0.148851
0.08
0.0384615
0.151772
0.049975
0.0189715
0.0814593
0.155422
0.0085
0.11994
0.142
0.011994
0.012987
0.151924
0.135932
0.158762
0.187406
0.143285
0.16092
0.172
0.155922
0.1005
0.161258
0.148926
0.06
0.135297
0.131
0.155766
0.142429
0.098
0.148426
0.010989
0.1045
0.0284858
0.1765
0.131
0.0154923
0.0664336
0.136
0.123
0.00849575
0.101796
0.129435
0.137431
0.0105
0.0195
0.182
0.0104948
0.011
0.0824588
0.1935
0.1325
0.133433
0.0818772
0.1295
0.142
0.1255
0.1095
0.1745
0.118941
0.138
0.111
0.1295
0.1585
0.0309845
0.00649675
0.181
0.0894553
0.1515
0.135729
0.0664336
0.014985
0.115385
0.00649351
0.0819181
0.14521
0.1405
0.0768847
0.0065
0.055972
0.1105
0.16
0.0844578
0.152924
0.149925
0.113443
0.045
0.0114943
0.0144711
0.144783
0.00949525
0.1505
0.128807
0.0104948
0.011982
0.1815
0.128936
0.125749
0.0989011
0.132
0.0095
0.0858283
0.105395
0.0429785
0.1275
0.125
0.129435
0.0209895
0.142429
0.17033
0.0984016
0.00849151
0.141858
0.1565
0.04
0.0125
0.0075
0.156422
0.148777
0.221389
0.123
0.0125
0.1435
0.104448
0.107446
0.133933
0.021989
0.141288
0.1225
0.14985
0.11
0.00699301
0.00949525
0.0204898
0.15035
0.1435
0.146427
0.144928
0.11988
0.0319521
0.133933
0.134933
0.163
0.170659
0.00599401
0.130869
0.101449
0.150849
0.00849575
0.0969031
0.0929535
0.143928
0.133
0.148426
0.140859
0.1825
0.1235
0.0135
0.142429
0.112332
0.003998
0.099351
0.018981
0.1245
0.0815
0.123253
0.117441
0.155
0.0309845
0.0185
0.092
0.131802
0.0165
0.1395
0.130608
0.138
0.123438
0.09336
0.137931
0.158841
0.143856
0.125437
0.00699301
0.121939
0.131934
0.15035
0.129371
0.110668
0.155422
0.123
0.127436
0.16675
0.126937
0.148777
0.124
0.135796
0.162
0.12
0.123
0.1395
0.0115
0.132
0.015
0.0829171
0.0204898
0.1295
0.111389
0.0969515
0.1485
0.0509745
0.148204
0.00549451
0.129306
0.1265
0.159
0.118644
0.124438
0.029985
0.182
0.127
0.156843
0.138362
0.009995
0.12
0.12
0.137431
0.12094
0.00898652
0.11994
0.1345
0.1565
0.128807
0.021989
0.007
0.153
0.1425
0.171414
0.118644
0.0855
0.116
0.126
0.0119641
0.0065
0.011
0.153
0.128743
0.131
0.005997
0.095952
0.087956
0.131934
0.1435
0.1555
0.152924
0.043
0.0829171
0.105
0.12032
0.1345
0.015
0.1425
0.106
0.0249875
0.0284573
0.0559161
0.135297
0.1675
0.1765
0.118762
0.0144855
0.0989505
0.0815
0.1345
0.1235
0.0245
0.0104895
0.137363
0.114386
0.0185
0.0895
0.1525
0.0075
0.1495
0.150849
0.067
0.0585
0.007
0.118382
0.106
0.1325
0.021989
0.170415
0.0775
0.133
0.1565
0.142429
0.0974513
0.13
0.048
0.143856
0.161258
0.019
0.0114943
0.141
0.126
0.126937
0.144428
0.101
0.146427
0.120879
0.0854146
0.0674663
0.172
0.1165
0.133933
0.0105
0.16042
0.180819
0.00798802
0.0574713
0.0249875
0.151924
0.1485
0.0205
0.111944
0.13986
0.00649026
0.1245
0.0035
0.113387
0.112164
0.1535
0.0174738
0.1015
0.180819
0.155844
0.0994006
0.0928607
0.137363
0.0185
0.0459311
0.181
0.115442
0.1475
0.17033
0.0864568
0.149351
0.0135
0.151
0.148
0.141929
0.004
0.129
0.0105
0.123752
0.00849151
0.144428
0.0805
0.1195
0.1245
0.0805
0.1395
0.0664336
0.0535
0.157842
0.126437
0.144783
0.0155
0.172328
0.0675
0.005997
0.12
0.0284573
0.123
0.00999001
0.017
0.0184908
0.1355
0.128807
0.0579421
0.1035
0.10095
0.176236
0.134433
0.12
0.1285
0.0829171
0.106893
0.117941
0.101449
0.02
0.0129805
0.151924
0.1495
0.143928
0.142358
0.143928
0.155422
0.0044955
0.0355
0.148
0.013
0.0155
0.1115
0.146427
0.0195
0.147279
0.15519
0.0105
0.100899
0.134299
0.157763
0.1295
0.115768
0.0329835
0.1435
0.0384615
0.0869131
0.163754
0.141929
0.164
0.13
0.107946
0.0805
0.0129935
0.148926
0.148426
0.131934
0.048
0.1185
0.0195
0.1715
0.1325
0.0675
0.00698952
0.132368
0.0144711
0.134433
0.140789
0.136
0.137363
0.143784
0.134865
0.0085
0.025987
0.139361
0.0384808
0.124
0.145355
0.1205
0.181
0.1565
0.099
0.0708937
0.12
0.16034
0.083
0.141929
0.139721
0.0954523
0.131934
0.122
0.1345
0.1145
0.135864
0.0114713
0.0134933
0.136863
0.117941
0.1315
0.087956
0.1325
0.128807
0.057971
0.153194
0.0184815
0.097354
0.125
0.0819181
0.0365
0.186221
0.1435
0.171571
0.007
0.043
0.138
0.169
0.0075
0.1445
0.164172
0.029985
0.0929535
0.138
0.0075
0.122877
0.104948
0.102949
0.148851
0.155
0.164
0.1365
0.134
0.007
0.156687
0.0284573
0.0134865
0.083
0.033983
0.135
0.144
0.013
0.0104948
0.138931
0.125
0.131
0.135
0.125
0.025
0.159
0.0874563
0.0929535
0.1065
0.0055
0.182635
0.111888
0.013
0.159
0.125937
0.1125
0.0085
0.0464768
0.133433
0.131934
0.154423
0.121939
0.152348
0.011994
0.0773453
0.112
0.00799201
0.12
0.105
0.0764236
0.1035
0.155422
0.158263
0.150425
0.127872
0.1205
0.134865
0.122
0.0254873
0.164589
0.00849575
0.0735
0.16
0.163918
0.117941
0.158841
0.0129805
0.0559441
0.148703
0.120879
0.126873
0.04
0.149925
0.139361
0.104396
0.144428
0.136863
0.121
0.0075
0.133933
0.161757
0.124314
0.163255
0.0114943
0.116883
0.113
0.188717
0.0844578
0.0855
0.1355
0.1345
0.117941
0.135
0.134433
0.0055
0.0164918
0.1425
0.0609695
0.05
0.138861
0.188
0.116
0.1245
0.160839
0.115385
0.124438
0.1815
0.16092
0.153423
0.155422
0.0804598
0.118382
0.0575
0.087956
0.00649026
0.150774
0.045
0.107
0.13
0.15
0.1365
0.144783
0.0144711
0.1045
0.127373
0.105947
0.0104948
0.1375
0.171571
0.100798
0.1425
0.011994
0.110834
0.14985
0.048
0.15327
0.135
0.12
0.131
0.15984
0.106893
0.151924
0.15
0.138
0.1325
0.146
0.106947
0.038
0.0184723
0.142287
0.1055
0.1585
0.133933
0.15942
0.091
0.146853
0.136
0.127872
0.139291
0.139361
0.006
0.1285
0.0235
0.0579421
0.167333
0.136
0.143928
0.132
0.0184815
0.139
0.16
0.145781
0.0405
0.0149925
0.137862
0.0635
0.173913
0.108946
0.136932
0.102449
0.123377
0.0184723
0.1175
0.0184815
0.0845
0.017
0.1565
0.04
0.0729635
0.0134933
0.1135
0.159261
0.1475
0.110889
0.158762
0.115
0.173327
0.087956
0.163418
0.0869565
0.133367
0.097354
0.121939
0.1095
0.135932
0.2015
0.1655
0.159
0.140859
0.141929
0.1285
0.149276
0.0967581
0.1425
0.097354
0.0864136
0.1585
0.0504748
0.1495
0.128807
0.138362
0.126
0.085957
0.142
0.142929
0.138
0.00848727
0.158263
0.130869
0.165834
0.123377
0.105395
0.173327
0.161838
0.133933
0.161339
0.165417
0.1295
0.072
0.154423
0.125
0.06
0.0394803
0.02
0.113
0.1245
0.1045
0.0524738
0.105894
0.149775
0.106893
0.164336
0.016983
0.12475
0.1365
0.1565
0.109391
0.0215
0.171414
0.132
0.157921
0.0963074
0.011
0.011994
0.161838
0.142
0.164
0.1785
0.165
0.182
0.126437
0.133
0.150925
0.1355
0.149925
0.118323
0.164
0.0285
0.152847
0.124438
0.0354645
0.12094
0.164
0.127373
0.156
0.0969031
0.14521
0.1155
0.00799201
0.115942
0.110334
0.146
0.014985
0.0114885
0.0505
0.152272
0.155766
0.156
0.154845
0.125874
0.1295
0.144428
0.0869565
0.15327
0.0405
0.00349301
0.0609695
0.00449775
0.0095
0.0269865
0.0214785
0.177
0.013993
0.128871
0.132801
0.123438
0.126
0.1815
0.0969031
0.1445
0.136432
0.1545
0.017991
0.156422
0.148204
0.128
0.121
0.12094
0.131934
0.1025
0.041
0.098
0.157763
0.125874
0.1405
0.123253
0.126937
0.09995
0.0819181
0.0155
0.0828757
0.1135
0.00849575
0.133933
0.162095
0.0285
0.029985
0.123438
0.145781
0.136795
0.139361
0.103
0.135729
0.0809595
0.0635
0.021
0.175
0.0134798
0.151424
0.003998
0.167
0.106
0.151273
0.0249875
0.00749251
0.085957
0.135297
0.133
0.177323
0.0775
0.0915
0.011976
0.1595
0.104948
0.0895
0.163418
0.1475
0.1285
0.0075
0.149925
0.131
0.12475
0.0384808
0.0634683
0.1495
0.137931
0.029985
0.093953
0.1515
0.132434
0.147
0.152771
0.1045
0.1105
0.124
0.112718
0.152924
0.127
0.10045
0.191404
0.031984
0.177411
0.1665
0.0104948
0.00548902
0.111
0.00699301
0.0994006
0.138931
0.016
0.031984
0.107
0.0085
0.0289855
0.011
0.0129805
0.005997
0.137862
0.019
0.00798802
0.135796
0.1465
0.1655
0.0174738
0.0095
0.112944
0.151772
0.0949051
0.1715
0.107393
0.0904096
0.0135
0.138861
0.148
0.0609695
0.0109945
0.118
0.133933
0.107946
0.0945
0.111
0.0844578
0.1505
0.00549451
0.118382
0.00999001
0.164
0.0285
0.0195
0.173327
0.133367
0.122816
0.0744628
0.1285
0.162837
0.164336
0.1395
0.124438
0.02
0.131
0.146281
0.035
0.1435
0.127
0.125
0.116
0.115768
0.1585
0.006
0.123253
0.130435
0.0509745
0.0225
0.0804598
0.1715
0.1595
0.0194708
0.00899101
0.0858283
0.1245
0.005997
0.1345
0.0105
0.116
0.005997
0.152771
0.15942
0.0109945
0.117941
0.164172
0.153
0.136296
0.144428
0.0175
0.149351
0.137363
0.124938
0.0744628
0.16042
0.151273
0.1245
0.171414
0.017
0.00849151
0.0814186
0.142358
0.0144855
0.100299
0.0675
0.0214785
0.150425
0.131934
0.085957
0.0285
0.124438
0.0844578
0.124438
0.00749625
0.128743
0.149775
0.146427
0.132867
0.101
0.00798403
0.1495
0.146
0.167
0.011
0.108446
0.133933
0.0429785
0.107838
0.136
0.141429
0.116209
0.0524738
0.065
0.1475
0.0814186
0.182318
0.116883
0.108446
0.1435
0.116209
0.142429
0.139361
0.17033
0.137363
0.177
0.158762
0.121
0.126
0.118881
0.054
0.161919
0.1235
0.147926
0.0065
0.164418
0.131868
0.0229885
0.124813
0.1365
0.0225
0.015
0.125
0.005997
0.156
0.163754
0.00349301
0.1325
0.16034
0.160839
0.047976
0.016983
0.152771
0.03998
0.148426
0.149775
0.013993
0.1625
0.0104843
0.08
0.0585
0.15519
0.157842
0.13
0.158
0.0968064
0.0149701
0.0934066
0.0804598
0.133367
0.163337
0.135
0.0765
0.146
0.174239
0.1495
0.148426
0.132801
0.17
0.07
0.165917
0.165417
0.1415
0.13986
0.00449775
0.148926
0.142
0.165834
0.162837
0.163255
0.178144
0.008
0.1475
0.0184815
0.1855
0.139361
0.1495
0.0885
0.043
0.125
0.010479
0.116326
0.130608
0.010989
0.11982
0.142
0.133
0.163255
0.1125
0.12094
0.110445
0.116
0.1485
0.1575
0.135729
0.012
0.108392
0.102449
0.093953
0.0225
0.016983
0.110945
0.0489022
0.110445
0.0905
0.0869131
0.0704648
0.1245
0.0544728
0.114386
0.145781
0.0609695
0.123876
0.0964518
0.1305
0.185407
0.159341
0.045
0.159
0.132668
0.054
0.1885
0.1245
0.1345
0.0384808
0.0885
0.0105
0.00699301
0.0245
0.156422
0.069965
0.114443
0.12681
0.0144855
0.171
0.0635
0.108446
0.0729635
0.0115
0.1105
0.1015
0.144
0.146
0.087
0.092
0.153
0.147926
0.104948
0.118881
0.156922
0.1495
0.1004
0.1005
0.123438
0.121
0.0804598
0.031984
0.168
0.00449775
0.1385
0.113
0.057
0.0125
0.1055
0.152847
0.153
0.0819181
0.097951
0.123
0.11944
0.121939
0.1004
0.016
0.136932
0.100798
0.157421
0.0135
0.012
0.131
0.153194
0.116
0.106947
0.135796
0.183724
0.0144711
0.038
0.0814593
0.0967581
0.1205
0.0344311
0.118762
0.0974513
0.011976
0.0768463
0.127246
0.00999001
0.15035
0.127246
0.0104948
0.0954046
0.1595
0.100299
0.112
0.124813
0.12475
0.165335
0.133866
0.0864568
0.122
0.151
0.135432
0.124938
0.023
0.0175
0.1295
0.008
0.1105
0.0505
0.144928
0.092
0.098
0.156422
