0.233267
0.209291
0.292854
0.237644
0.215
0.0075
0.2115
0.228886
0.254873
0.231384
0.256
0.00599101
0.1805
0.246377
0.242757
0.252874
0.2195
0.243378
0.201
0.249875
0.252374
0.25987
0.222889
0.2465
0.210895
0.209685
0.222666
0.204398
0.212681
0.18023
0.2185
0.245877
0.229885
0.232535
0.240639
0.192404
0.2515
0.203195
0.275362
0.2375
0.176823
0.176647
0.0124938
0.2009
0.2275
0.192807
0.2125
0.237381
0.254119
0.178732
0.246
0.223277
0.250873
0.225275
0.176
0.207189
0.182909
0.188906
0.2135
0.211788
0.231884
0.0095
0.252248
0.235882
0.223888
0.2275
0.223553
0.250875
0.261608
0.196902
0.229385
0.195207
0.240778
0.1915
0.220669
0.2185
0.2005
0.23988
0.24663
0.226274
0.0045
0.2605
0.2115
0.223
0.2009
0.202
0.261608
0.241879
0.225
0.235
0.228886
0.223888
0.226161
0.233267
0.245877
0.234266
0.221
0.226887
0.246877
0.223553
0.21029
0.222889
0.187718
0.228771
0.252374
0.235882
0.0149925
0.2115
0.272727
0.232884
0.2265
0.221168
0.224663
0.254
0.246377
0.2385
0.1995
0.225887
0.234
0.2435
0.223888
0.266867
0.2375
0.207896
0.248376
0.185907
0.2455
0.281078
0.270729
0.206
0.222555
0.211
0.244256
0.23
0.249875
0.007996
0.248
0.22977
0.2145
0.00548902
0.2475
0.234383
0.2315
0.172328
0.171742
0.207585
0.174913
0.2005
0.0124813
0.256872
0.2325
0.23976
0.1675
0.207396
0.221945
0.214785
0.243756
0.177
0.255372
0.0124813
0.2195
0.201798
0.216392
0.2055
0.234414
0.234
0.2515
0.2185
0.274588
0.193806
0.213287
0.1905
0.223388
0.2395
0.232384
0.2195
0.230654
0.008
0.126937
0.195
0.1805
0.2075
0.00549176
0.23976
0.229
0.204398
0.240759
0.182909
0.225387
0.0215
0.2785
0.011994
0.2465
0.249375
0.257485
0.205
0.288711
0.18041
0.228657
0.245877
0.1785
0.204795
0.218391
0.233267
0.22028
0.2355
0.199
0.26037
0.231384
0.25
0.186813
0.214785
0.216392
0.237644
0.231
0.231384
0.187
0.2285
0.217
0.212894
0.217891
0.245877
0.215569
0.247
0.242
0.1955
0.2235
0.232884
0.231269
0.245877
0.177822
0.24
0.210395
0.164
0.2245
0.2145
0.2115
0.206
0.249002
0.252248
0.204
0.205397
0.14093
0.192
0.2255
0.247876
0.181228
0.192807
0.221889
0.217391
0.236
0.2205
0.2285
0.168248
0.224888
0.195305
0.250873
0.242636
0.2425
0.0065
0.247752
0.222889
0.231537
0.261608
0.195305
0.223888
0.27936
0.175
0.22
0.214785
0.184
0.2435
0.251
0.218391
0.215392
0.00747757
0.206
0.192308
0.137725
0.188406
0.239261
0.262869
0.216958
0.203398
0.233766
0.209
0.169915
0.232884
0.016
0.217891
0.267366
0.240759
0.198
0.2045
0.235
0.245
0.230885
0.2345
0.1955
0.207792
0.224938
0.258871
0.258371
0.220669
0.012987
0.221889
0.263368
0.257114
0.196402
0.2285
0.2205
0.258
0.1905
0.223388
0.239
0.228272
0.230885
0.221
0.197703
0.258
0.009
0.251874
0.186813
0.1495
0.22977
0.196
0.212182
0.212394
0.2225
0.272591
0.268
0.253373
0.0029985
0.232384
0.237762
0.221945
0.183816
0.281859
0.27
0.0029985
0.267599
0.224775
0.182
0.2235
0.2405
0.201399
0.241879
0.21939
0.222278
0.2235
0.0504748
0.1895
0.007
0.221
0.2455
0.2705
0.00849151
0.225387
0.212394
0.21
0.208
0.214678
0.219
0.256372
0.181909
0.223
0.223776
0.226161
0.2295
0.2025
0.217
0.267599
0.263
0.241
0.209291
0.222889
0.203195
0.224164
0.1935
0.2005
0.224775
0.267099
0.2885
0.237381
0.206
0.241879
0.239141
0.218454
0.183816
0.26
0.264368
0.232535
0.226274
0.016
0.2355
0.249002
0.25362
0.176
0.247876
0.2315
0.207396
0.198901
0.228
0.2535
0.199
0.223776
0.225887
0.2135
0.227
0.24663
0.2004
0.211
0.228886
0.221889
0.0075
0.287
0.271364
0.220779
0.14093
0.221168
0.241
0.232384
0.2009
0.184132
0.253373
0.051
0.208
0.225887
0.2415
0.239141
0.209
0.2715
0.212288
0.235882
0.214785
0.204795
0.224888
0.234883
0.226773
0.2815
0.238
0.221557
0.172242
0.181
0.2525
0.224
0.222
0.230769
0.204194
0.226
0.2195
0.158
0.00549725
0.193806
0.2575
0.232535
0.228272
0.242879
0.266867
0.243
0.2195
0.201198
0.206088
0.2455
0.216392
0.232152
0.181228
0.243378
0.2095
0.228386
0.206294
0.252374
0.220669
0.206
0.22039
0.2005
0.227
0.2245
0.2375
0.250875
0.22977
0.2025
0.222389
0.175
0.198901
0.172328
0.233
0.204398
0.241879
0.1795
0.215784
0.218282
0.236527
0.162
0.22
0.233267
0.242893
0.209291
0.0215
0.00849575
