0.208896
0.235382
0.289
0.24088
0.231768
0.277861
0.286214
0.301849
0.230769
0.248503
0.214393
0.243878
0.00998502
0.275862
0.301849
0.210895
0.243
0.2255
0.300699
0.26011
0.235
0.284715
0.213393
0.267866
0.315027
0.2585
0.255872
0.188
0.2625
0.2315
0.3005
0.260978
0.2805
0.291354
0.294853
0.275724
0.256872
0.248
0.302849
0.259481
0.235647
0.0049975
0.241
0.282793
0.264368
0.295
0.286357
0.2695
0.3155
0.250375
0.215784
0.283075
0.23976
0.274
0.24
0.281
0.278
0.2545
0.3065
0.2415
0.3155
0.266
0.225
0.0325
0.255872
0.265867
0.286
0.2215
0.2325
0.2615
0.298701
0.238761
0.256116
0.1785
0.295352
0.272364
0.2335
0.258483
0.2465
0.261369
0.262
0.2355
0.269596
0.256872
0.235882
0.2475
0.212288
0.264
0.295205
0.227772
0.2435
0.266733
0.258871
0.237144
0.241638
0.2585
0.257742
0.309
0.289066
0.232651
0.265734
0.289
0.283
0.2545
0.307346
0.230385
0.28086
0.24975
0.288356
0.2245
0.269596
0.286214
0.259241
0.258354
0.248751
0.2004
0.3025
0.281
0.255872
0.269
0.246377
0.290355
0.290564
0.243756
0.238761
0.271593
0.264
0.286357
0.2595
0.2535
0.2975
0.287213
0.293853
0.275724
0.2935
0.273863
0.261608
0.268
0.2815
0.2335
0.2175
0.306693
0.224775
0.212894
0.241638
0.2625
0.247876
0.281718
0.251123
0.211
0.31
0.265734
0.2475
0.255372
0.247752
0.25987
0.252
0.243
0.2375
0.2615
0.241
0.236763
0.297351
0.272364
0.257371
0.285357
0.27936
0.236763
0.2735
0.205589
0.300549
0.258
0.255372
0.305847
0.224
0.279221
0.246008
0.26087
0.243756
0.287356
0.251874
0.2745
0.268731
0.326837
0.278361
0.274725
0.00898652
0.198
0.269
0.21029
0.212894
0.267366
0.277
0.277584
0.286214
0.251623
0.257371
0.2745
0.2385
0.235
0.23027
0.27936
0.284715
0.231
0.255872
0.255
0.303696
0.258371
0.2615
0.249
0.243878
0.266234
0.268
0.283358
0.2895
0.259
0.248252
0.25974
0.297702
0.225
0.268
0.261
0.264
0.27986
0.273
0.289
0.236
0.2535
0.275862
0.275225
0.27
0.267366
0.289
0.240519
0.235882
0.256
0.247505
0.239141
0.263
0.240519
0.251623
0.198
0.3035
0.286713
0.241758
0.265734
0.256487
0.276
0.1865
0.2845
0.286
0.2525
0.2475
0.2725
0.290355
0.268
0.2455
0.292208
0.236146
0.294059
0.254119
0.291854
0.311844
0.2685
0.294059
0.301849
0.313686
0.259111
0.005
0.245
0.275362
0.276
0.2755
0.2625
0.311844
0.264368
0.0055
0.284
0.246877
0.23
0.268962
0.274725
0.290355
0.248376
0.288
0.292561
0.241758
0.247752
0.244633
0.1915
0.2865
0.2675
0.230769
0.275862
0.315553
0.279
0.254873
0.2245
0.241
0.245377
0.263
0.239
0.286857
0.290773
0.302198
0.27495
0.262869
0.1905
0.282359
0.284858
0.261
0.268866
0.272
0.225774
0.2585
0.247752
0.266867
0.2495
0.190714
0.275724
0.267366
0.2735
0.25673
0.2055
0.301849
0.228158
0.255372
0.2225
0.212894
0.252621
0.2305
0.236382
0.315342
0.3085
0.23
0.277584
0.272092
0.285357
0.256116
0.1785
0.302
0.2215
0.299201
0.302849
0.256615
0.186221
0.272364
0.25937
0.2605
0.2625
0.292
0.263
0.238262
0.2175
0.00549725
0.217891
0.2815
0.24663
0.251874
0.236
0.327836
0.278361
0.262369
0.205
0.321179
0.328836
0.2075
0.289
0.306693
0.272228
0.226387
0.242757
0.240759
0.272
0.239641
0.2945
0.295352
0.237
0.253873
0.243878
0.21989
0.253873
0.250375
0.215676
0.269596
0.2555
0.28036
0.236264
0.276
0.253
0.263868
0.279581
0.315342
0.3035
0.241758
0.298202
0.235
0.2855
0.0065
0.301849
0.250875
0.233766
0.251874
0.1975
0.237263
0.326837
0.281
0.247876
0.232767
0.240759
0.236264
0.267366
0.282
0.25937
0.25362
0.286857
0.2595
0.258
0.212894
0.253746
0.275862
0.2795
0.245387
0.242879
0.243878
0.268866
0.263473
0.238262
0.236264
0.271728
0.2965
0.2795
0.254618
0.2935
0.248376
0.240759
0.2725
0.273363
0.00748503
0.276862
0.272591
0.27023
0.2455
0.24975
0.2805
0.274863
0.277361
0.285857
0.313686
0.2795
0.253746
0.2405
0.283
0.287856
0.256615
0.28086
0.290355
0.212288
0.2785
0.256986
0.226547
0.285
0.28
0.265867
0.322677
0.257371
0.271956
0.253373
0.2795
0.299
0.236
0.257
0.232651
0.313843
0.2525
0.261108
0.244878
0.268366
0.252122
0.0325
0.289
0.239
0.261738
0.238381
0.257742
0.2955
0.315342
0.287569
0.2465
0.258371
0.226
0.301849
0.233383
0.25362
0.225662
0.3065
0.244755
0.232767
0.298552
0.2605
0.272364
0.2585
0.295
0.00948104
0.179
0.0114943
0.261869
0.198
0.26037
0.284
0.292
0.290355
0.287356
0.2145
0.249
0.297702
0.2845
0.268731
0.254745
0.249375
0.2655
0.273
0.284715
0.257871
0.236382
0.284
0.222167
0.302395
0.262737
0.272591
0.1745
0.005
0.249126
0.271593
0.2675
0.259481
0.32034
0.277
0.251874
0.2315
0.25937
0.270865
0.259
0.2775
0.247505
0.266733
0.006
0.267599
0.261239
0.30035
0.264236
0.253746
0.254373
0.255872
0.284358
0.281
0.268232
0.296204
0.237
0.220779
0.2225
0.282077
0.294853
0.263342
0.255
0.3005
0.0044955
0.21
0.267866
0.283
0.244
0.265867
0.249
0.284358
0.240759
0.240759
0.296352
0.2515
0.273863
0.306347
0.2395
0.242
0.264368
0.270365
0.277
0.2245
0.2935
0.258354
0.268
0.244378
0.281859
0.297702
0.282077
0.301698
0.25987
0.243878
0.2425
0.2495
0.286357
0.201899
0.255
0.245132
0.306693
0.254119
0.244378
0.245377
0.232384
0.273863
0.251123
0.253
0.2725
0.285857
0.24
0.279221
0.253247
0.247752
0.241758
0.223888
0.279081
0.2165
0.262369
0.283858
0.2605
0.256372
0.302198
0.264368
0.297702
0.274
0.268866
0.266234
0.2355
0.27972
0.266733
0.227772
0.2895
0.2025
0.284
0.313686
0.2705
0.268
0.322339
0.2645
0.2315
0.287356
0.279221
0.298701
0.242879
0.28
0.201899
0.251748
0.241758
0.3045
0.2075
0.234383
0.2915
0.281437
0.235882
0.257243
0.262
0.304848
0.2535
0.278721
0.281437
0.270365
0.262
0.291708
0.3005
0.2495
0.249126
0.269365
0.256244
0.254745
0.264
0.281718
0.24038
0.017
0.2785
0.268098
0.2625
0.282435
0.240759
0.2925
0.282359
0.2725
0.263868
0.2485
0.268098
0.232
0.2145
0.225275
0.293853
0.242
0.260609
0.269
0.2165
0.212
0.232
0.211
0.285215
0.2765
0.283
0.311189
0.258242
0.236
0.251374
0.2535
0.282077
0.275362
0.263
0.277223
0.221279
0.2945
0.244256
0.2865
0.253373
0.286284
0.28036
0.308846
0.015
0.27936
0.00848303
0.252621
0.297054
0.2365
0.268731
0.21
0.268366
0.269096
0.263237
0.258371
0.2305
0.255
0.24975
0.2145
0.319202
0.264
0.227386
0.289211
0.2485
0.278361
0.267
0.242757
0.242258
0.27986
0.2335
0.252874
0.254
0.241
0.268
0.251874
0.275724
0.245
0.0104948
0.273863
0.275587
0.2475
0.211
0.273227
0.247752
0.284358
0.2335
0.280719
0.313843
0.2425
0.290773
0.243878
0.238262
0.292854
0.2665
0.2445
0.276
0.286357
0.281437
0.2615
0.272364
0.282576
0.278
0.27936
0.222777
0.191404
0.2595
0.282359
0.217891
0.243756
0.250375
0.276862
0.318
0.300549
0.287069
0.284715
0.28971
0.261738
0.233766
0.256
0.256
0.286713
0.221889
0.311344
0.306347
0.2385
0.273
0.305
0.276862
0.274363
0.241
0.221279
0.290709
0.2725
0.260739
0.262
0.273
0.2505
0.261869
0.2825
0.32034
0.285857
0.318
0.2565
0.257871
0.285857
0.2635
0.23315
0.2205
0.238642
0.23365
0.26037
0.244012
0.268
0.273863
0.1865
0.2585
0.2595
0.250875
0.293
0.27986
0.2645
0.28022
0.269865
0.236
0.258741
0.190405
0.282077
0.295
0.302
0.276862
0.2735
0.252621
0.275724
0.2665
0.241758
0.277584
0.256615
0.2865
0.179
0.240519
0.296703
0.251874
0.25937
0.228886
0.271728
0.268232
0.235382
0.289855
0.2275
0.251
0.27
0.216892
0.230385
0.238381
0.007
0.297203
0.2655
0.296352
0.276362
0.255617
0.283217
0.275724
0.274863
0.2475
0.25362
0.215784
0.301
0.305847
0.271728
0.301849
0.268098
0.267866
0.226274
0.2635
0.231768
0.2955
0.282077
0.239141
0.281219
0.243756
0.198
0.295352
0.255372
0.256372
0.225
0.219
0.2495
0.247752
0.297054
0.268
0.297702
0.271
0.272364
0.25937
0.256244
0.26037
0.2825
0.285572
0.317341
0.275862
0.2735
0.262
0.261
0.285215
0.271593
0.248
0.285
0.2585
0.284
0.268866
0.29306
0.243
0.276585
0.297702
0.257871
0.2805
0.272591
0.202899
0.00748503
0.241895
0.288
0.314
0.225662
0.2555
0.2525
0.231768
0.225387
0.28971
0.27936
0.266
0.2865
0.23976
0.27972
0.3085
0.248252
0.267366
0.279081
0.287069
0.257871
0.233383
0.226
0.0075
0.292854
0.177911
0.2145
0.242
0.2765
0.290065
0.268098
0.286357
0.2175
0.275862
0.245
0.230885
0.2695
0.225
0.2745
0.292854
0.275362
0.2595
0.270459
0.2465
0.198
0.254745
0.2485
0.256
0.274725
0.2805
0.267599
0.270958
0.2655
0.2625
0.266467
0.254618
0.322339
0.243378
0.289
0.265235
0.292354
0.308691
0.288212
0.272364
0.2485
0.253873
0.1915
0.315342
0.2795
0.267
0.252374
0.302349
0.305847
0.283358
0.208396
0.2585
0.2004
0.230769
0.256116
0.248
0.270958
0.297702
0.290419
0.225
0.273363
0.243378
0.250875
0.288
0.248
0.285215
0.24038
0.264
0.232
0.0044955
0.273863
0.279581
0.2755
0.266
0.288
0.248
0.254373
0.292561
0.28971
0.26087
0.2655
0.287569
0.284
0.2845
0.26
0.263237
0.295205
0.0144928
0.290709
0.224164
0.270365
0.212
0.2535
0.2195
0.273726
0.248
0.294853
0.246131
0.257
0.266467
0.2665
0.269
0.0104948
0.226
0.234149
0.2255
0.283716
0.274226
0.242879
0.258871
0.261369
0.238761
0.238523
0.213
0.248376
0.3
0.238761
0.254119
0.311688
0.2975
0.277223
0.2515
0.261869
0.273726
0.2365
0.264
0.278861
0.210185
0.230769
0.169415
0.306194
0.265867
0.291708
0.292622
0.235382
0.230385
0.271229
0.287356
0.273863
0.256372
0.2745
0.277722
0.217174
0.24088
0.267233
0.230885
0.281219
0.256372
0.293706
0.2845
0.262
0.258741
0.2975
0.259611
0.286284
0.245
0.241638
0.015
0.2765
0.2275
0.294
0.233
0.27986
0.24
0.225
0.2685
0.261608
0.288856
0.276
0.278861
0.284358
0.301849
0.274863
0.269
0.271593
0.2725
0.245877
0.2485
0.2515
0.277223
0.282077
0.253373
0.235382
0.2485
0.260978
0.275724
0.198203
0.260609
0.270729
0.284
0.268
0.232
0.225
0.255372
0.269865
0.19
0.2
0.227386
0.25673
0.273863
0.2395
0.224
0.268
0.251123
0.224
0.257243
0.249
0.288856
0.248
0.24
0.253
0.256244
0.2825
0.29985
0.2205
0.274725
0.265734
0.288356
0.252621
0.282
0.2755
0.232651
0.284
0.186907
0.248876
0.2365
0.264
0.247752
0.275225
0.313
0.2655
0.215784
0.272954
0.284858
0.261239
0.2675
0.2425
0.278361
0.2485
0.254618
0.282435
0.290564
0.266234
0.241895
0.243135
0.285572
0.283433
0.276
0.2405
0.277
0.230385
0.251996
0.2645
0.254
0.250375
0.257871
0.205589
0.27986
0.2945
0.258242
0.261369
0.283858
0.282359
0.274725
0.223776
0.274725
0.243257
0.255872
0.298552
0.275225
0.245877
0.27359
0.2595
0.262737
0.241758
0.239141
0.223888
0.2795
0.257871
0.2975
0.238642
0.268232
0.284358
0.227886
0.2515
0.2225
0.258
0.258871
0.260848
0.283858
0.295057
0.261
0.285857
0.272864
0.247876
0.286284
0.257984
0.2785
0.241758
0.295205
0.2025
0.282793
0.302849
0.2785
0.00898652
0.294
0.255245
0.263
0.314
0.23938
0.29306
0.188
0.242636
0.254
0.248376
0.2535
0.228
0.275724
0.277861
0.3025
0.2425
0.241
0.26087
0.2885
0.25937
0.275
0.270729
0.248754
0.2845
0.2625
0.316209
0.2575
0.291354
0.273
0.289
0.288356
0.236382
0.268731
0.285928
0.255117
0.235647
0.2515
0.256872
0.254119
0.290355
0.279
0.278361
0.302395
0.2245
0.281
0.21029
0.212
0.245877
0.273726
0.211183
0.2785
0.25362
0.233
0.233
0.301849
0.256372
0.253
0.241
0.238381
0.27972
0.294059
0.235382
0.2325
0.0325
0.272591
0.2165
0.234531
0.2735
0.253
0.216892
0.2845
0.2165
0.2725
0.3275
0.265734
0.27972
0.284
0.2666
0.287856
0.292
0.254373
0.26011
0.235382
0.269865
0.248
0.268962
0.219
0.290918
0.253
0.2305
0.26
0.18091
0.257871
0.303393
0.235882
0.268366
0.252374
0.268
0.247752
0.2785
0.23988
0.262369
0.215892
0.234383
0.259
0.281359
0.2385
0.325175
0.268232
0.261738
0.210185
0.1745
0.290709
0.278
0.0065
0.3155
0.230769
0.288567
0.283858
0.2585
0.275587
0.270958
0.285072
0.17941
0.226274
0.238523
0.296352
0.286071
0.252122
0.270729
0.244
0.00549725
0.268
0.258483
0.254373
0.259611
0.2855
0.285072
0.2785
0.304
0.257871
0.005
0.280719
0.275724
0.268
0.270729
0.245
0.2945
0.257984
0.252
0.237144
0.280579
0.216892
0.294059
0.236146
0.2685
0.2605
0.273863
0.2999
0.277722
0.254373
0.259
0.2665
0.266
0.313
0.279221
0.241
0.245877
0.267
0.285857
0.26024
0.255988
0.273
0.252
0.2955
0.256615
0.284
0.1995
0.266234
0.24014
0.263868
0.223277
0.255372
0.2585
0.297702
0.297851
0.275362
0.315027
0.22
0.243
0.266
0.2655
0.272
0.2
0.169415
0.22
0.274725
0.249
0.243878
0.2865
0.2245
0.267233
0.30035
0.297203
0.248
0.300549
0.303
0.013
0.246377
0.2365
0.279581
0.229385
0.216392
0.2365
0.277722
0.227
0.2935
0.247876
0.27495
0.239261
0.244633
0.246
0.254373
0.27986
0.2315
0.210185
0.268098
0.275862
0.25673
0.266733
0.308846
0.276862
0.28036
0.256
0.26024
0.2765
0.246377
0.2555
