0.017
0.237026
0.217
0.191712
0.224164
0.0145
0.2125
0.199301
0.217
0.243
0.0145
0.255744
0.221389
0.242879
0.011994
0.225774
0.214
0.1815
0.236
0.211894
0.181818
0.2575
0.191712
0.201299
0.191
0.211894
0.185407
0.221389
0.234
0.187906
0.260739
0.253746
0.194805
0.2085
0.0189905
0.2235
0.2365
0.006
0.211394
0.187906
0.261239
0.184408
0.214893
0.177
0.2275
0.009
0.245754
0.263
0.213
0.1905
0.1955
0.0144928
0.2215
0.2385
0.220779
0.229885
0.2205
0.2435
0.0125
0.206897
0.198302
0.190809
0.20669
0.161
0.206
0.2555
0.233034
0.176735
0.2175
0.242
0.209685
0.205
0.222
0.2135
0.214893
0.210789
0.247
0.2245
0.1695
0.0115
0.230385
0.181138
0.249
0.0095
0.166334
0.222666
0.206793
0.229385
0.229385
0.1095
0.022
0.2365
0.219
0.2355
0.195402
0.0813373
0.237263
0.193403
0.252874
0.023988
0.222555
0.148204
0.175
0.228386
0.248876
0.21
0.00849575
0.261239
0.223
0.276
0.230885
0.167916
0.238381
0.2075
0.2035
0.2095
0.141929
0.2425
0.208896
0.164254
0.187718
0.226
0.18023
0.244878
0.1999
0.215892
0.164918
0.211
0.217174
0.0085
0.223888
0.233267
0.214571
0.1895
0.22
0.211078
0.1845
0.229
0.205897
0.204898
0.221389
0.0144928
0.252874
0.248627
0.224
0.257984
0.234648
0.206397
0.196509
0.216892
0.203398
0.1645
0.181818
0.22977
0.236882
0.227046
0.247376
0.163836
0.166334
0.196402
0.1995
0.229
0.2225
0.1785
0.184316
0.258741
0.1905
0.173
0.214893
0.00749251
0.230385
0.228886
0.214
0.171914
0.208896
0.22977
0.241879
0.00798802
0.238381
0.1825
0.180729
0.1985
0.174
0.246
0.256372
0.181818
0.164418
0.190809
0.23
0.1145
0.262369
0.176912
0.214
0.0175
0.10479
0.216675
0.237
0.181727
0.227
0.207
0.181818
0.234
0.247876
0.263237
0.247
0.194805
0.234
0.193
0.2335
0.224
0.2105
0.186407
0.237263
0.214893
0.221279
0.142
0.202
0.0109945
0.1575
0.212894
0.2515
0.159
0.208292
0.2485
0.246
0.262369
0.249251
0.2395
0.224775
0.008
0.008
0.221889
0.2285
0.228886
0.248751
0.175412
0.282717
0.26011
0.0145
0.238881
0.206793
0.247
0.2475
0.0145
0.258
0.181727
0.245754
0.176412
0.207792
0.229885
0.215892
0.191
0.190809
0.1955
0.226887
0.16409
0.199
0.0104895
0.23976
0.238381
0.215892
0.107393
0.187313
0.232651
0.1605
0.2235
0.2285
0.1995
0.217
0.234149
0.207396
0.0209685
0.245377
0.262238
0.217673
0.198
0.1955
0.1965
0.203398
0.236382
0.245132
0.183816
0.236382
0.206
0.182817
0.206397
0.202
0.2295
0.28
0.243878
0.215892
0.223388
0.1895
0.2305
0.224888
0.255
0.269365
0.184408
0.2425
0.18023
0.2475
0.2515
0.0089955
0.281718
0.257114
0.226887
0.2225
0.2135
0.217
0.1565
0.245255
0.0069965
0.284
0.2085
0.224164
0.20399
0.151924
0.218282
0.201
0.202
0.2335
0.203297
0.0175
0.23004
0.1755
0.184908
0.2255
0.237525
0.21507
0.236763
0.223
0.197703
0.188124
0.227886
0.217
0.1765
0.208687
0.2375
0.217391
0.171914
0.193
0.222389
0.191808
0.176
0.228386
0.212894
0.247
0.1755
0.0105
0.197703
0.2135
0.23
0.221279
0.2375
0.1825
0.215
0.217391
0.218672
0.0069965
0.212894
0.222555
0.215892
0.0124938
0.017991
0.239
0.2535
0.2695
0.203
0.164918
0.194708
0.217283
0.253873
0.2415
0.174413
0.207
0.1995
0.209
0.210185
0.267697
0.2225
0.212681
0.171828
0.1975
0.2355
0.210895
0.231884
0.2095
0.1725
0.225774
0.191712
0.199
0.198401
0.222056
0.244
0.242
0.231269
0.232918
0.237644
0.194805
0.209
0.233267
0.209
0.231768
0.115
0.189621
0.0175
0.224888
0.26011
0.1725
0.243
0.2002
0.2465
0.209975
0.241379
0.2445
0.227
0.2215
0.2195
0.236382
0.194403
0.216783
0.228771
0.2525
0.155922
0.237263
0.195804
0.265867
0.2345
0.211289
0.217
0.224663
0.115
0.2255
0.198901
0.0109726
0.222889
0.196
0.224
0.211289
0.216392
0.224775
0.251123
0.208292
0.202595
0.2695
0.148
0.1965
0.194805
0.2025
0.220779
0.1955
0.059
0.238381
0.244878
0.214893
0.2215
0.223
0.0069965
0.239641
0.216675
0.215892
0.23027
0.25987
0.217066
0.200799
0.209895
0.1905
0.173913
0.232152
0.269231
0.231269
0.015992
0.217782
0.222666
0.188406
0.214785
0.1765
0.2235
0.276862
0.202595
0.145854
0.215
0.246
0.196402
0.1965
0.242879
0.0105
0.156922
0.208791
0.194403
0.237
0.16042
0.157
0.25937
0.203
0.198
0.236
0.181138
0.208188
0.112944
