0.1395
0.167916
0.140719
0.2305
0.149202
0.191617
0.158762
0.1855
0.189405
0.1705
0.181409
0.12475
0.1475
0.2035
0.148926
0.174
0.16675
0.165
0.138431
0.181409
0.0194805
0.1485
0.1955
0.201798
0.17941
0.1725
0.189216
0.1165
0.199301
0.167748
0.182227
0.174913
0.0414793
0.12
0.0164753
0.1775
0.110224
0.142
0.17973
0.184815
0.0885
0.0209895
0.164918
0.141787
0.008
0.1235
0.158421
0.184316
0.174413
0.164918
0.162338
0.189311
0.151772
0.1605
0.175237
0.166917
0.150425
0.126937
0.00949525
0.184132
0.116708
0.194209
0.192404
0.12044
0.0304695
0.150425
0.130935
0.168747
0.00949525
0.15992
0.121439
0.120879
0.1585
0.173327
0.18
0.126
0.180729
0.1685
0.157
0.180729
0.166584
0.145927
0.162095
0.1795
0.135432
0.178
0.00799201
0.1825
0.0725
0.114
0.128807
0.1215
0.112332
0.178911
0.162419
0.175824
0.169415
0.219
0.166584
0.164
0.152424
0.150774
0.154845
0.0255
0.0195
0.0169745
0.136364
0.155
0.103397
0.158
0.105947
0.14678
0.0075
0.176236
0.1545
0.153423
0.1675
0.0889111
0.144928
0.0104948
0.155
0.1485
0.0154923
0.006
0.109281
0.155
0.143928
0.172914
0.167249
0.158
0.0145
0.162919
0.1445
0.171828
0.1325
0.1485
0.011994
0.175237
0.0169745
0.149351
0.169915
0.205
0.13943
0.134366
0.121439
0.194805
0.109281
0.1995
0.161419
0.175237
0.212076
0.1805
0.205
0.181409
0.113943
0.1605
0.00549725
0.0154768
0.212076
0.00249875
0.163337
0.109445
0.186
0.134798
0.142429
0.188406
0.177822
0.192
0.147
0.110224
0.17
0.184408
0.172914
0.123752
0.192904
0.158841
0.193
0.206
0.131434
0.171
0.1705
0.173
0.0825
0.126
0.142
0.16983
0.155922
0.163
0.167
0.164
0.187812
0.142358
0.00599401
0.147279
0.1925
0.191904
0.149
0.160839
0.163754
0.126374
0.202899
0.0194903
0.118941
0.14029
0.1695
0.1775
0.161838
0.13993
0.166334
0.154845
0.124813
0.170415
0.165335
0.175
0.129371
0.091363
0.158921
0.177
0.2165
0.144
0.173739
0.212076
0.18672
0.123938
0.163918
0.155
0.00749625
0.136432
0.152924
0.1535
0.174
0.13993
0.145
0.154923
0.1875
0.157343
0.034
0.123752
0.0224775
0.128308
0.1695
0.236382
0.006
0.1855
0.0164918
0.130804
0.166
0.1285
0.1165
0.154845
0.218891
0.154845
0.171914
0.1475
0.1265
0.102
0.143
0.136432
0.174
0.00899101
0.125375
0.1405
0.1455
0.149351
0.173
0.129
0.165
0.1635
0.185315
0.130935
0.13979
0.1455
0.198
0.0209895
0.174
0.143
0.121939
0.208292
0.144
0.192
0.0419371
0.117823
0.00949525
0.0824176
0.1265
0.158
0.192
0.01
0.190405
0.165917
0.198
0.14093
0.172914
0.0974513
0.181
0.077961
0.186128
0.159182
0.136432
0.0855
0.1745
0.129805
0.19
0.162837
0.00799201
0.193307
0.148278
0.00799201
0.162756
0.161838
0.170829
0.121439
0.164
0.156344
0.161339
0.184
0.1135
0.123438
0.158762
0.189
0.1615
0.0095
0.1725
0.085
0.136863
0.162837
0.0824176
0.161419
0.0884116
0.193806
0.156687
0.115442
0.158342
0.171742
0.149351
0.1535
0.107946
0.1625
0.135796
0.181409
0.101
0.121
0.161339
0.0575
0.182909
0.183
0.163836
0.188312
0.1455
0.19
0.21
0.173
0.174564
0.109
0.1475
0.105395
0.155922
0.0154768
0.155267
0.1115
0.178
0.017973
0.1745
0.1265
0.170415
0.1735
0.190809
0.150275
0.0235
0.170915
0.107946
0.143928
0.182909
0.109391
0.171414
0.192711
0.174239
0.011988
0.1155
0.1845
0.0164835
0.1385
0.158921
0.202797
0.228886
0.161
0.1445
0.15992
0.180729
0.006
0.119381
0.137431
0.142929
0.013993
0.173913
0.137
0.122378
0.124813
0.183816
0.138431
0.202696
0.1725
0.1565
0.155922
0.147926
0.203
0.0249875
0.011
0.0825
0.161838
0.0055
0.1325
0.234883
0.14043
0.192615
0.1725
0.1785
0.1855
0.009
0.165669
0.197802
0.202899
0.147926
0.129
0.128436
0.189311
0.134
0.194903
0.1945
0.157421
0.0569146
0.1645
0.109445
0.1565
0.184815
0.129371
0.1415
0.0569146
0.1475
0.143428
0.22039
0.162
0.127373
0.200699
0.1345
0.0214571
0.155922
0.1455
0.186
0.172914
0.18993
0.009995
0.175412
0.135297
0.01
0.0194903
0.1375
0.155422
0.218891
0.1715
0.009995
0.190215
0.158921
0.1455
0.137931
0.178911
0.201597
0.156
0.180819
0.174738
0.175
0.1715
0.1715
0.1475
0.166
0.1445
0.01
0.162837
0.182409
0.1505
0.197
0.189405
0.201597
0.170829
0.148426
0.174913
0.178
0.128436
0.21029
0.148426
0.222
0.148352
0.175824
0.135864
0.189905
0.161757
0.188
0.175
0.145
0.173913
0.196
0.136863
0.170415
0.163754
0.178
0.208896
0.199301
0.1715
0.0255
0.173
0.12987
0.1825
0.188811
0.125
0.169915
0.155922
0.1565
0.1895
0.17973
0.0075
0.128308
0.141429
0.144
0.192308
0.0204898
0.1455
0.128308
0.1235
0.00949525
0.0884116
0.1585
0.1575
0.148
0.005
0.148703
0.172914
0.1315
0.167832
0.121439
0.178
0.0249875
0.163255
0.150275
0.1485
0.168
0.1495
0.170415
0.009995
0.1715
0.0075
0.1675
0.153423
0.128
0.162419
0.17941
0.0194805
0.148352
0.19511
0.165834
0.1655
0.1295
0.141929
0.138
0.157921
0.1185
0.170915
0.17
0.19511
0.0954046
0.191
0.006
0.148278
0.1775
0.193709
0.178911
0.146427
0.165
0.145
0.147
0.221
0.116708
0.174413
0.150925
0.101
0.168332
0.171414
0.188312
0.158263
0.153
0.136932
0.117941
0.0669331
0.1565
0.0085
0.101449
0.170915
0.018
0.0205
0.1925
0.0144855
0.185315
0.151273
0.0219561
0.121
0.174413
0.153423
0.2115
0.17033
0.181409
0.006
0.169915
0.1655
0.170829
0.0224888
0.00799201
0.171243
0.1415
0.161
0.142429
0.211682
0.016983
0.1695
0.182817
0.170915
0.010989
0.1875
0.0249875
0.009
0.181
0.168248
0.0963074
0.1675
0.109
0.16
0.128436
0.195804
0.162095
0.149425
0.121439
0.161838
0.1265
0.163754
0.18091
0.184815
0.125375
0.170915
0.1755
0.16018
0.158921
0.206397
0.1325
0.130804
0.0069965
0.121439
0.168
0.1565
0.174
0.0294853
0.200699
0.129805
0.0749251
0.14
0.207396
0.185
0.184408
0.0854573
0.107946
0.0129741
0.1605
0.1785
0.1115
0.0184447
0.1395
0.153347
0.0875
0.183724
0.1715
0.162756
0.0549451
0.169915
0.18993
0.157
0.188811
0.1875
0.138723
0.173826
0.127373
0.0595
0.159341
0.201399
0.185315
0.167416
0.208583
0.165
0.1185
0.142287
0.174651
0.158421
0.014
0.157842
0.1785
0.178911
0.188
0.171828
0.144855
0.17033
0.1825
0.181409
0.152924
0.036
0.148
0.1955
0.147426
0.014
0.190905
0.202696
0.145854
0.158
0.177
0.182909
0.141787
0.1595
0.152771
0.0104895
0.189905
0.1925
0.144
0.164
0.009
0.023988
0.12
0.151924
0.0055
0.023988
0.138931
0.167
0.0224888
0.175
0.1315
0.1595
0.1315
0.174413
0.192404
0.133933
0.182544
0.173
0.133
0.166
0.165834
0.172827
0.0654673
0.192
0.165
0.153
0.188811
0.171
0.16
0.167832
0.1605
0.158921
0.181909
0.165917
0.14093
0.157
0.146427
0.1955
0.165669
0.1825
0.171828
0.154923
0.149775
0.162756
0.136795
0.14678
0.011988
0.108891
0.143357
0.147
0.19
0.1685
0.151273
0.182635
0.153923
0.147926
0.134433
0.178
0.1255
0.198401
0.0224775
0.167916
0.1825
0.135796
0.17
0.148851
0.138431
0.143
0.14043
0.130739
0.155
0.113
0.127
0.0124938
0.151273
0.118941
0.03
0.2105
0.155922
0.1835
0.151772
0.1785
0.2165
0.1455
0.17991
0.165
0.1475
0.114885
0.175
0.208896
0.00749625
0.138
0.161419
0.136932
0.1545
0.12
0.164
0.16092
0.167249
0.177733
0.188312
0.107946
0.182909
0.155267
0.184908
0.009
0.136
0.174239
0.1715
0.192
0.162756
0.206897
0.125375
0.1185
0.184408
0.201399
0.0294853
0.17973
0.154845
0.189311
0.1585
0.188906
0.126
0.158
0.162176
0.126873
0.0104948
0.165
0.183
0.1375
0.173327
0.1285
0.167416
0.00549725
0.215392
0.1535
0.073
0.0125
0.142786
0.013
0.159341
0.1835
0.163836
0.14093
0.00649351
0.108891
0.19
0.172
0.118441
0.183408
0.131
0.142358
0.1245
0.112332
0.183816
0.0124938
0.0265
0.0184908
0.198
0.164418
0.212076
0.187219
0.183724
0.165
0.133799
0.144428
0.141
0.1445
0.150925
0.2
0.188312
0.1485
0.156422
0.136364
0.142929
0.15992
0.027
0.207189
0.0844578
0.1825
0.009
0.150425
0.203796
0.171329
0.170415
0.195706
0.17033
0.161
0.154192
0.171329
0.169246
0.0055
0.173
0.18
0.17991
0.188811
0.163
0.0909091
0.153347
0.013
0.129805
0.0165
0.0194805
0.16092
0.154
0.136863
0.1165
0.1625
0.099
0.173
0.154423
0.184
0.014
0.1115
0.1165
0.1755
0.164418
0.111944
0.0104948
0.181909
0.0125
0.157343
0.148426
0.0824176
0.1625
0.181409
0.1345
0.140859
0.161339
0.157343
0.110945
0.169331
0.006
0.181409
0.101449
0.181409
0.151924
0.15942
0.189
0.14093
0.1625
0.178
0.144855
0.157921
0.00498753
0.1375
0.161
0.15
0.204
0.0214571
0.158841
0.140859
0.147926
0.108446
0.176912
0.136863
0.00549725
0.1965
0.138
0.109
0.17941
0.128936
0.1615
0.148
0.161419
0.0169661
0.153769
0.148
0.0965
0.199301
0.172914
0.12987
0.173
0.0938592
0.176912
0.1735
0.1305
0.158921
0.171828
0.19
0.122
0.1215
0.157921
0.118941
0.133
0.1715
0.17991
0.15984
0.165
0.077
0.0095
0.1595
0.148
0.183225
0.14678
0.170915
0.2095
0.168747
0.202899
0.153923
0.1915
0.137363
0.13
0.155
0.171828
0.155
0.153923
0.171742
0.144428
0.198603
0.145854
0.152847
0.189216
0.140719
0.147426
0.176
0.152424
0.0314843
0.1365
0.1485
0.00249875
0.142
0.167832
0.167416
0.146927
0.133
0.13943
0.0643713
0.1775
0.166
0.153923
0.157921
0.167916
0.1785
0.106
0.010978
0.165
0.143357
0.146
0.1925
0.1485
0.1705
0.161
0.2395
0.122
0.0854573
0.131434
0.122877
0.1895
0.168248
0.009995
0.185907
0.167
0.135864
0.010978
0.019
0.142929
0.122439
0.189
0.1485
0.181909
0.202899
0.0114828
0.187406
0.152771
0.148703
0.154423
0.183724
0.1715
0.170829
0.0194903
0.178911
0.0135
0.1975
0.1695
0.192308
0.0154923
0.153769
0.185
0.162756
0.1805
0.174413
0.162338
0.007996
0.1765
0.1502
0.1715
0.167916
0.1585
0.18091
0.147426
0.136932
0.0095
0.178322
0.1415
0.1395
0.150925
0.17982
0.192
0.178911
0.124438
0.1685
0.134299
0.153
0.148
0.1345
0.181409
0.193709
0.011
0.135864
0.1925
0.0425
0.1705
0.148426
0.1285
0.176
0.1385
0.178911
0.151
0.173413
0.122939
0.2095
0.167416
0.1955
0.149351
0.1355
0.148426
0.199301
0.193403
0.202899
0.192904
0.14
0.14043
0.146
0.01
0.0105
0.1485
0.197
0.1155
0.15942
0.1525
0.189216
0.102897
0.012
0.0294853
0.162
0.147279
0.142429
0.179321
0.009995
0.145
0.158762
0.159261
0.148278
0.154923
0.157921
0.160839
0.136
0.1335
0.03
0.169
0.136863
0.15992
0.1997
0.0464535
0.140859
0.159
0.123315
0.174326
0.17991
0.1845
0.150925
0.121817
0.128807
0.153347
0.0974513
0.190809
0.14043
0.028
0.136
0.175824
0.165335
0.134865
0.007996
0.157
0.172655
0.03
0.00749625
0.14043
0.143784
0.036
0.112332
0.188406
0.128807
0.1705
0.1455
0.0214571
0.2105
0.144
0.109281
0.136
0.193709
0.123253
0.162837
0.193307
0.076
0.173
0.127936
0.17033
0.168248
0.0855
0.1485
0.205897
0.172328
0.18091
0.1355
0.0224775
0.124438
0.161838
0.134299
0.144711
0.128436
0.174239
0.123253
0.175
0.126937
0.19031
0.193709
0.00849575
0.115327
0.1745
0.168747
0.1615
0.182045
0.167416
0.172827
0.153
0.191617
0.13943
0.151772
0.144
0.188312
0.0085
0.154346
0.14043
0.164254
0.18091
0.190809
0.117941
0.1185
0.118941
0.0245
0.141787
0.142358
0.163836
0.168
0.029985
0.153923
0.1745
0.0125
0.150925
0.137431
0.185907
0.151
0.1775
0.214072
0.1415
0.145854
0.153769
0.152847
0.17033
0.1445
0.189
0.158841
0.191
0.1715
0.208896
0.154
0.168747
0.157
0.152771
0.150425
0.139
0.208583
0.184316
0.113
0.171742
0.203694
0.183
0.161419
0.00498753
0.1315
0.146
0.145854
0.0125
0.1385
0.183225
0.168
0.159182
0.1325
0.194903
0.162419
0.228886
0.136863
0.1315
0.173826
0.1555
0.178
0.137431
0.175
0.133234
0.144
0.158
0.1535
0.187906
0.169915
0.176735
0.12
0.143784
0.1845
0.183724
0.010989
0.1145
0.166
0.1325
0.143928
0.1045
0.131
0.170915
0.0304695
0.171914
0.116708
0.174
0.1315
0.189
0.1685
0.0135
0.141929
0.173913
0.167249
0.00649675
0.151
0.1915
0.149925
0.177323
0.174651
0.172914
0.2009
0.143357
0.118941
0.103397
0.187812
0.158
0.151
0.1805
0.115942
0.195706
0.203
0.1295
0.134366
0.155
0.129805
0.16042
0.176412
0.170415
0.1785
0.162756
0.00649351
0.006
0.161419
0.173413
0.165834
0.150425
0.169246
0.122378
0.112444
0.136364
0.165
0.2015
0.161419
0.129435
0.112444
0.148
0.13993
0.1695
0.145
0.0425
0.191213
0.15035
0.1915
0.141429
0.149775
0.0104895
0.18041
0.171414
0.0195
0.193307
0.16018
0.0075
0.1555
0.236382
0.2095
0.148
0.1765
0.151349
0.007996
0.167333
0.182045
0.155
0.146427
0.181409
0.1999
0.13986
0.157421
0.151772
0.03
0.144711
0.138
0.109281
0.0164918
0.152847
0.162338
0.00649675
0.157343
0.11988
0.14
0.1895
0.164
0.1725
0.0165
0.111444
0.154423
0.156765
0.143928
0.155922
0.165252
0.126
0.164254
0.0395
0.2035
0.162837
0.1615
0.142929
0.136863
0.152924
0.1695
0.193017
0.176912
0.152348
0.159
0.12
0.238143
0.00899101
0.018
0.167916
0.0409386
0.1575
0.15942
0.112444
0.121939
0.158762
0.1825
0.159182
0.15976
0.164336
0.120879
0.0104843
0.16675
0.186
0.1685
0.189
0.1004
0.04
0.136432
0.106786
0.144428
0.188906
0.151
0.135432
0.1855
0.161
0.149925
0.144356
0.123438
0.151772
0.170415
0.009
0.138723
0.00799201
0.164418
0.192
0.172569
0.1355
0.101399
0.203593
0.1565
0.171
0.153
0.137862
0.204
0.140719
0.0344828
0.114
0.089366
0.202899
0.177822
0.1575
0.018
0.127936
0.1635
0.1455
0.140719
0.170415
0.187812
0.0224888
0.1485
0.136932
0.004995
0.146
0.157921
0.183
0.135432
0.144855
0.0184908
0.17033
0.0104948
0.189
0.177
0.1595
0.1705
0.182635
0.205397
0.158
0.1535
0.152924
0.167416
0.22039
0.172914
0.156843
0.156422
0.151122
0.1495
0.137862
0.165417
0.1695
0.143
0.18032
0.194805
0.186407
0.1645
0.151924
0.162338
0.1955
0.0124938
0.1985
0.189905
0.182817
0.1535
0.162919
0.195
0.144
0.192
0.171
0.157421
0.1315
0.182409
0.173327
0.207
0.157343
0.147
0.142
0.122939
0.17033
0.1715
0.126374
0.0174564
0.155267
0.191617
0.189405
0.195
0.175
0.176912
0.186407
0.134
0.1385
0.007996
0.1997
0.2165
0.147
0.131868
0.00549725
0.14043
0.0104843
0.206
0.105947
0.155922
0.143928
0.168831
0.151273
0.166251
0.141787
0.1945
0.2115
0.184908
0.105947
0.031984
0.1635
0.225935
0.163754
0.134366
0.164
0.013
0.006
0.134366
0.03
0.1645
0.153923
0.0889111
0.128936
0.1865
0.1565
0.139
0.184408
0.159182
0.1835
0.184908
0.1765
0.126437
0.157842
0.153923
0.165335
0.1485
0.158421
0.151924
0.182817
0.175
0.125
0.14
0.158921
0.150275
0.148278
0.0913174
0.1585
0.148
0.143
0.1165
0.0224775
0.156765
0.190809
0.199301
0.192116
0.202
0.122
0.1395
0.136432
0.154923
0.188312
0.1325
0.137862
0.14043
0.159
0.2105
0.185315
0.069
0.1605
0.163418
0.141
0.144
0.0095
0.130804
0.1695
0.1585
0.1965
0.154845
0.00499251
0.0294853
0.1415
0.010479
0.125375
0.126873
0.195402
0.007996
0.1004
0.1295
0.0844578
0.17941
0.0135
0.14985
0.192
0.0164753
0.182909
0.178
0.130804
0.1885
0.15992
0.0075
0.162756
0.144
0.108946
0.152424
0.0838323
0.151772
0.152847
0.136863
0.15984
0.183816
0.1215
0.151
0.145927
0.128936
0.03
0.183
0.144
0.1695
0.158921
0.0734266
0.173
0.1705
0.1545
0.177
0.148426
0.1395
0.106447
0.183
0.153846
0.165
0.168
0.0124875
0.1775
0.167665
0.009995
0.1755
0.1805
0.176236
0.1505
0.163418
0.026973
0.1825
0.109281
0.0145
0.193
0.139222
0.0095
0.182909
0.142786
0.109
0.0209895
0.1745
0.172
0.187313
0.107946
0.016983
0.138
0.012
0.1865
0.167249
0.112
0.0579131
0.175824
0.1045
0.1725
0.174
0.16092
0.1275
0.1335
0.0194805
0.165917
0.165252
0.154845
0.184908
0.145854
0.013986
0.0154768
0.1785
0.139361
0.166917
0.144855
0.151349
0.1535
0.085
0.00849575
0.141
0.181909
0.169915
0.202899
0.147426
0.125375
0.1725
0.1545
0.193709
0.188
0.1715
0.208583
0.150925
0.123752
0.129435
0.203796
0.173
0.1375
0.1505
0.18
0.141787
0.1455
0.146707
0.172741
0.026973
0.0209895
0.203694
0.0395
0.013
0.19
0.1885
0.14093
0.152424
0.1925
0.187406
0.1705
0.164254
0.171
0.174
0.162
0.009995
0.163418
0.17991
0.161339
0.173913
0.0124938
0.19
0.134
0.122439
0.162919
0.104187
0.1775
0.158921
0.218891
0.234883
0.177323
0.1705
0.1585
0.162919
0.126437
0.149425
0.137725
0.116942
0.154269
0.1705
0.173
0.1205
0.010978
0.156266
0.0224888
0.193806
0.1475
0.147852
0.170829
0.187
0.0575
0.0479281
0.1315
0.17
0.148426
0.1325
0.1215
0.160759
0.172914
0.165917
0.167832
0.164
0.188312
0.1115
0.151772
0.190809
0.182409
0.183816
0.169415
0.116942
0.170829
0.1725
0.186
0.167748
0.1895
0.154845
0.1395
0.152348
0.185
0.1815
0.15942
0.155
0.111444
0.153923
0.178821
0.162
0.203
0.0155
0.0154923
0.1605
0.144
0.146354
0.066
0.1975
0.0825
0.175736
0.185907
0.179231
0.1745
0.187
0.150425
0.109445
0.1635
0.154845
0.135365
0.03
0.1475
0.161838
0.152847
0.167748
0.173
0.15976
0.146707
0.0569146
0.0235
0.173413
0.143928
0.131434
0.0095
0.165
0.153846
0.014
0.138
0.18041
0.136432
0.238143
0.171
0.144711
0.126
0.173739
0.15992
0.1775
0.177
0.0575
0.0089955
0.189905
0.1115
0.185315
0.0838323
0.1695
0.188906
0.122439
0.173
0.208896
0.0095
0.203
0.172
0.1715
0.0075
0.142786
0.176324
0.154923
0.161178
0.00799201
0.145927
0.139
0.188906
0.130739
0.0074813
0.1795
0.153846
0.207792
0.13
0.1775
0.121
0.120879
