0.215
0.213679
0.21318
0.20979
0.23027
0.208791
0.24088
0.259
0.221
0.257243
0.149
0.191904
0.22089
0.204296
0.240759
0.218
0.203796
0.187313
0.168
0.191404
0.2325
0.214785
0.00747757
0.1905
0.223277
0.224551
0.213
0.214893
0.1825
0.223
0.1955
0.262238
0.253373
0.225
0.207792
0.195402
0.1695
0.236763
0.197901
0.211788
0.262869
0.27
0.2025
0.247253
0.207792
0.262869
0.212288
0.2165
0.1795
0.225774
0.204898
0.224052
0.221889
0.2705
0.228657
0.295852
0.2225
0.262
0.2
0.234883
0.0045
0.2705
0.2445
0.2275
0.206397
0.270729
0.256
0.2235
0.235882
0.2365
0.243
0.237381
0.245
0.244878
0.233034
0.1785
0.231768
0.24026
0.159341
0.196902
0.220669
0.242757
0.236527
0.0124875
0.184
0.171742
0.266
0.194403
0.2705
0.1685
0.19
0.215285
0.250873
0.194805
0.2595
0.22666
0.205794
0.0134865
0.235
0.185629
0.192711
0.1965
0.24014
0.244378
0.0045
0.264104
0.197703
0.207396
0.226
0.197
0.231153
0.251
0.223
0.24088
0.292854
0.0105
0.2185
0.184
0.27
0.225
0.227
0.234266
0.2135
0.22089
0.2335
0.292854
0.217174
0.222278
0.2505
0.210789
0.00749625
0.252
0.220669
0.205
0.195402
0.201
0.1994
0.257114
0.219
0.2665
0.2615
0.218672
0.223388
0.207293
0.00599101
0.218391
0.230885
0.262238
0.212394
0.205897
0.242879
0.2395
0.233883
0.235147
0.265835
0.0045
0.00649675
0.233
0.218391
0.221
0.221389
0.003996
0.182318
0.212394
0.195305
0.234
0.225887
0.2355
0.2095
0.221
0.266367
0.230769
0.2075
0.247752
0.247
0.215
0.24663
0.231384
0.198901
0.01
0.2215
0.252374
0.158
0.211788
0.1975
0.22666
0.214785
0.206
0.2145
0.230539
0.2785
0.252374
0.224888
0.264236
0.273363
0.250375
0.211788
0.21318
0.011994
0.18041
0.231
0.217
0.224164
0.257485
0.2775
0.2485
0.201697
0.233883
0.233
0.016
0.2515
0.26037
0.180819
0.205397
0.2055
0.178732
0.2325
0.174
0.171828
0.216
0.266867
0.226
0.2335
0.206
0.237381
0.227886
0.2395
0.2665
0.221
0.1895
0.175
0.254119
0.23988
0.195
0.201798
0.233883
0.193017
0.237644
0.2355
0.233267
0.183724
0.265734
0.237381
0.219281
0.1925
0.009
0.225662
0.244633
0.007996
0.232884
0.222666
0.009
0.0045
0.24088
0.246131
0.196
0.206897
0.2425
0.193
0.203898
0.2175
0.207
0.235
0.2065
0.0045
0.212288
0.231153
0.2
0.237381
0.204
0.227273
0.176912
0.212394
0.2145
0.237644
0.219171
0.0145
0.2815
0.215285
0.235
0.22977
0.221557
0.255988
0.182909
0.238143
0.266367
0.218
0.2445
0.267099
0.230539
0.23976
0.21029
0.207396
0.254
0.244
0.233267
0.204898
0.26037
0.167249
0.231768
0.195
0.201399
0.171914
0.227
0.222
0.259241
0.164
0.278721
0.158
0.233
0.247
0.231384
0.250873
0.2285
0.0065
0.221945
0.195
0.2355
0.213287
0.229885
0.233883
0.19
0.00749251
0.2009
0.243756
0.233
0.23027
0.0169915
0.206897
0.194708
0.238761
0.233383
0.227
0.227159
0.207792
0.236882
0.229885
0.2435
0.1915
0.229656
0.257742
0.0065
0.2685
0.194209
0.187
0.236882
0.265835
0.22028
0.2009
0.252874
0.1965
0.236146
0.228
0.205
0.192
0.1895
0.239141
0.26037
0.206294
0.218282
0.23976
0.261608
0.2765
0.222889
0.186534
0.207688
0.236527
0.2495
0.1995
0.217
0.176
0.2235
0.2245
0.284715
0.215
0.188811
0.191
0.0109945
0.209581
0.213
0.174
0.1795
0.228
0.164918
0.291854
0.189
0.236763
0.255744
0.186221
0.1785
0.2385
0.271364
0.193307
0.233533
0.016
0.236146
0.219
0.2125
0.247629
0.266234
0.189405
0.235
0.182318
0.2425
0.211394
0.258
0.2475
0.0055
0.249375
0.00849575
0.1825
0.2455
0.213287
0.2185
0.266
0.293353
0.222278
0.215392
0.221557
0.230885
0.2685
0.187
0.244878
0.0045
0.2345
0.1985
0.248627
0.228272
0.231384
0.21
0.207293
0.203
0.250998
0.214
0.218391
0.209685
0.2325
0.22977
0.2335
0.234266
0.213393
0.202899
0.20669
0.213786
0.2009
0.215
0.265867
0.232384
0.225
0.2025
0.188811
0.2
0.245
0.234266
0.211788
0.209395
0.2695
0.213
0.2375
0.257114
0.22977
0.142715
0.2003
0.221279
0.218391
0.225887
0.094
0.1955
0.222777
0.228
0.240519
0.2009
0.231038
0.197605
0.213893
0.19
0.2165
0.224
0.2185
0.188811
0.229541
0.2005
0.219281
0.198702
0.275862
0.1825
0.2185
0.2305
0.25937
0.1955
0.242893
0.2115
0.220669
0.209
0.009
0.2405
0.247376
0.249
0.2055
0.225774
0.247876
0.256372
0.222389
0.23
0.2375
0.245
0.2425
0.126937
0.241
0.214
0.006
0.234
0.194708
0.21939
0.2335
0.226274
0.247876
0.216
0.2015
0.2705
0.226387
0.275
0.266
0.235
0.210789
0.2235
0.24
0.295852
0.223888
0.211788
0.232884
0.00749251
0.217174
0.234266
0.216392
0.213393
0.175
0.228158
0.216958
0.213
0.211394
0.24663
0.2375
0.223
0.228886
0.207585
0.20979
0.204
0.2575
0.1805
0.236146
0.248376
0.17941
0.261608
0.2009
0.2435
0.242137
0.2355
0.187
0.2085
0.2435
0.2355
0.231
0.168
0.223888
0.2265
0.25362
0.2525
0.203898
0.2415
0.2225
0.0089955
0.234883
0.255372
0.2425
0.204
0.238761
0.244633
0.2165
0.25
0.217
0.210395
0.214393
0.193709
0.009
0.1825
0.191904
0.215569
0.189405
0.232884
0.231
0.232767
0.271864
0.235
0.231384
0.261608
0.221
0.221778
0.235265
0.224276
0.237881
0.124376
0.250998
0.21967
0.212681
0.225887
0.271864
0.187
0.233267
0.224276
0.260609
0.21318
0.247376
0.228
0.1805
0.206
0.1905
0.271864
0.225162
0.227886
0.1925
0.2003
0.213393
0.241
0.223388
0.225387
0.244256
0.208396
0.00749251
0.202399
0.252248
0.2275
0.253873
0.21989
0.2465
0.217782
0.225662
0.213
0.202797
0.00449775
0.2485
0.209291
0.251374
0.173826
0.1495
0.229385
0.234883
0.2715
0.224052
0.195609
0.217673
0.2425
0.215392
0.204296
0.182909
0.259
0.231537
0.014
0.1975
0.224276
0.2425
0.061969
0.229885
0.266
0.14093
0.158
0.163918
0.24663
0.2295
0.233383
0.2195
0.226
0.209291
0.264868
0.194403
0.193
0.2395
0.249375
0.1825
0.209685
0.267099
0.207396
0.228158
0.0075
0.195609
0.228657
0.204
0.237381
0.188811
0.229271
0.1795
0.18513
0.263868
0.235
0.255
0.2355
0.252248
0.193806
0.177822
0.246507
0.2355
0.18091
0.212681
0.1915
0.225387
0.26024
0.227
0.201899
0.196304
0.250875
0.24014
0.257871
0.292854
0.2155
0.23027
0.247253
0.158
0.24663
0.207396
0.223553
0.231
0.205897
0.22666
0.171914
0.224775
0.266867
0.204398
0.2105
0.251748
0.1675
0.21939
0.21318
0.218781
0.1955
0.00747757
0.237381
0.0124938
0.209
0.227273
0.1895
0.197
0.212394
0.213287
0.2385
0.016
0.231768
0.131934
0.222777
0.250873
0.242258
0.225887
0.26087
0.231384
0.24088
0.00747757
0.228272
0.2295
0.1725
0.206793
0.2185
0.2095
0.224775
0.2085
0.186221
0.0154923
0.2335
0.252
0.228
0.186907
0.2415
0.234383
0.24975
0.23315
0.231038
0.1545
0.255744
0.262737
0.212
0.0075
0.220669
0.232268
0.242
0.194209
0.261369
0.0049975
0.201399
0.2325
0.253
0.21029
0.2445
0.237263
0.235
0.176
0.161419
0.236264
0.228044
0.266966
0.206294
0.194
0.00749251
0.242636
0.231384
0.226274
0.223277
0.19321
0.00749251
0.195706
0.257243
0.2185
0.230385
0.217891
0.197901
0.186534
0.247
0.231884
0.205295
0.206
0.176912
0.2445
0.255988
0.268597
0.256372
0.209685
0.2009
0.221945
0.243756
0.192308
0.212288
0.216
0.206
0.00899101
0.2715
0.228
0.0045
0.200599
0.24088
0.275862
0.2435
0.2015
0.215
0.232535
0.263368
0.224388
0.210789
0.183816
0.203
0.238143
0.227
0.236763
0.15942
0.252374
0.2375
0.1855
0.184316
0.225387
0.212288
0.2595
0.2325
0.0075
0.176912
0.277223
0.0045
0.224
0.188811
0.231153
0.221
0.235
0.225887
0.230539
0.232884
0.268597
0.2225
0.206
0.223776
0.2004
0.243878
0.259
0.2405
0.265
0.0089955
0.00849151
0.246877
0.211394
0.2585
0.214393
0.222278
0.222
0.264236
0.195902
0.231
0.232
0.204898
0.207688
0.211394
0.212394
0.2015
0.229271
0.212894
0.220669
0.2355
0.2355
0.2195
0.228
0.2595
0.21995
0.241
0.188406
0.171414
0.245377
0.233383
0.245877
0.2775
0.2415
0.2315
0.267
0.278
0.248627
0.0045
0.212394
0.210895
0.198702
0.264368
0.1895
0.196902
0.2565
0.0029985
0.1935
0.247629
0.2425
0.281859
0.182318
0.1935
0.216783
0.207896
0.225
0.2175
0.1845
0.2655
0.228272
0.197303
0.2345
0.0135
0.172328
0.0065
0.23976
0.245
0.226387
0.242879
0.256743
0.172328
0.2085
0.256
0.259
0.243378
0.259611
0.159341
0.197901
0.266867
0.241758
0.188623
0.2015
0.197
0.2355
0.185222
0.1415
0.17941
0.197703
0.227886
0.15942
0.2775
0.242879
0.231884
0.212394
0.0095
0.234414
0.192
0.235
0.217891
0.009
0.241879
0.0069965
0.2385
0.208687
0.1415
0.195
0.261738
0.247
0.284715
0.232535
0.217391
0.248376
0.241379
0.209581
0.206
0.205397
0.233383
0.2095
0.2385
0.22
0.203898
