0.147
0.00899101
0.091954
0.124438
0.135932
0.017973
0.147926
0.0689311
0.1835
0.129371
0.0848303
0.151
0.0069965
0.129435
0.109
0.0725
0.1525
0.168248
0.102398
0.154
0.197901
0.14093
0.091
0.1325
0.1285
0.0085
0.146
0.13
0.1035
0.120758
0.0834166
0.103792
0.101
0.18
0.129177
0.032
0.116766
0.0264339
0.0704648
0.125437
0.0955
0.1575
0.0134798
0.115385
0.191
0.1855
0.1145
0.136863
0.117441
0.145781
0.0714643
0.0883234
0.0729635
0.1145
0.06
0.1045
0.158342
0.119261
0.153194
0.154
0.0884558
0.130935
0.151848
0.121939
0.0698952
0.141
0.101348
0.155844
0.0499251
0.1595
0.135932
0.135932
0.147926
0.135297
0.12044
0.152695
0.152695
0.1445
0.00548902
0.156422
0.151848
0.0889555
0.1125
0.064
0.103448
0.1675
0.1715
0.105
0.156922
0.112944
0.123377
0.156922
0.0895
0.081
0.101
0.17
0.182409
0.15992
0.115442
0.010989
0.075962
0.0654673
0.1275
0.196902
0.101898
0.154
0.155766
0.0898652
0.1495
0.0885
0.0999001
0.135432
0.1525
0.158
0.116442
0.14029
0.027
0.139361
0.0285
0.161515
0.147426
0.0954523
0.081
0.0464304
0.014
0.156266
0.012987
0.0904548
0.0954523
0.146354
0.1055
0.0295
0.0505
0.125437
0.1315
0.0995
0.16042
0.10045
0.1035
0.0968547
0.184408
0.144783
0.143784
0.136
0.0499251
0.157842
0.0729271
0.0964036
0.1545
0.00749251
0.156344
0.0195
0.02997
0.116442
0.182318
0.00599101
0.125937
0.134165
0.1205
0.157421
0.127246
0.126937
0.121939
0.168916
0.1265
0.1265
0.156344
0.1395
0.118323
0.0819181
0.160759
0.016
0.137862
0.114943
0.1715
0.100899
0.0095
0.112444
0.139
0.1502
0.17
0.148
0.109835
0.1705
0.204398
0.157921
0.1495
0.138
0.105947
0.14036
0.0918622
0.1333
0.144928
0.0459311
0.122939
0.116942
0.113
0.175912
0.138293
0.107393
0.069965
0.067966
0.147426
0.131868
0.17
0.135432
0.153194
0.1415
0.122
0.102449
0.129
0.1095
0.101
0.0104895
0.0284715
0.11994
0.107446
0.1565
0.1155
0.12044
0.084
0.176912
0.0249501
0.112444
0.1075
0.1105
0.182
0.19321
0.1235
0.098
0.142358
0.164753
0.130435
0.109445
0.011988
0.008
0.1545
0.0785
0.1325
0.1065
0.151772
0.179
0.128372
0.0055
0.135365
0.0888224
0.113886
0.014
0.085957
0.1805
0.104343
0.164
0.148
0.15942
0.156922
0.168916
0.133433
0.162837
0.131
0.148352
0.172328
0.00998502
0.157842
0.151424
0.134
0.0829585
0.0754246
0.054
0.161258
0.085
0.145
0.0829585
0.036
0.13993
0.1245
0.0484515
0.0274725
0.157921
0.1365
0.147
0.0824588
0.148
0.144
0.154845
0.15942
0.00749625
0.148
0.154
0.1695
0.126
0.114
0.0905
0.00849151
0.136863
0.1415
0.124
0.115826
0.0504748
0.0604396
0.134798
0.174326
0.140859
0.137294
0.129306
0.1495
0.164418
0.0069965
0.0855
0.049975
0.00749251
0.178411
0.156922
0.158762
0.121379
0.144428
0.155345
0.1085
0.11988
0.126
0.13
0.00999001
0.126374
0.1675
0.100798
0.158
0.031984
0.169246
0.026
0.0114943
0.133433
0.0459311
0.015
0.00799201
0.167916
0.112774
0.162837
0.129371
0.109391
0.1205
0.011
0.1265
0.094
0.116442
0.149
0.1145
0.081
0.141929
0.1125
0.116267
0.1745
0.078
0.0858712
0.144
0.0989505
0.1695
0.0169745
0.117823
0.156188
0.0793809
0.016
0.104
0.141429
0.1165
0.142786
0.024
0.118441
0.138861
0.148
0.122
0.117265
0.1415
0.174326
0.0739261
0.133799
0.0858712
0.15992
0.1355
0.157842
0.1465
0.1195
0.112887
0.176412
0.104343
0.146354
0.122939
0.151424
0.012
0.121939
0.129435
0.0945
0.148
0.010989
0.111888
0.1855
0.142
0.0904096
0.158
0.162837
0.0749625
0.1485
0.156922
0.136
0.158841
0.12044
0.169745
0.1705
0.158841
0.1455
0.015
0.141359
0.197
0.102449
0.0169745
0.099351
0.116326
0.0194903
0.143142
0.1245
0.0945
0.1865
0.007996
0.147
0.0254745
0.126
0.0189715
0.0997506
0.1135
0.0754246
0.143
0.1915
0.136932
0.069965
0.155422
0.1195
0.100798
0.0075
0.132867
0.134933
0.1585
0.136727
0.1545
0.136
0.00997506
0.123377
0.1795
0.1215
0.0464304
0.143428
0.145927
0.1435
0.158342
0.176912
0.164835
0.10989
0.145
0.06
0.123315
0.1915
0.0745
0.111
0.1615
0.160759
0.168916
0.156843
0.0055
0.1475
0.0849575
0.101949
0.12987
0.166833
0.162837
0.151273
0.152695
0.1015
0.1135
0.1285
0.0309536
0.174
0.021989
0.155422
0.139291
0.156922
0.00849151
0.1465
0.152348
0.171
0.1065
0.02
0.118382
0.173
0.1415
0.126
0.00649026
0.15976
0.0189905
0.123438
0.156922
0.107892
0.0934066
0.129935
0.1415
0.12094
0.104
0.0145
0.0604396
0.182
0.112444
0.0045
0.052
0.16517
0.027986
0.1325
0.152348
0.009
0.131868
0.008
0.0154923
0.01
0.14093
0.156922
0.0949051
0.009
0.1695
0.018
0.064
0.138
0.0109945
0.127
0.1585
0.008
0.06
0.142786
0.144
0.019
0.00499251
0.116766
0.15992
0.115
0.0249501
0.013
0.00649026
0.131
0.0989011
0.11994
0.13993
0.0795
0.0935
0.131934
0.156765
0.0819181
0.0105
0.126
0.154
0.151697
0.153923
0.119
0.126937
0.0294705
0.113443
0.194
0.011994
0.11994
0.0274725
0.161515
0.159341
0.136932
0.178
0.139291
0.0095
0.130869
0.141429
0.0224888
0.0925
0.115826
0.0943585
0.009
0.164835
0.1435
0.0909091
0.139
0.113886
0.122317
0.101
0.011
0.164
0.127872
0.010989
0.1295
0.16
0.117
0.131434
0.154
0.111222
0.131
0.171414
0.1015
0.142429
0.036
0.1135
0.0085
0.121
0.127936
0.158921
0.172827
0.0304543
0.137294
0.167916
0.157421
0.0125
0.0035
0.0264471
0.031984
0.0184908
0.110945
0.0778443
0.111888
0.169415
0.152924
0.131934
0.0145
0.144566
0.034
0.1165
0.0858712
0.11994
0.136
0.149351
0.005
0.14093
0.0229885
0.1825
0.127
0.177411
0.124
0.00649351
0.128
0.152272
0.114
0.138
0.10989
0.168916
0.156
0.152424
0.0909091
0.118441
0.134865
0.169415
0.15976
0.142
0.129
0.1205
0.141429
0.008
0.142
0.16
0.0949051
0.136
0.1145
0.037981
0.208791
0.10045
0.0504748
0.146354
0.147926
0.109445
0.162919
0.130305
0.0723914
0.078
0.1255
0.108891
0.0689311
0.009
0.1545
0.0155
0.130804
0.0134933
0.112774
0.0069965
0.0884558
0.122378
0.077
0.116766
0.125312
0.143428
0.09
0.132934
0.0349301
0.1385
0.2145
0.026
0.0174913
0.021989
0.112444
0.1725
0.158
0.00649675
0.181727
0.108337
0.0169745
0.135297
0.112444
0.110945
0.076
0.17
0.012
0.141929
0.1365
0.013
0.022
0.1575
0.109835
0.1715
0.129435
0.141429
0.142
0.061
0.118762
0.125312
0.1195
0.143784
0.00949051
0.117
0.122
0.110945
0.1585
0.084
0.0075
0.00949525
0.0669665
0.158421
0.099351
0.162837
0.151424
0.009
0.0999001
0.0229885
0.1205
0.157421
0.146354
0.0374438
0.13
0.133
0.132735
0.094
0.0115
0.1425
0.139
0.129435
0.142
0.103448
0.10989
0.009
0.1315
0.0144928
0.0894553
0.17941
0.1115
0.16
0.1065
0.1415
0.11
0.147926
0.156922
0.167916
0.010989
0.1115
0.145355
0.00799201
0.103448
0.100899
0.024
0.047952
0.0944056
0.115
0.11
0.138
0.0174738
0.133367
0.110279
0.0045
0.102449
0.0944056
0.02
0.127373
0.142
0.158841
0.153923
0.0769615
0.141
0.0944528
0.1415
0.099
0.145636
0.00698952
0.162
0.162837
0.0909091
0.1195
0.138861
0.00899101
0.1675
0.125937
0.135932
0.0134933
0.0055
0.145927
0.129935
0.1145
0.123938
0.121318
0.164918
0.136727
0.125437
0.161178
0.146853
0.0464304
0.0708937
0.1045
0.142
0.1135
0.128807
0.155766
0.1155
0.0025
0.1275
0.1145
0.143142
0.151848
0.00998502
0.1175
0.142857
0.174
0.125937
0.148777
0.0184723
0.1675
0.077
0.1215
0.0955
0.176912
0.0744628
0.1365
0.122255
0.122754
0.0909091
0.104948
0.106947
0.141288
0.1285
0.0819181
0.00899101
0.10045
0.1715
0.0169745
0.0209581
0.0605
0.16042
0.133
0.00599101
0.00649351
0.152847
0.0965
0.146927
0.1285
0.162919
0.1235
0.103448
0.0918622
0.126937
0.1545
0.0555
0.112887
0.024
0.1335
0.121939
0.1145
0.0923615
0.0923615
0.0174913
0.135365
0.111444
0.149425
0.1265
0.1235
0.09995
0.169745
0.0905
0.018
0.125437
0.157343
0.0229656
0.0884558
0.0854573
0.136932
0.183
0.110945
0.157
0.110279
0.129177
0.175912
0.02997
0.13
0.1175
0.00949525
0.157186
0.129
0.0184908
0.0174738
0.015
0.0555
0.123438
0.1745
0.164
0.0184723
0.155844
0.0389416
0.153
0.061
0.139
0.0669665
0.106
0.0095
0.0505
0.11
0.0095
0.17033
0.116267
0.00449775
0.1215
0.005
0.020979
0.153423
0.149425
0.156922
0.015992
0.1575
0.127936
0.009995
0.142358
0.143428
0.102449
0.116
0.118
0.153194
0.0963074
0.0895
0.130935
0.1105
0.0985
0.1805
0.146853
0.1605
0.144928
0.12044
0.01
0.124875
0.138
0.0955
0.111944
0.1455
0.0155
0.19321
0.113886
0.02
0.162
0.148926
0.0154845
0.1585
0.158342
0.0644678
0.0205
0.148352
0.009995
0.006
0.152
0.0304543
0.165252
0.133433
0.18032
0.08
0.156344
0.129935
0.126937
0.121379
0.112444
0.167
0.0155
0.141929
0.1545
0.0694653
0.0744628
0.155422
0.017
0.0225
0.102449
0.141929
0.0225
0.124438
0.1495
0.1455
0.127808
0.0749625
0.014
0.007
0.159341
0.089
0.124938
0.035
0.137862
0.152348
0.145927
0.015992
0.1045
0.06
0.14043
0.010978
0.146354
0.167916
0.0285
0.00749251
0.167
0.0275
0.125
0.1395
0.175
0.1065
0.1545
0.1415
0.131934
0.0205
0.0904096
0.161178
0.147926
0.0694653
0.047952
0.1245
0.1545
0.0274177
0.00949525
0.142358
0.111944
0.1365
0.128
0.1565
0.115884
0.132801
0.1085
0.1105
0.00449775
0.120879
0.076
0.018
0.1665
0.155345
0.139
0.0873689
0.112388
0.141288
0.083958
0.00349825
0.18
0.0555
0.164753
0.1135
0.017
0.1425
0.106394
0.151924
0.0114885
0.135796
0.178911
0.0209581
0.0124813
0.151924
0.1365
0.0174913
0.055
0.125312
0.119261
0.0694653
0.125937
0.0539461
0.125375
0.1065
0.1585
0.109945
0.0927681
0.089
0.1265
0.135932
0.146427
0.00999001
0.1405
0.1115
0.105
0.123938
0.012
0.126747
0.118441
0.076
0.134
0.132934
0.0713929
0.021989
0.0729635
0.138
0.169246
0.0605
0.0404798
0.0174913
0.182318
0.172328
0.126248
0.00749625
0.13993
0.168248
0.172914
0.1405
0.114329
0.146354
0.169415
0.0888224
0.177411
0.0504496
0.1565
0.102449
0.1065
0.0833749
0.0689655
0.131
0.1495
0.168248
0.148
0.0605
0.14008
0.0105
0.155345
0.112332
0.155422
0.0944528
0.125
0.0864136
0.133933
0.117324
0.157186
0.1285
0.0904096
0.0314843
0.144
0.156422
0.175912
0.1135
0.00649675
0.116766
0.117941
0.138
0.164
0.117823
0.0184723
0.171828
0.1085
0.162919
0.012475
0.12475
0.1535
0.1635
0.134433
0.182
0.121878
0.145781
0.120758
0.1475
0.145781
0.004
0.021989
0.0729635
0.1415
0.0149775
0.143428
0.132867
0.1545
0.0849575
0.162
0.179
0.0888224
0.122754
0.145781
0.147
0.013
0.162
0.098
0.135
0.170415
0.031
0.152424
0.1465
0.1695
0.161178
0.0689311
0.149425
0.1125
0.103448
0.108
0.129935
0.0555
0.122816
0.052
0.116326
0.144284
0.0249626
0.0989505
0.1125
0.043978
0.181727
0.123377
0.112
0.162257
0.0345
0.00948577
0.0055
0.107838
0.13986
0.111944
0.161178
0.02
0.010989
0.0884558
0.1502
0.1585
0.0975
0.1265
0.126937
0.0705
0.151
0.109
0.149
0.111222
0.170829
0.137931
0.177411
0.109281
0.1135
0.1465
0.143856
0.085
0.101
0.0274177
0.125937
0.155611
0.071964
0.0604396
0.157842
0.122939
0.104
0.0835
0.0734266
0.0949051
0.0833749
0.0365
0.1085
0.0884558
0.117383
0.0613772
0.134
0.0838742
0.115884
0.09
0.0909545
0.18091
0.1145
0.023
0.164
0.0384808
0.116442
0.132934
0.0997506
0.0848303
0.103948
0.1365
0.164918
0.0155
0.182
0.0065
0.11994
0.112444
0.109336
0.188406
0.0975
0.145781
0.135932
0.11994
0.124938
0.1085
0.157264
0.161757
0.0983525
0.155267
0.130435
0.013993
0.131369
0.0899101
0.00948577
0.156922
0.15984
0.0055
0.1315
0.148
0.066
0.125312
0.0834166
0.184408
0.158
0.122939
0.0838323
0.167832
0.123315
0.147279
0.157186
0.1265
0.126937
0.022
0.1535
0.00749625
0.078
0.0909091
0.142929
0.152424
0.152
0.176412
0.147926
0.125
0.162338
0.0999001
0.172827
0.126747
0.0289855
0.1435
0.031
0.0149925
0.1645
0.013986
0.0185
0.0965
0.194
0.0503992
0.104
0.153
0.135297
0.125187
0.13979
0.158841
0.0045
0.0225
0.0968547
0.157421
0.011988
0.105894
0.0713929
0.135365
0.116
0.128436
0.112388
0.162837
0.0189715
0.164753
0.16
0.123
0.1155
0.00649351
0.0814593
0.105
0.171414
0.141858
0.004
0.153923
0.143856
0.1025
0.017973
0.059
0.1125
0.0135
0.135
0.0114828
0.126437
0.004
0.142
0.0045
0.0918622
0.00849151
0.1575
0.0149775
0.13979
0.117823
0.111944
0.0954523
0.118441
0.124
0.138
0.1275
0.132867
0.06
0.1105
0.156188
0.135297
0.1205
0.118441
0.1505
0.0844578
0.118382
0.0699301
0.00749251
0.16042
0.140859
0.1385
0.0309845
0.084
0.1615
0.1575
0.117383
0.00549176
0.122439
0.147353
0.138
0.14036
0.1145
0.141359
0.117823
0.176912
0.156422
0.1195
0.126374
0.0385
0.097
0.112444
0.143784
0.171
0.1195
0.156
0.138
0.0694653
0.147353
0.165417
0.130435
0.00549725
0.0969515
0.142
0.0749625
0.0095
0.131369
0.131934
0.144212
0.14985
0.10989
0.1675
0.134433
0.179
0.157186
0.0699301
0.1285
0.121817
0.132934
0.028971
0.117
0.1445
0.135864
0.1265
0.022
0.127
0.031
0.12044
0.156422
0.0944056
0.164
0.0923615
0.120879
0.011994
0.108
0.0694653
0.171828
0.16092
0.019
0.00599101
0.00798802
0.09336
0.109391
0.167333
0.113443
0.153846
0.1105
0.169915
0.197
0.144
0.1135
0.041979
0.009
0.00699301
0.00649351
0.107446
0.161
