0.302349
0.256872
0.25987
0.2675
0.282859
0.2315
0.262606
0.265867
0.270865
0.30035
0.2625
0.284715
0.271
0.257371
0.267
0.221279
0.2555
0.253
0.234
0.272864
0.189311
0.293267
0.272591
0.22028
0.265867
0.3065
0.281219
0.282859
0.2725
0.267
0.230385
0.2955
0.2475
0.274813
0.277861
0.2515
0.295
0.2495
0.285857
0.208396
0.274588
0.257114
0.2515
0.270958
0.305694
0.236645
0.264104
0.202797
0.203593
0.217891
0.230885
0.249375
0.27
0.262606
0.230385
0.170245
0.2655
0.282218
0.2675
0.278861
0.253247
0.2765
0.3065
0.255
0.010479
0.220669
0.274451
0.233
0.2035
0.2525
0.238642
0.2075
0.262606
0.2295
0.282859
0.25
0.196803
0.281359
0.228
0.248
0.273227
0.266867
0.264236
0.234149
0.270095
0.256
0.2645
0.257742
0.252374
0.268
0.271864
0.228
0.271593
0.00649675
0.2485
0.284
0.262
0.26087
0.245
0.248751
0.274863
0.007
0.228
0.224551
0.254873
0.236645
0.2685
0.218064
0.193
0.261108
0.253
0.256372
0.306041
0.264236
0.269
0.237381
0.228
0.010479
0.237381
0.251996
0.271864
0.286
0.251249
0.262369
0.298351
0.307193
0.2395
0.281
0.235
0.267732
0.005997
0.262369
0.228
0.277
0.238381
0.263237
0.2485
0.248128
0.2395
0.234
0.276
0.295352
0.274089
0.257742
0.0055
0.205
0.262238
0.263368
0.192404
0.261608
0.2835
0.243257
0.232767
0.250875
0.246877
0.189
0.2045
0.238
0.213679
0.209685
0.259
0.242258
0.264868
0.249375
0.247876
0.276362
0.268
0.216
0.254873
0.256372
0.238523
0.25987
0.254119
0.225549
0.270865
0.2475
0.217174
0.227386
0.2335
0.003998
0.266867
0.22089
0.24663
0.2445
0.2315
0.24
0.168579
0.227273
0.267366
0.190405
0.262369
0.307193
0.2385
0.231384
0.254119
0.247876
0.273
0.228
0.276362
0.2315
0.2975
0.217174
0.244378
0.270729
0.302697
0.268366
0.28022
0.226387
0.298552
0.226387
0.282717
0.265602
0.275724
0.0044955
0.253746
0.224551
0.250624
0.278582
0.275
0.221
0.262369
0.2395
0.254745
0.275
0.262606
0.193
0.256372
0.224
0.291
0.287356
0.237
0.249
0.248
0.244878
0.235647
0.279
0.247376
0.242636
0.264
0.182
0.267233
0.2415
0.262
0.207896
0.269
0.250749
0.217891
0.223776
0.302849
0.2365
0.2285
0.292
0.2465
0.007
0.223165
0.314843
0.203297
0.234149
0.2475
0.228
0.195902
0.2085
0.0055
0.224663
0.253493
0.271864
0.302849
0.271864
0.2305
0.216
0.274725
0.249875
0.288
0.271
0.2515
0.271364
0.268329
0.233
0.3055
0.23027
0.253746
0.27972
0.285857
0.246254
0.2975
0.270365
0.251374
0.256615
0.287856
0.202797
0.306347
0.264735
0.226887
0.221889
0.244256
0.241879
0.231653
0.2385
0.257114
0.0044955
0.245255
0.282359
0.266867
0.2545
0.228
0.30035
0.275225
0.233383
0.235764
0.22
0.228886
0.2525
0.239641
0.22039
0.253746
0.262238
0.243378
0.142
0.2145
0.2485
0.25025
0.228886
0.285572
0.25586
0.229
0.288212
0.265469
0.2155
0.2655
0.205
0.27936
0.257984
0.260739
0.232
0.263868
0.0115
0.23315
0.235
0.248252
0.249375
0.228158
0.2965
0.248751
0.2405
0.275
0.26
0.291354
0.301349
0.2695
0.010479
0.268098
0.222
0.254873
0.2375
0.3315
0.2235
0.27972
0.216392
0.2095
0.00649026
0.283716
0.010479
0.23
0.257984
0.24663
0.2645
0.22039
0.2185
0.2515
0.283217
0.269865
0.2855
0.2285
0.206
0.281219
0.22028
0.289
0.2165
0.2605
0.299
0.2675
0.2395
0.236382
0.267599
0.267866
0.261608
0.283716
0.262869
0.274725
0.253746
0.213679
0.237881
0.244256
0.230385
0.257485
0.2345
0.257984
0.2935
0.226387
0.265235
0.310345
0.282859
0.256615
0.2465
0.25499
0.271364
0.314
0.233383
0.209291
0.262369
0.2805
0.2965
0.215
0.275862
0.2665
0.264
0.2465
0.228886
0.007
0.305347
0.2305
0.252374
0.272
0.290065
0.227
0.28022
0.237881
0.286
0.252
0.2975
0.295852
0.226387
0.257871
0.254373
0.257485
0.249626
0.225887
0.200599
0.234149
0.2705
0.246877
0.338492
0.255872
0.27936
0.286
0.284216
0.245877
0.208687
0.235
0.2545
0.2595
0.245
0.006
0.2795
0.242636
0.2655
0.204296
0.236382
0.218282
0.274451
0.281359
0.237
0.232
0.282859
0.262
0.208396
0.284
0.228386
0.28971
0.26
0.251123
0.249875
0.2635
0.0124938
0.24014
0.282859
0.263605
0.2465
0.2725
0.00999001
0.2395
0.241276
0.225662
0.258242
0.2035
0.18513
0.26
0.2645
0.27986
0.233383
0.2265
0.21029
0.1925
0.225887
0.227386
0.263868
0.2915
0.284
0.192904
0.252248
0.274314
0.0049975
0.251249
0.291
0.295352
0.25974
0.259
0.2345
0.277584
0.254119
0.261477
0.215
0.272455
0.267366
0.25987
0.256372
0.195402
0.2475
0.235647
0.245877
0.2375
0.234765
0.2245
0.24026
0.257
0.2455
0.255489
0.257
0.218391
0.234883
0.276362
0.268
0.00649026
0.236264
0.242757
0.289566
0.220779
0.237381
0.200599
0.203094
0.2455
0.27023
0.2575
0.229156
0.287856
0.256872
0.271364
0.246877
0.282359
0.25974
0.280719
0.257614
0.290065
0.2975
0.240639
0.2695
0.2175
0.242137
0.231653
0.248252
0.2895
0.2145
0.217891
0.282
0.3005
0.2555
0.2795
0.236146
0.254373
0.265
0.2345
0.243014
0.0085
0.238881
0.291854
0.245132
0.205794
0.216392
0.182
0.0585
0.2435
0.304348
0.224888
0.269
0.219
0.2425
0.253
0.2545
0.284216
0.252874
0.233
0.262869
0.267
0.012475
0.218282
0.241276
0.23027
0.252248
0.243878
0.2815
0.2745
0.2975
0.251497
0.232268
0.279
0.2305
0.241
0.282
0.242
0.214678
0.3065
0.295852
0.232767
0.261
0.27972
0.294853
0.277223
0.262
0.227386
0.22039
0.005
0.245
0.2325
0.266
0.234883
0.233
0.2225
0.2875
0.278861
0.304848
0.245
0.276862
0.242636
0.222389
0.249626
0.00449775
0.2465
0.263368
0.288212
0.2575
0.237881
0.221
0.2465
0.2645
0.2105
0.241379
0.247006
0.238523
0.2725
0.2335
0.271728
0.233
0.275362
0.222
0.2545
0.2065
0.306847
0.261869
0.217391
0.2465
0.2435
0.222777
0.277861
0.264236
0.242016
0.275
0.236382
0.0044955
0.235764
0.236146
0.235
0.2765
0.239
0.2545
0.22028
0.2505
0.21939
0.238
0.254119
0.2565
0.242379
0.247253
0.278942
0.2745
0.2395
0.256743
0.291
0.2585
0.280439
0.2625
0.0124875
0.269825
0.226
0.226387
0.276946
0.2565
0.26087
0.276
0.246877
0.236645
0.28971
0.249375
0.269
0.272591
0.012475
0.224775
0.277361
0.1925
0.294558
0.25362
0.22
0.240639
0.245754
0.2285
0.287069
0.2615
0.282859
0.2215
0.297702
0.23
0.0055
0.278582
0.231653
0.293706
0.267964
0.233883
0.238642
0.269865
0.298351
0.176735
0.257371
0.282359
0.270865
0.261
0.285
0.2975
0.2615
0.2805
0.254873
0.257855
0.264104
0.2345
0.2765
0.004
0.247876
0.252874
0.237
0.274863
0.261347
0.255
0.229156
0.273363
0.228386
0.2575
0.232884
0.18513
0.283075
0.236763
0.273
0.228
0.2295
0.192404
0.243257
0.257
0.2325
0.2585
0.251748
0.271864
0.2525
0.269
0.284858
0.236
0.232767
0.28008
0.243
0.2999
0.2505
0.266234
0.195402
0.265968
0.233883
0.231384
0.223888
0.271364
0.2695
0.27581
0.245
0.2635
0.268
0.2415
0.236382
0.239261
0.2535
0.261608
0.254373
0.00649675
0.247376
0.261369
0.231
0.256872
0.2895
0.279
0.276946
0.225887
0.238
0.271864
0.0055
0.271
0.007
0.315342
0.277223
0.250875
0.235647
0.2645
0.2585
0.237
0.205
0.264
0.277361
0.253746
0.282
0.2495
0.2555
0.264236
0.273726
0.202797
0.2475
0.216
0.273
0.247376
0.224551
0.242258
0.274363
0.231653
0.275
0.282359
0.0025
0.238881
0.26024
0.2655
0.247
0.242879
0.292354
0.00998004
0.235
0.30969
0.2395
0.273363
0.2795
0.265367
0.0065
0.154423
0.194805
0.2395
0.224388
0.228886
0.2805
0.2545
0.264236
0.2615
0.257855
0.205
0.234383
0.26087
0.244
0.226274
0.283217
0.2475
0.233
0.302849
0.2775
0.274089
0.2995
0.275087
0.208396
0.2165
0.309845
0.22977
0.257371
0.2415
0.2585
0.2585
0.227772
0.2175
0.1955
0.295
0.271364
0.010479
0.283716
0.2545
0.247376
0.242258
0.2605
0.26973
0.250749
0.248
0.285714
0.2095
0.254873
0.248376
0.2575
0.235764
0.005
0.251
0.2345
0.275225
0.253247
0.228
0.2945
0.2365
0.273
0.288356
0.2505
0.293706
0.253746
0.213393
0.2495
0.2885
0.279081
0.235647
0.266234
0.26
0.2685
0.285714
0.262369
0.24663
0.235147
0.225662
0.2655
0.286357
0.275362
0.003998
0.231653
0.2775
0.25187
0.239641
0.272228
0.218391
0.2585
0.261869
0.2625
0.265
0.228
0.285857
0.231
0.237
0.1935
0.233883
0.255617
0.004
0.0085
0.2985
0.239641
0.268329
0.223888
0.274725
0.315342
0.2095
0.271728
0.279
0.247876
0.2445
0.26
0.189311
0.254119
0.299
0.2975
0.271322
0.233
0.166
0.2185
0.2965
0.243878
0.142
0.286
0.263868
0.0114885
0.263105
0.2495
0.2435
0.296
0.249375
0.191
0.257
0.263868
0.2685
0.222889
0.263
0.278861
0.189
0.269865
0.202797
0.292854
0.004
0.25
0.282859
0.23938
0.2925
0.2775
0.295704
0.282
0.2655
0.2745
0.2435
0.2585
0.2735
0.2485
0.244878
0.281859
0.002
0.2585
0.232384
0.266
0.305347
0.252
0.241758
0.208396
0.262869
0.261347
0.22
0.257
0.230769
0.2635
0.2325
0.26087
0.222389
0.2225
0.312344
0.229271
0.295
0.205295
0.252248
0.2735
0.22977
0.218282
0.334
0.3055
0.223
0.203898
0.250249
0.268098
0.293353
0.274363
0.245754
0.2575
0.003998
0.25025
0.245877
0.287356
0.212894
0.2045
0.248503
0.286
0.0085
0.267366
0.2445
0.255872
0.269
0.271864
0.245255
0.2655
0.245255
0.271728
0.313187
0.256743
0.246008
0.242879
0.2585
0.206
0.276362
0.2667
0.26
0.293353
0.2345
0.233267
0.0025
0.0065
0.236
0.292354
0.249375
0.274725
0.2965
0.287069
0.199201
0.279
0.271
0.260739
0.238642
0.268
0.262369
0.244256
0.27972
0.2685
0.24014
0.254119
0.261108
0.2505
0.288356
0.214678
0.010479
0.2575
0.22977
0.231
0.2175
0.276362
0.264104
0.231
0.271364
0.294
0.264735
0.228
0.284858
0.247129
0.282717
0.267233
0.273363
0.2905
0.266733
0.226773
0.254745
0.277084
0.226887
0.285
0.275225
0.28971
0.25025
0.216
0.216
0.225275
0.228
0.243878
0.2735
0.255617
0.271
0.2765
0.276362
0.2465
0.2999
0.192904
0.26
0.257
0.267366
0.253247
0.2345
0.267233
0.237
0.2685
0.254246
0.233883
0.2605
0.276585
0.1925
0.289
0.2505
0.0045
0.268
0.297351
0.264
0.265
0.216675
0.230155
0.00649675
0.227
0.246877
0.237
0.306041
0.2405
0.271
0.252621
0.308346
0.290855
0.231153
0.254373
0.249875
0.234765
0.30969
0.271322
0.261869
0.271593
0.261608
0.252
0.264236
0.245377
0.265
0.195706
0.289211
0.208396
0.284858
0.209395
0.243
0.2165
0.298053
0.233883
0.2505
0.228886
0.247
0.26497
0.252747
0.0209895
0.247876
0.236264
0.297351
0.22089
0.2665
0.2798
0.278861
0.269865
0.264368
0.005997
0.276362
0.270365
0.26024
0.208396
0.246877
0.253247
0.1795
0.0174913
0.233034
0.270095
0.234149
0.228928
0.260609
0.221889
0.285
0.2265
0.0055
0.251123
0.228543
0.256615
0.223888
0.243378
0.289855
0.222777
0.295852
0.278942
0.259
0.234648
0.28022
0.2405
0.271364
0.269865
0.244
0.266
0.212894
0.199501
0.266367
0.284358
0.2355
0.21978
0.227386
0.271864
0.2545
0.2295
0.263
0.256116
0.284
0.0124875
0.2395
0.241758
0.274725
0.2575
0.199501
0.26
0.251374
0.25987
0.257
0.230385
0.287
0.248252
0.262369
0.237381
0.254
0.261
0.235647
0.2305
0.2395
0.267
0.278582
0.277445
0.243878
0.297351
0.2705
0.2385
0.224775
0.254373
0.2475
0.252248
0.2999
0.222
0.271956
0.222389
0.253373
0.273363
0.235
0.2575
0.2605
0.1915
0.228429
0.285
0.243257
0.2395
0.273
0.2955
0.25025
0.2175
0.253
0.243756
0.234765
0.241138
0.277361
0.276086
0.223888
0.257371
0.247
0.287069
0.245
0.009
0.226887
0.22028
0.2185
0.234765
0.2085
0.217565
0.289855
0.247376
0.2315
0.239
0.261108
0.280719
0.24038
0.2985
0.247
0.28971
0.25
0.243257
0.247
0.3005
0.252122
0.276723
0.22
0.230155
0.1825
0.212787
0.2755
0.266733
0.226887
0.228
0.2575
0.259111
0.255
0.264236
0.294853
0.2405
0.233
0.2455
0.2305
0.2565
0.234266
0.234883
0.276862
0.2095
0.282717
0.0149925
0.243
0.217565
0.229
0.168248
0.243257
0.263368
0.285643
0.266367
0.256615
0.2145
0.276362
0.242879
0.242757
0.0115
0.25987
0.251497
0.2485
0.232
0.202797
0.2645
0.282717
0.2415
0.2125
0.211577
0.254873
0.244
0.26497
0.2825
0.249875
0.305042
0.245754
0.2385
0.256372
0.276723
0.2465
0.0114885
0.246377
0.273
0.255489
0.23315
0.277084
0.176912
0.2785
0.253247
0.265734
0.251874
0.265367
0.243878
0.299
0.2345
0.009
0.226887
0.007
0.242258
0.263237
0.2695
0.262737
0.297351
0.23315
0.245255
0.316342
0.2045
0.28
0.264
0.302697
0.1925
0.1915
0.221889
0.294
0.23988
0.24
0.237762
0.241
0.0044955
0.2005
0.257
0.27
0.281
0.245
0.223888
0.256372
0.242879
0.288356
0.26
0.293706
0.272
0.243
0.284858
0.247376
0.233
0.245
0.2085
0.2465
0.2595
0.1915
0.272
0.265968
0.247629
0.296352
0.284
0.23315
0.203297
0.201
0.243257
0.25974
0.247
0.2585
0.269
0.2915
0.217
0.218282
0.298851
0.2665
0.203297
0.28022
0.2765
0.2145
0.243878
0.244
0.2195
0.257485
0.261108
0.28971
0.229
0.216392
0.232384
0.2635
0.243257
0.230385
0.231
0.00449775
0.2535
0.270865
0.251623
0.207896
0.226387
0.281359
