0.201697
0.235
0.177645
0.216892
0.244
0.232
0.218282
0.2465
0.251249
0.185907
0.218391
0.004
0.208188
0.137
0.230654
0.248376
0.204898
0.1855
0.216892
0.224
0.202298
0.248876
0.175912
0.239641
0.251
0.256244
0.229
0.2385
0.196803
0.009
0.177411
0.251
0.212288
0.190215
0.222
0.164
0.247876
0.234765
0.01
0.006
0.247876
0.272
0.225
0.2375
0.222777
0.1405
0.186907
0.0065
0.2345
0.222666
0.2565
0.175412
0.248627
0.111
0.203
0.007996
0.173826
0.211682
0.21
0.226387
0.134232
0.16983
0.237881
0.218
0.213
0.208896
0.190905
0.00698952
0.213893
0.183816
0.203796
0.198
0.207396
0.1975
0.213893
0.205691
0.203898
0.229271
0.201899
0.202399
0.187812
0.23988
0.216
0.215285
0.176412
0.202899
0.22039
0.230654
0.158
0.00549451
0.216176
0.258612
0.0125
0.224276
0.216
0.210895
0.156
0.202399
0.2009
0.238
0.218781
0.226387
0.2004
0.218781
0.237381
0.278361
0.213893
0.202899
0.131868
0.158
0.186
0.219
0.111
0.224276
0.206397
0.19
0.187812
0.16042
0.18803
0.289
0.217955
0.205794
0.184908
0.249
0.213
0.191904
0.253373
0.186314
0.227
0.228386
0.226887
0.0244755
0.172
0.236882
0.234
0.236264
0.174413
0.218391
0.0164918
0.231
0.225162
0.212
0.00999001
0.223776
0.209
0.21978
0.1975
0.1785
0.100899
0.227886
0.1825
0.009995
0.176324
0.1885
0.2445
0.2095
0.233267
0.2009
0.164
0.1775
0.00799201
0.1805
0.172328
0.173327
0.215676
0.212288
0.222889
0.190905
0.225
0.2365
0.0049975
0.009995
0.2
0.160679
0.207
0.228543
0.226274
0.239
0.18032
0.214072
0.185907
0.1705
0.1835
0.2345
0.166417
0.191404
0.2435
0.204795
0.166417
0.251123
0.230769
0.229
0.229385
0.238381
0.23938
0.2175
0.017991
0.242757
0.231
0.209291
0.244
0.218781
0.154
0.230654
0.231038
0.227772
0.00749625
0.207896
0.211788
0.233383
0.245
0.23938
0.2255
0.213
0.1645
0.0309845
0.236763
0.2345
0.2255
0.2325
0.231153
0.184908
0.192404
0.210395
0.23315
0.226161
0.202298
0.175824
0.234383
0.195902
0.189905
0.2595
0.179142
0.254873
0.007996
0.00998502
0.183
0.191
0.182136
0.00549725
0.1915
0.227
0.224551
0.198302
0.249501
0.221
0.218391
0.214785
0.1685
0.212
0.208292
0.1995
0.2275
0.1999
0.1995
0.226
0.16
0.250875
0.2175
0.201299
0.223
0.237381
0.196902
0.264368
0.194
0.157842
0.00748877
0.21978
0.25987
0.203796
0.1955
0.158
0.24088
0.24
0.223665
0.166
0.267233
0.248128
0.203
0.221389
0.222777
0.206793
0.231269
0.0069965
0.253373
0.221279
0.203
0.1685
0.203398
0.198
0.208896
0.218781
0.2405
0.191213
0.183225
0.228886
0.212182
0.221389
0.1999
0.1745
0.012
0.2475
0.1855
0.218282
0.192212
0.223776
0.1865
0.141288
0.214678
0.012
0.2605
0.196902
0.241138
0.04995
0.229885
0.232268
0.1805
0.231768
0.1715
0.211682
0.203297
0.202298
0.228886
0.205897
0.222
0.237881
0.187625
0.2545
0.2125
0.195902
0.192807
0.0114885
0.2215
0.205397
0.19031
0.192308
0.167916
0.1745
0.207
0.214179
0.147279
0.247876
0.215392
0.192404
0.230885
0.2015
0.1805
0.2135
0.228886
0.193903
0.1775
0.239261
0.206793
0.235
0.172
0.242636
0.206793
0.16
0.216
0.22017
0.247629
0.163011
0.166417
0.274
0.166417
0.2075
0.1955
0.2085
0.203
0.2175
0.200799
0.015976
0.152847
0.147353
0.194403
0.2335
0.00949525
0.212394
0.191
0.175824
0.2004
0.1965
0.158
0.206793
0.128
0.183816
0.246131
0.264
0.2065
0.23938
0.2555
0.231269
0.22
0.23027
0.1525
0.245132
0.20509
0.2165
0.195207
0.22
0.233
0.0454319
0.216892
0.205897
0.186813
0.2135
0.28086
0.2285
0.234
0.205691
0.131868
0.238
0.201399
0.234648
0.1515
0.2115
0.183
0.23315
0.23027
0.184908
0.190405
0.188312
0.237381
0.203898
0.206191
0.2065
0.2075
0.1725
0.175
0.183816
0.233383
0.2045
0.2065
0.2295
0.249375
0.238881
0.165
0.201399
0.229156
0.206294
0.2605
0.2025
0.021
0.206897
0.00649026
0.258
0.250875
0.165
0.2065
0.0104948
0.218282
0.206191
0.192212
0.207792
0.207396
0.1965
0.207896
0.222777
0.233267
0.232268
0.172414
0.161919
0.2135
0.1855
0.206191
0.181909
0.221389
0.1255
0.238881
0.236264
0.2365
0.244256
0.194
0.00849575
0.191904
0.015976
0.215
0.268866
0.233
0.1535
0.1825
0.226274
0.229541
0.210895
0.008
0.215892
0.194611
0.184908
0.238
0.176412
0.197802
0.1995
0.25
0.2175
0.199301
0.206191
0.250875
0.249501
0.214893
0.174913
0.21978
0.2255
0.197802
0.004
0.263
0.223388
0.1805
0.183134
0.192212
0.0309845
0.197401
0.246131
0.223665
0.1725
0.203
0.202399
0.1635
0.204296
0.202298
0.2265
0.2175
0.223388
0.216
0.1995
0.193307
0.15327
0.217283
0.235882
0.131369
0.230885
0.245255
0.248
0.151273
0.228
0.141288
0.194805
0.221
0.2175
0.248376
0.225887
0.17973
0.211289
0.221389
0.146927
0.007
0.213893
0.214678
0.228886
0.176735
0.145927
0.282
0.245
0.217891
0.0345
0.212681
0.2335
0.248128
0.2435
0.2045
0.196
0.217565
0.205397
0.242016
0.185814
0.213893
0.156843
0.217283
0.152424
0.2325
0.201
0.2075
0.182726
0.206397
0.147279
0.2545
0.164
0.228158
0.204398
0.238381
0.234765
0.152
0.221889
0.103448
0.246377
0.2255
0.2235
0.258113
0.204296
0.168
0.2125
0.161919
0.211183
0.247876
0.0279581
0.24014
0.26037
0.1985
0.18803
0.252
0.1845
0.2515
0.1575
0.244256
0.018
0.205897
0.1735
0.225
0.2445
0.245255
0.216
0.2055
0.207896
0.251123
0.209895
0.213393
0.054
0.1515
0.254373
0.223388
0.210895
0.161838
0.155922
0.231269
0.015
0.009995
0.016
0.255372
0.208
0.248876
0.177733
0.250875
0.18981
0.171828
0.198104
0.013979
0.1255
0.218781
0.210895
0.190809
0.2185
0.17033
0.201299
0.202298
0.1855
0.174913
0.2255
0.184132
0.0105
0.198401
0.2235
0.171914
0.202399
0.236264
0.1465
0.145927
0.2265
0.196
0.192308
0.194903
0.2745
0.00849575
0.177234
0.201899
0.1735
0.2375
0.214393
0.2155
0.174913
0.2125
0.014
0.1998
0.187
0.206793
0.0174825
0.251123
0.2255
0.2265
0.217782
0.219171
0.23315
0.213393
0.2009
0.237
0.182
0.1625
0.2065
0.230385
0.196902
0.193903
0.258612
0.188
0.1885
0.259111
0.216892
0.2355
0.253373
0.192
0.191213
0.209395
0.18803
0.04995
0.206793
0.00749625
0.209
0.00649026
0.28086
0.215392
0.00799201
0.192308
0.133933
0.2045
0.0529735
0.189405
0.207396
0.2105
0.201899
0.2435
0.2595
0.231384
0.242879
0.196902
0.201399
0.19321
0.175
0.015
0.216
0.00898652
0.24975
0.203
0.222777
0.2235
0.252874
0.264104
0.008
0.23315
0.191904
0.201798
0.177822
0.2235
0.222889
0.161919
0.1415
0.242757
0.244389
0.2185
0.191404
0.225387
0.206191
0.188623
0.0105
0.226387
0.226773
0.249375
0.242016
0.229385
0.233383
0.203
0.233
0.197401
0.234765
0.1405
0.22039
0.2325
0.184723
0.233267
0.173913
0.2545
0.205397
0.0923615
0.1405
0.229271
0.229885
0.006
0.0009995
0.168
0.214072
0.188312
0.197204
0.2125
0.177411
0.272
0.2345
0.23315
0.212288
0.2305
0.242016
0.147279
0.2355
0.2405
0.247876
0.199
0.00899101
0.165586
0.0374813
0.195902
0.227
0.2105
0.182409
0.171742
0.192
0.2265
0.215676
0.225
0.2235
0.177645
0.025974
0.206191
0.217673
0.22006
0.215676
0.213893
0.218173
0.254873
0.212
0.170915
0.2605
0.131369
0.244389
0.213074
0.212182
0.19321
0.164
0.266733
0.268366
0.271093
0.2185
0.174564
0.237881
0.211394
0.217782
0.213393
0.219
0.190405
0.176412
0.231269
0.18
0.26024
0.202696
0.222889
0.191904
0.0275
0.182726
0.182
0.214393
0.229385
0.203
0.154269
0.217955
0.1915
0.165
0.0065
0.00799201
0.201899
0.248876
0.206
0.210895
0.211394
0.2135
0.190215
0.209895
0.258
0.1795
0.152424
0.223388
0.201399
0.1885
0.191712
0.2145
0.206793
0.213287
0.1635
0.223665
0.143928
0.196803
0.155922
0.155922
0.264104
0.222889
0.2205
0.2265
0.192
0.0145
0.198401
0.0109945
0.1635
0.228886
0.2355
0.186314
0.226387
0.237881
0.2009
0.248128
0.16
0.2165
0.2085
0.188717
0.256244
0.0269865
0.206397
0.2465
0.197106
0.185037
0.228158
0.1715
0.198
0.224888
0.216
0.167416
0.192404
0.244
0.2315
0.236763
0.252747
0.201399
0.198302
0.1725
0.190905
0.215784
0.199
0.192
0.191904
0.203796
0.25987
0.244
0.224388
0.192807
0.2085
0.2185
0.225162
0.2085
0.2235
0.166417
0.192308
0.195
0.215392
0.2255
0.167416
0.18
0.24975
0.239141
0.214893
0.176324
0.149701
0.24
0.248128
0.229156
0.1725
0.181
0.176324
0.2265
0.222777
0.183816
0.1795
0.1635
0.179321
0.266733
0.192404
0.215392
0.04995
0.147778
0.168416
0.162756
0.185907
0.237381
0.184908
0.197
0.206191
0.190215
0.168
0.166417
0.2255
0.216392
0.2175
0.2215
0.166
0.157685
0.162837
0.198401
0.209895
0.0264471
0.213074
0.235882
0.24
0.158342
0.192904
0.008
0.1805
0.2495
0.0189905
0.1625
0.2185
0.20509
0.203
0.21318
0.224276
0.197703
0.216
0.174326
0.2045
0.193918
0.0105
0.234383
0.2185
0.182136
0.209186
0.1845
0.2345
0.186907
0.228543
0.210895
0.23938
0.244755
0.22977
0.209395
0.198901
0.175325
0.153347
0.213393
0.189405
0.238262
0.247629
0.187406
0.136
0.197901
0.165
0.211
0.161919
0.1845
0.063
0.193403
0.172
0.167
0.212681
0.193806
0.2215
0.209895
0.183
0.238381
0.226161
0.248627
0.1695
0.184908
0.2075
0.25
0.217891
0.006
0.209895
0.2035
0.19
0.2009
0.213893
0.264
0.1725
0.169415
0.1685
0.195402
0.254873
0.1715
0.198901
0.1855
0.2485
0.243135
0.2275
0.1805
0.178322
0.210579
0.258612
0.244256
0.2565
0.2365
0.221
0.189905
0.20669
0.164
0.227886
0.2085
0.252874
0.181409
0.2004
0.209291
0.132434
0.231153
0.2365
0.196
0.217673
0.182318
0.221
0.2305
0.1255
0.0115
0.23
0.19321
0.2255
0.206381
0.231
0.197401
0.210789
0.158
0.007
0.1745
0.246008
0.254873
0.167333
0.233
0.154
0.1835
0.00899101
0.1885
0.2225
0.245132
0.231269
0.1815
0.229
0.232651
0.213893
0.221
0.2135
0.158342
0.229885
0.188124
0.239261
0.216
0.193903
0.013979
0.1955
0.2295
0.2009
0.25
0.204398
0.1885
0.224
0.216
0.21989
0.057971
0.025
0.2205
0.232
0.017
0.1785
0.161919
0.223388
0.01
0.221
0.2455
0.150925
0.222666
0.2185
0.149701
0.00949525
0.196402
0.189405
0.0189905
0.216892
0.012
0.244
0.2345
0.214393
0.2345
0.229885
0.234765
0.221389
0.204898
0.175
0.192308
0.164
0.0035
0.215
0.0065
0.212
0.266
0.229
0.22
0.1595
0.2465
0.23988
0.209291
0.1435
0.2315
0.202
0.282
0.201
0.00799201
0.172
0.204398
0.221
0.209395
0.191404
0.210895
0.2275
0.0105
0.232802
0.197901
0.2325
0.219
0.185
0.194
0.103448
0.1994
0.2605
0.177911
0.236146
0.286857
0.216
0.2005
0.201899
0.261369
0.00449326
0.204693
0.205397
0.215784
0.222167
0.244
0.2315
0.178
0.182544
0.1865
0.186907
0.117941
0.251249
0.199
0.00649351
0.221389
0.247
0.208896
0.2605
0.238381
0.221
0.205295
0.230885
0.207
0.2005
0.204194
0.153923
0.211682
0.1635
0.22039
0.217673
0.158
0.175824
0.2175
0.012
0.2605
0.214571
0.2045
0.0275
0.230385
0.197204
0.193918
0.202899
0.218563
0.22039
0.216176
0.18
0.213
0.2455
0.156422
0.215784
0.21978
0.1685
0.223776
0.201899
0.186813
0.225162
0.229885
0.232268
0.270729
0.202399
0.187812
0.218891
0.222389
0.00549725
0.174738
0.2325
0.178322
0.1665
0.176324
0.057971
0.2285
0.217782
0.175412
0.218391
0.202
0.236264
0.213893
0.18041
0.230385
0.229271
0.23988
0.22977
0.212182
0.2415
0.161419
0.214785
0.2345
0.22977
0.28086
0.223
0.1865
0.218173
0.261347
0.2315
0.189405
0.2125
0.252
0.2315
0.203
0.1645
0.276862
0.186907
0.217891
0.224
0.17033
0.0105
0.183816
0.006
0.216
0.187313
0.1765
0.205295
0.24002
0.1835
0.183225
0.155844
0.246507
0.153347
0.209685
0.183908
0.245
0.196
0.151424
0.212394
0.2365
0.186907
0.231269
0.224164
0.183
0.202595
0.206
0.181909
0.187
0.2315
0.2335
0.209395
0.2035
0.017991
0.221
0.2035
0.2075
0.213393
0.018
0.270729
0.21939
0.1955
0.188
0.237644
0.235147
0.2005
0.004
0.1975
0.204898
0.207396
0.215392
0.26024
0.2165
0.00399401
0.164
0.1765
0.174413
0.00649351
0.198901
0.205794
0.201299
0.242016
0.2605
0.152424
0.2545
0.199
0.21989
0.28086
0.246753
0.156843
0.217955
0.193516
0.248627
0.133933
0.246507
0.00549176
0.219
0.250875
0.232
0.223665
0.2375
0.216392
0.1795
0.143856
0.1315
0.207
0.213
0.0179641
0.227886
0.266101
0.199
0.208292
0.241879
0.224052
0.231269
0.2065
0.201399
0.0279581
0.170915
0.242636
0.212
0.2004
0.233
0.004
0.166
0.2215
0.2605
0.209895
0.2065
0.233
0.223888
0.206191
0.23
0.145927
0.203
0.216176
0.242394
0.192
0.250875
0.2065
0.2345
0.190215
0.237263
0.1855
0.063
0.1595
0.229885
0.230654
0.063
0.220779
0.21978
0.191
0.00649675
0.131369
0.208084
0.237
0.237525
0.213
0.258612
0.209395
0.1985
0.156422
0.178322
0.183816
0.16092
0.2315
0.206191
0.240759
0.057971
0.224052
0.171
0.152
0.232884
0.154423
0.211289
0.224888
0.237881
0.26037
0.218282
0.014
0.1715
0.171
0.1635
0.23
0.165
0.2205
0.232651
0.233
0.187
0.185907
0.245
0.143856
0.236882
0.245255
0.244
0.008
0.216176
0.2065
0.2005
0.2002
0.1635
0.0164753
0.204795
0.193403
0.209395
0.229
0.193806
0.229885
0.23938
0.2325
0.202696
0.2025
0.192
0.014
0.216392
0.2175
0.211788
0.237881
0.224
0.1065
0.216783
0.234
0.2275
0.187906
0.233383
0.170915
0.247876
0.222167
0.230385
0.21939
0.005
0.009
0.248128
0.1735
0.193403
0.005
0.246008
0.014
0.1775
0.196607
0.23938
0.2115
0.202298
0.174326
0.196
0.0189905
0.23027
0.245
0.23
0.183
0.237881
0.267099
0.197204
0.0105
0.212394
0.007
0.25
0.2075
0.193903
0.238381
0.237525
0.22039
0.212
0.206897
0.203796
0.252747
0.152424
0.18091
0.159
0.173327
0.00949051
0.2205
0.196607
0.222777
0.204591
0.210895
0.223388
0.1999
0.2335
0.187812
0.175412
0.190405
0.2295
0.216392
0.246377
0.2135
0.193403
0.232268
0.2003
0.188
0.183408
0.181409
0.235882
0.0894553
0.207396
0.198401
0.244
0.213393
0.259111
0.2075
0.1735
0.215784
0.214286
0.207
0.2215
0.197303
0.008
0.014
0.214678
0.218781
0.233
0.240759
0.211183
0.009
0.223
0.244389
0.22039
0.2385
0.201399
0.200699
0.1665
0.193806
0.1995
0.227659
0.191404
0.1535
0.24975
0.143928
0.221389
0.23
0.194805
0.009
0.22017
0.194
0.198302
0.0049975
0.207
0.00999001
0.265968
0.2065
0.195902
0.228657
0.188906
0.251123
0.014
0.170415
0.241259
0.229
0.210895
0.179
0.153769
0.222777
0.231153
0.161919
0.249
0.18
0.229271
0.2555
0.118941
0.1997
0.238381
0.248627
0.23988
0.268866
0.2195
0.1935
0.2075
0.1855
0.193403
0.187812
0.1515
0.231653
0.216
0.209895
0.217
0.205295
0.232651
0.23988
0.2085
0.16092
0.2175
0.192308
0.2095
0.258
0.215177
0.23938
0.252621
0.18091
0.009
0.216176
0.236882
0.131369
0.246
0.229156
0.214179
0.223388
0.22
0.223776
0.204591
0.2105
0.2125
0.203
0.174825
0.203398
0.166833
0.207396
0.182909
0.226434
0.214893
0.2195
0.206793
0.2285
0.229541
0.211394
0.194903
0.173413
0.164918
0.239
0.213893
0.242757
0.0275
0.214393
0.217891
0.2655
0.267233
0.217782
0.018
0.189905
0.184723
0.1855
0.227
0.212394
0.191213
0.182544
0.00799201
0.24975
0.241
0.211183
0.154423
0.194403
0.243878
0.173
0.0374813
0.1925
0.203898
0.201899
0.2345
0.251249
0.216892
0.197303
0.266733
0.2355
0.2455
0.265367
0.2365
0.004995
0.229
0.209
0.198901
0.131868
0.223
0.241018
0.261347
0.214678
0.202399
0.221
0.204795
0.244256
0.185
0.244511
0.177
0.197901
0.186221
0.208
0.00799201
0.248627
0.178055
0.254618
0.1795
0.2055
0.209291
0.202899
0.1705
0.00649675
0.00649675
0.2125
0.168416
0.161419
0.231153
0.00749625
0.17973
0.0049975
0.112444
0.223776
0.2125
0.203
0.188
0.190905
0.1865
0.186
0.1715
0.208791
0.012
0.194903
0.176647
0.202899
0.178055
0.0009995
0.132434
0.0189905
0.215392
0.1985
0.223
0.18091
0.2145
0.158342
0.239
0.171
0.222889
0.184723
0.166
0.23988
0.189405
0.218391
0.237144
0.229385
0.251123
0.187313
0.229271
0.006
0.162756
0.197204
0.23988
0.207688
0.241
0.182136
0.192212
0.272864
0.153423
0.1975
0.202298
0.197802
0.190405
0.206
0.248252
0.154269
0.173
0.185222
0.0174825
0.234648
0.216068
0.247629
0.2125
0.012
0.198
0.2435
0.197303
0.0114885
0.225387
0.195305
0.2075
0.197204
0.22039
0.2285
0.210895
0.1955
0.18032
0.224276
0.2325
0.1845
0.2345
0.2025
0.231153
0.2345
0.2345
0.208292
0.1997
0.2165
0.210789
0.252
0.181409
0.1855
0.2009
0.152424
0.222666
0.2465
0.2285
0.18803
0.198302
0.00849151
0.2009
0.146281
0.1855
0.0189905
0.134232
0.244
0.223665
0.243135
0.267
0.1675
0.210895
0.244
0.184908
0.175
0.186813
0.210895
0.197303
0.00399401
0.267964
0.159341
0.213
0.1465
0.181818
0.216
0.221389
0.25974
0.2365
0.008
0.117941
0.182
0.188
0.2015
0.2005
0.206397
0.196
0.226387
0.187
0.2335
0.229271
0.2175
0.201798
0.22006
0.241379
0.0275
0.203
0.213287
0.174564
0.00949525
0.225887
0.213893
0.1865
0.254373
0.1625
0.246008
0.197901
0.165
0.22666
0.184408
0.1935
0.151424
0.17
0.219171
0.183816
0.229
0.2385
0.2265
0.222889
0.201798
0.207
0.237
0.2205
0.2015
0.207396
0.2315
0.213893
0.155922
0.218891
0.014
0.176412
0.00549725
0.0105
0.188
0.266234
0.190215
0.24975
0.1985
0.186813
0.004
0.231038
0.228158
0.22039
0.218891
0.2015
0.193403
0.186
0.271093
0.174913
0.172414
0.1415
0.1975
0.216783
0.2009
0.1725
0.216392
0.2285
0.198
0.192904
0.1765
0.231269
0.242394
0.224388
0.258741
0.186907
0.202399
0.013986
0.222666
0.00949525
0.173413
0.208896
