0.0425
0.162
0.065
0.0449775
0.117941
0.1115
0.111389
0.153923
0.11982
0.00849575
0.011994
0.203297
0.110334
0.149425
0.0954523
0.037962
0.008
0.142929
0.113
0.0494505
0.161
0.1005
0.121878
0.132
0.132934
0.167
0.0095
0.15992
0.154423
0.129435
0.183
0.1405
0.103948
0.155267
0.148
0.165917
0.166917
0.0109835
0.013979
0.154
0.111944
0.124938
0.015
0.138
0.128244
0.0849151
0.0415
0.141929
0.143856
0.1425
0.0604396
0.0555
0.172414
0.016
0.105447
0.152
0.175
0.0204898
0.004995
0.16018
0.0948577
0.162
0.0374813
0.152424
0.145781
0.0204898
0.095952
0.00599101
0.1575
0.156843
0.093953
0.071
0.133866
0.191
0.189
0.167416
0.097
0.187313
0.1175
0.0923154
0.146927
0.149425
0.0154923
0.0249626
0.0845
0.151
0.1505
0.189405
0.117
0.017982
0.13037
0.162919
0.012
0.151198
0.116384
0.132302
0.0085
0.0819181
0.113443
0.0075
0.155922
0.0105
0.1745
0.103948
0.103948
0.0434348
0.141929
0.125375
0.129
0.1405
0.089366
0.142929
0.1405
0.00649675
0.113
0.134366
0.1225
0.119
0.1195
0.1465
0.107892
0.118
0.111
0.130305
0.136
0.1225
0.165917
0.111
0.167916
0.112332
0.00848727
0.144428
0.148426
0.0514743
0.152847
0.00849575
0.141858
0.193307
0.037981
0.0944528
0.154923
0.115942
0.1155
0.219062
0.143784
0.1505
0.0075
0.00699301
0.0075
0.142929
0.010479
0.025974
0.1545
0.158421
0.168
0.13037
0.165417
0.124438
0.132302
0.181
0.132
0.16
0.123
0.02
0.118441
0.128436
0.167
0.007
0.16
0.138931
0.031
0.1365
0.0214785
0.1145
0.0204898
0.004
0.103293
0.170915
0.182909
0.101898
0.108891
0.0204795
0.136432
0.181409
0.137363
0.0089955
0.1315
0.008
0.171
0.1735
0.1475
0.0434348
0.1655
0.0644678
0.00949525
0.107393
0.152924
0.13037
0.135
0.126937
0.12044
0.172414
0.144855
0.0935
0.0374438
0.111
0.00598504
0.116442
0.124
0.1715
0.107
0.1095
0.124438
0.103896
0.013986
0.1285
0.145
0.0095
0.171
0.0195
0.157763
0.107393
0.179
0.046
0.151273
0.156422
0.10095
0.1015
0.1655
0.126
0.119
0.108946
0.0654673
0.0895
0.1125
0.049
0.106733
0.003
0.067966
0.116384
0.12044
0.129935
0.176
0.141858
0.151
0.1635
0.108446
0.129371
0.0314371
0.12044
0.11
0.011988
0.1405
0.126
0.183408
0.104448
0.143
0.126
0.16
0.0065
0.0104843
0.168
0.1015
0.0929535
0.165335
0.013
0.1295
0.1845
0.1305
0.00999001
0.174913
0.0494753
0.122
0.033
0.12987
0.11994
0.168
0.0434783
0.124938
0.186
0.12038
0.0419371
0.100899
0.114443
0.106394
0.004995
0.176
0.11994
0.131303
0.11994
0.132368
0.037962
0.037962
0.132434
0.144428
0.151424
0.134366
0.00999001
0.141929
0.145137
0.108446
0.1425
0.161258
0.15
0.148426
0.122255
0.1415
0.1645
0.0939061
0.1295
0.0425
0.102
0.124376
0.157685
0.1845
0.169745
0.163418
0.0414793
0.114
0.0655
0.125937
0.009
0.00848727
0.1595
0.02
0.100899
0.183408
0.128
0.129741
0.137931
0.146427
0.170915
0.143428
0.141429
0.131868
0.105841
0.104
0.106
0.0259611
0.1085
0.0879121
0.00598504
0.118
0.0394212
0.1625
0.148352
0.151273
0.113387
0.127
0.158421
0.146427
0.110889
0.1475
0.0104843
0.14093
0.119202
0.104448
0.188312
0.132
0.0044955
0.105447
0.075
0.0529471
0.0424788
0.166334
0.12044
0.133866
0.0125
0.127872
0.137931
0.154768
0.132934
0.114885
0.177411
0.191521
0.0974026
0.164753
0.104948
0.158
0.097951
0.154768
0.059
0.103397
0.0214785
0.0325
0.127872
0.1455
0.10045
0.134433
0.1685
0.00748503
0.095952
0.11944
0.0894553
0.1505
0.0135
0.158421
0.158421
0.0755
0.0115
0.11994
0.0944528
0.127
0.113
0.153923
0.124314
0.003996
0.125937
0.0924538
0.03
0.0134798
0.1505
0.105447
0.111888
0.104
0.115942
0.114
0.045
0.1315
0.0643713
0.11988
0.116442
0.0214893
0.048951
0.123
0.1695
0.162919
0.010989
0.00999001
0.141218
0.015
0.01999
0.114
0.027
0.151924
0.0877805
0.0975
0.131868
0.11994
0.126437
0.1075
0.104948
0.017973
0.0509745
0.0134933
0.0109945
0.116
0.0274725
0.1525
0.0229885
0.0165
0.14036
0.136296
0.1505
0.134299
0.0934533
0.131868
0.176412
0.107446
0.170415
0.127
0.164
0.1425
0.0555
0.0995
0.156843
0.149425
0.07996
0.017991
0.1915
0.1305
0.158421
0.1505
0.13943
0.117
0.1175
0.156922
0.0715
0.1495
0.146427
0.114885
0.012
0.0274863
0.0075
0.0095
0.131303
0.1105
0.098
0.0175
0.011
0.146
0.144
0.0949051
0.0799201
0.1325
0.11988
0.0085
0.116326
0.1445
0.195305
0.115442
0.161
0.156422
0.155922
0.00899101
0.0874126
0.133
0.159
0.187
0.0425
0.0184908
0.118822
0.132434
0.091954
0.0745
0.170915
0.011
0.0814186
0.0904548
0.166917
0.1635
0.1755
0.00649351
0.1285
0.071
0.132302
0.033
0.0164918
0.1485
0.141
0.013
0.107
0.185407
0.107446
0.007
0.141429
0.1195
0.0948577
0.156422
0.011994
0.13943
0.161919
0.1635
0.152272
0.141787
0.152272
0.12038
0.137931
0.162
0.122939
0.0214893
0.1245
0.158421
0.185721
0.0125
0.1085
0.02997
0.161
0.164753
0.0459082
0.0204693
0.1595
0.135932
0.165917
0.1365
0.110889
0.139222
0.0109835
0.0594406
0.181409
0.11994
0.191521
0.154845
0.104448
0.1505
0.0844578
0.138
0.123814
0.141359
0.093953
0.155922
0.1075
0.129935
0.168
0.00748877
0.017
0.00749625
0.137
0.1565
0.0105
0.1405
0.0135
0.143784
0.1685
0.12044
0.0184908
0.1505
0.0095
0.106394
0.149701
0.127436
0.0259611
0.122877
0.1425
0.0969515
0.1145
0.0969515
0.13993
0.016
0.0743142
0.122877
0.017991
0.0834583
0.1095
0.144284
0.013993
0.151924
0.165917
0.1585
0.017
0.151
0.0845
0.146707
0.134
0.104843
0.121318
0.106947
0.129371
0.089955
0.0224551
0.144356
0.1265
0.007
0.0134731
0.0074813
0.137931
0.1285
0.094
0.015
0.138
0.097
0.0274725
0.00948577
0.1465
0.132934
0.103948
0.115942
0.1335
0.133866
0.0829171
0.011988
0.1455
0.120879
0.1435
0.014985
0.0195
0.147
0.0475
0.0249875
0.1435
0.005997
0.156843
0.012
0.149
0.170744
0.138931
0.131934
0.116326
0.119202
0.17033
0.0065
0.158
0.129805
0.114943
0.0935
0.124938
0.134731
0.167
0.132
0.165335
0.191
0.156922
0.0604698
0.10095
0.16
0.011
0.152924
0.096
0.117941
0.0074813
0.133
0.116384
0.147778
0.077
0.134366
0.127872
0.146853
0.131303
0.0595
0.163
0.0634049
0.012
0.160759
0.1385
0.108891
0.0708937
0.145
0.0389805
0.049
0.0924076
0.1325
0.0135
0.106
0.12038
0.104448
0.1265
0.131868
0.111944
0.122378
0.0449775
0.105841
0.00649675
0.155
0.129
0.1535
0.118644
0.0654673
0.0985
0.137363
0.0449775
0.017
0.037981
0.162419
0.1145
0.115327
0.161339
0.128436
0.1135
0.007
0.104948
0.140789
0.1135
0.138861
0.0184908
0.154
0.1315
0.0125
0.1015
0.015
0.11976
0.181409
0.018
0.154346
0.1865
0.0254873
0.0169745
0.157421
0.146927
0.163255
0.189905
0.151198
0.138362
0.063968
0.0975
0.152424
0.157421
0.153923
0.146927
0.00999001
0.1405
0.0374438
0.0445
0.164254
0.132
0.145854
0.0969515
0.1485
0.155422
0.13943
0.157763
0.0045
0.162919
0.1235
0.141218
0.162
0.115942
0.127
0.1445
0.123814
0.1175
0.009
0.1495
0.1625
0.071964
0.146707
0.007
0.093953
0.009
0.0995
0.113
0.107446
0.1735
0.156843
0.151924
0.144356
0.128807
0.1095
0.102
0.128
0.148278
0.114443
0.0075
0.114943
0.116766
0.195305
0.0964518
0.137862
0.116
0.1565
0.185721
0.1345
0.1015
0.097
0.118263
0.1685
0.0773453
0.0844578
0.113
0.102743
0.130435
0.142358
0.0085
0.138931
0.006
0.126747
0.12032
0.125437
0.1265
0.111888
0.143
0.089955
0.132934
0.061969
0.1445
0.152196
0.130935
0.0049975
0.010479
0.128436
0.157
0.114943
0.00349825
0.157029
0.131802
0.154923
0.132934
0.148352
0.166917
0.007
0.150925
0.160759
0.184132
0.0979021
0.0988517
0.112
0.0364635
0.14
0.1545
0.152924
0.104
0.1175
0.105841
0.148926
0.131369
0.149
0.1655
0.125
0.155766
0.165335
0.027972
0.111944
0.009
0.0124938
0.165917
0.1505
0.111444
0.118822
0.176912
0.1235
0.133933
0.154845
0.1485
0.1155
0.122816
0.187
0.0604396
0.116942
0.177
0.1525
0.12038
0.12044
0.1395
0.0855
0.102
0.116825
0.1535
0.0689655
0.167916
0.083958
0.163337
0.097951
0.161
0.13
0.0945
0.101449
0.138224
0.131434
0.017
0.136795
0.0104895
0.007
0.011
0.1035
0.110445
0.1525
0.1245
0.0865
0.1745
0.015992
0.0229656
0.151273
0.0195
0.112944
0.144855
0.049
0.130305
0.116942
0.0869565
0.141
0.0304848
0.093
0.156765
0.162
0.131934
0.0475
0.1525
0.105447
0.0124938
0.1145
0.0124813
0.091954
0.00349825
0.138
0.049975
0.149425
0.108891
0.138
0.0325
0.1425
0.117324
0.139291
0.091954
0.0135
0.0184631
0.010479
0.0934533
0.133433
0.126437
0.018
0.1625
0.0979021
0.143784
0.031
0.141
0.00649675
0.106394
0.162837
0.010989
0.165417
0.102743
0.048951
0.163418
0.0934533
0.0135
0.135932
0.145427
0.1125
0.156922
0.081
0.013
0.157421
0.130935
0.151424
0.0834583
0.175062
0.137431
0.0733899
0.13037
0.077
0.0229885
0.0945
0.0045
0.012
0.00949525
0.147852
0.037962
0.125375
0.15611
0.104
0.136296
0.194805
0.10095
0.0849575
0.112
0.1045
0.0085
0.1385
0.1175
0.0899101
0.154
0.108446
0.1455
0.142358
0.096
0.156
0.12044
0.054
0.0425
0.1245
0.138431
0.016
0.045
0.009
0.14043
0.00349825
0.189405
0.0224888
0.14036
0.123938
0.0834583
0.096
0.111277
0.0475
0.1225
0.1535
0.1105
0.133933
0.175412
0.142
0.14043
0.089955
0.11982
0.183408
0.137431
0.139721
0.123938
0.149
0.149
0.142
0.1105
0.0239641
0.147778
0.141359
0.115155
0.011994
0.099351
0.136932
0.093
0.177411
0.1125
0.176823
0.0205
0.126937
0.124
0.143928
0.165917
0.134433
0.160839
0.111944
0.0934533
0.111389
0.13037
0.0945
0.151198
0.009
0.017991
0.134731
0.144428
0.00499251
0.014985
0.158421
0.157921
0.11976
0.1415
0.151772
0.126437
0.170915
0.111444
0.112388
0.147852
0.130804
0.1445
0.181
0.14043
0.097951
0.107393
0.14093
0.122439
0.111944
0.0915
0.195305
0.104448
0.007996
0.152924
0.0715
0.0808787
0.145427
0.0804598
0.147852
0.179
0.147279
0.1165
0.126
0.1015
0.139
0.0185
0.161838
0.1485
0.124376
0.1425
0.1195
0.1245
0.0918622
0.144284
0.186221
0.126
0.130935
0.135
0.219062
0.124314
0.0075
0.0964036
0.031
0.1245
0.127
0.159
0.015984
0.069
0.066
0.0829171
0.1395
0.045
0.158421
0.114
0.11982
0.1735
0.0144928
0.145781
0.1095
0.1004
0.1035
0.15611
0.129
0.132434
0.0109945
0.118644
0.173653
0.0634049
0.122939
0.165917
0.163918
0.0149775
0.120879
0.0455
0.016
0.141858
0.0185
0.116
0.059
0.122939
0.111
0.007996
0.137431
0.12044
0.1265
0.0743142
0.048
0.0389805
0.122439
0.12038
0.0345
0.00649675
0.176912
0.006
0.155
0.1875
0.13943
0.135365
0.0889111
0.173
0.117
0.0819181
0.0105
0.14043
0.129
0.009
0.141
0.1425
0.189
0.069965
0.163
0.146427
0.135864
0.0918622
0.0819181
0.1775
0.135796
0.0935
0.169
0.103948
0.0135
0.0945
0.105
0.161258
0.138931
0.14
0.106394
0.135932
0.181319
0.0475
0.012
0.139721
0.137931
0.1495
0.0075
0.100899
0.0394212
0.175
0.128436
0.139
0.1435
0.0095
0.0804598
0.125375
0.0784608
0.154845
0.132302
0.141359
0.0049975
0.0244755
0.162419
0.0895
0.096
0.063968
0.0745
0.138431
0.00799201
0.013993
0.141
0.174825
0.034
0.006
0.0899101
0.0844578
0.155922
0.195305
0.0914543
0.1245
0.0664668
0.110945
0.163836
0.006
0.170915
0.11994
0.177411
0.067966
0.0585
0.128
0.1275
0.124314
0.0509745
0.077
0.063968
0.00949525
0.0325
0.044
0.0979021
0.131868
0.151198
0.122378
0.102449
0.0149775
0.039
0.104
0.118941
0.0205
0.138224
0.0979021
0.138362
0.128
0.1445
0.152424
0.138861
0.143928
0.1145
0.143928
0.00849575
0.0923154
0.0394212
0.117
0.124
0.11944
0.17033
0.11
0.153423
0.0534466
0.1105
0.1095
0.111333
0.023988
0.138431
0.1495
0.128436
0.1265
0.00848727
0.104
0.0075
0.126
0.1255
0.0045
0.030969
0.0135
0.010479
0.0434348
0.111444
0.113
0.1415
0.137725
0.144428
0.123
0.162
0.037962
0.113716
0.1405
0.00699301
0.07996
0.130435
0.0184631
0.113
0.128
0.143784
0.0075
0.116
0.10634
0.005
0.154423
0.103896
0.136296
0.1115
0.125
0.1385
0.118822
0.1495
0.181
0.0204898
0.151772
0.101399
0.1435
0.147279
0.0095
0.171
0.13943
0.112944
0.0999001
0.175412
0.0065
0.1135
0.0134933
0.12038
0.129
0.0165
0.152424
0.156422
0.098
0.106733
0.135
0.0984508
0.0349476
0.018
0.004995
0.108946
0.013993
0.0229656
0.0109835
0.12044
0.1295
0.1115
0.152424
0.0449775
0.00797607
0.0764236
0.037981
0.168
0.158421
0.143928
0.1155
0.134731
0.154845
0.11944
0.071
0.131434
0.1515
0.132
0.101
0.108446
0.128871
0.161
0.100349
0.00499251
0.091
0.144
0.151848
0.136795
0.131369
0.155766
0.13993
0.189405
0.129306
0.111389
0.16018
0.00748503
0.0374438
0.160839
0.017991
0.121379
0.14093
0.1155
0.1405
0.0135
0.037962
0.00948577
0.158
0.1175
0.131868
0.16
0.011994
0.1385
0.130305
0.1625
0.0364635
0.0539461
0.1445
0.091
0.14043
0.0449775
0.145427
0.1425
0.017
0.1195
0.0174825
0.1685
0.189405
0.151772
0.104
0.017991
0.132368
0.0834583
0.0149701
0.1395
0.0695
0.0949525
0.151424
0.00849575
0.0865
0.135864
0.1105
0.0149701
0.143928
0.1845
0.0394212
0.00748877
0.145854
0.1525
0.127436
0.162338
0.1175
0.107
0.141429
0.1275
0.143784
0.00699301
0.0654673
0.137725
0.0114828
0.154346
0.0754246
0.122939
0.0149775
0.102398
0.0555
