0.145
0.1285
0.195706
0.164671
0.117383
0.133433
0.152272
0.126311
0.1425
0.2009
0.2155
0.148926
0.0364818
0.1545
0.1635
0.1755
0.126
0.131868
0.00649351
0.195402
0.204
0.153
0.1785
0.173
0.189311
0.0998502
0.154845
0.092
0.20509
0.148
0.15942
0.174413
0.164
0.212787
0.153923
0.188906
0.1855
0.205794
0.194
0.129371
0.187906
0.165917
0.193
0.15942
0.162756
0.161258
0.188
0.0069965
0.168831
0.151
0.012
0.1605
0.14022
0.158263
0.168416
0.180819
0.1333
0.146853
0.198401
0.0069965
0.111888
0.176912
0.192904
0.1655
0.11
0.166
0.1255
0.176148
0.00598802
0.163918
0.156
0.173739
0.143928
0.144284
0.174
0.118881
0.17982
0.208396
0.171329
0.170829
0.1445
0.1585
0.204898
0.161258
0.153423
0.156422
0.149351
0.164753
0.207688
0.102949
0.16042
0.18091
0.1805
0.174
0.164
0.142929
0.1235
0.1455
0.127936
0.01
0.194403
0.0504496
0.1425
0.136863
0.11
0.170415
0.0824588
0.011988
0.0169915
0.148777
0.181319
0.216892
0.198302
0.15984
0.156422
0.0155
0.13
0.166334
0.0104686
0.177911
0.148
0.1885
0.122378
0.2145
0.1515
0.190809
0.1335
0.171742
0.163
0.194209
0.159023
0.1485
0.214179
0.144284
0.151924
0.1335
0.1585
0.177
0.163418
0.14093
0.11988
0.115327
0.148926
0.189311
0.182409
0.1475
0.152
0.092
0.203898
0.1315
0.174
0.1635
0.00649351
0.154845
0.1185
0.0185
0.0189905
0.161838
0.0195
0.161919
0.195305
0.13943
0.176647
0.189905
0.188529
0.1635
0.1765
0.144428
0.143784
0.1615
0.1185
0.1295
0.1965
0.202399
0.1855
0.098
0.171329
0.181546
0.153769
0.176823
0.0124938
0.136432
0.0674663
0.2135
0.168
0.14029
0.1685
0.1485
0.17991
0.16
0.157343
0.0204795
0.171072
0.14
0.178233
0.203593
0.0049975
0.1265
0.1545
0.165
0.129
0.1555
0.1815
0.0289855
0.006
0.193806
0.158105
0.165417
0.161178
0.0224775
0.135365
0.142
0.151198
0.181727
0.17348
0.192807
0.1985
0.149925
0.1365
0.165335
0.00898204
0.1855
0.009
0.1885
0.155
0.124938
0.174
0.17982
0.174
0.00849575
0.1715
0.0065
0.0395
0.14036
0.165
0.0129935
0.195511
0.1795
0.168416
0.127373
0.132934
0.159
0.007
0.1515
0.140789
0.0249626
0.0105
0.146208
0.205691
0.16
0.183
0.129
0.1385
0.159341
0.1625
0.17991
0.191808
0.1685
0.177
0.151924
0.147926
0.155
0.1995
0.176912
0.190905
0.183908
0.1055
0.158421
0.1575
0.0289855
0.158841
0.197401
0.013986
0.129
0.117823
0.189
0.177911
0.162919
0.12044
0.116442
0.126
0.146281
0.165
0.151924
0.1515
0.125937
0.171158
0.196705
0.189905
0.17
0.208396
0.153923
0.198401
0.174
0.178732
0.212288
0.2145
0.1815
0.177
0.1805
0.11039
0.176412
0.164835
0.156922
0.14
0.178
0.149351
0.0359461
0.1415
0.159
0.196402
0.1735
0.1405
0.1805
0.188218
0.1905
0.1585
0.160839
0.1225
0.13986
0.170829
0.18041
0.1905
0.174
0.1485
0.009995
0.139222
0.138792
0.188906
0.1995
0.0934533
0.151424
0.150925
0.163754
0.145781
0.00499251
0.2115
0.151
0.188
0.1365
0.187
0.192404
0.013
0.010989
0.178821
0.1315
0.189715
0.146354
0.114828
0.189
0.15942
0.2025
0.178643
0.059
0.204693
0.0989011
0.191213
0.029
0.127373
0.022
0.198901
0.156422
0.174413
0.122378
0.012
0.162419
0.120879
0.17
0.1475
0.164418
0.190905
0.209291
0.0114943
0.152924
0.189405
0.184908
0.126873
0.00549176
0.0778832
0.00849575
0.149925
0.1445
0.1335
0.1565
0.120819
0.1455
0.192212
0.1915
0.20979
0.141929
0.172914
0.2155
0.1385
0.105947
0.150275
0.1645
0.172827
0.188
0.149
0.189311
0.216892
0.0824588
0.1485
0.178233
0.127
0.007
0.1535
0.164
0.156
0.1795
0.181
0.146853
0.126
0.01999
0.175824
0.169915
0.214893
0.17973
0.1855
0.185814
0.155
0.1165
0.211682
0.150774
0.218391
0.2003
0.152
0.2145
0.117882
0.0414793
0.028
0.167166
0.184408
0.134232
0.1775
0.0853719
0.0835
0.151424
0.153923
0.0065
0.1595
0.197401
0.010978
0.153693
0.1265
0.176412
0.1585
0.1615
0.134232
0.16
0.156422
0.137431
0.1975
0.205691
0.211078
0.13986
0.154423
0.13943
0.2165
0.195402
0.2003
0.146208
0.190215
0.165
0.1155
0.203898
0.00949051
0.2145
0.112444
0.0224888
0.154423
0.152424
0.1815
0.1745
0.1705
0.103
0.0764618
0.19321
0.137931
0.198005
0.151198
0.141929
0.0185
0.1395
0.161258
0.1485
0.166
0.157
0.117764
0.143428
0.141929
0.151198
0.122939
0.1445
0.204898
0.1885
0.204693
0.174
0.167333
0.16
0.130869
0.194403
0.165917
0.087956
0.1705
0.127872
0.1925
0.164336
0.1815
0.199201
0.164418
0.171
0.1825
0.161838
0.1435
0.212394
0.1998
0.094
0.156
0.1745
0.00649351
0.156422
0.216892
0.164
0.14
0.1445
0.1325
0.0609391
0.0345
0.181319
0.1855
0.024975
0.173913
0.14043
0.1195
0.028
0.133433
0.00898204
0.144284
0.199
0.0284858
0.1495
0.205691
0.0225
0.161838
0.183225
0.011994
0.16983
0.191904
0.165751
0.153423
0.142358
0.012987
0.0174825
0.168416
0.012987
0.213466
0.179142
0.146354
0.174825
0.0204898
0.147705
0.183816
0.142
0.00898652
0.0949525
0.147926
0.134232
0.1865
0.187
0.152
0.146
0.155
0.130869
0.168416
0.151924
0.128372
0.172414
0.0969515
0.212288
0.151424
0.0154536
0.192404
0.149626
0.161677
0.183042
0.173913
0.156422
0.167333
0.0344655
0.1935
0.152272
0.00449775
0.178
0.127436
0.1435
0.163337
0.204898
0.1575
0.0694306
0.15
0.176912
0.128936
0.1565
0.1695
0.132735
0.118323
0.157
0.173913
0.167
0.007
0.0175
0.182
0.198901
0.175912
0.197605
0.1525
0.194708
0.168747
0.194
0.183908
0.194112
0.139361
0.18091
0.171914
0.176912
0.0359461
0.193613
0.1715
0.169415
0.178
0.177645
0.175912
0.152924
0.161
0.13943
0.0169915
0.00499251
0.143
0.2025
0.2003
0.136863
0.142358
0.161339
0.116942
0.1485
0.1335
0.16042
0.206793
0.127936
0.151848
0.097354
0.184908
0.129371
0.149425
0.152771
0.176
0.1685
0.165917
0.193613
0.1735
0.0654673
0.164835
0.149425
0.174
0.0764618
0.1565
0.163418
0.164
0.147705
0.158841
0.189405
0.157343
0.181319
0.1745
0.158421
0.177822
0.165834
0.1605
0.125
0.171
0.181
0.192807
0.211078
0.1435
0.028
0.161919
0.192212
0.13986
0.143928
0.164418
0.142929
0.167166
0.00748877
0.041979
0.1855
0.171414
0.1725
0.193403
0.1565
0.1675
0.156
0.0215
0.188
0.005997
0.1625
0.165917
0.112332
0.0824588
0.11988
0.162837
0.1475
0.214678
0.165917
0.187
0.158921
0.133
0.153
0.1985
0.190905
0.126374
0.1975
0.013986
0.0375
0.1775
0.182909
0.17982
0.131868
0.172
0.188435
0.152348
0.132934
0.177911
0.182
0.1725
0.16018
0.171329
0.17991
0.2035
0.141929
0.188623
0.127936
0.230155
0.174326
0.197703
0.173
0.126374
0.1985
0.143928
0.134232
0.0114943
0.176148
0.134
0.1625
0.1855
0.145927
0.17324
0.0504496
0.147
0.0504496
0.118881
0.1645
0.205794
0.1735
0.145
0.24
0.136228
0.156422
0.149925
0.168
0.177911
0.126873
0.2
0.011994
0.0154768
0.127
0.1885
0.108891
0.10479
0.1995
0.19
0.171
0.212288
0.150925
0.177911
0.0195
0.2
0.151273
0.163
0.113943
0.170415
0.183134
0.158421
0.122816
0.135864
0.003998
0.134933
0.1815
0.199
0.0204795
0.170415
0.01999
0.193307
0.17348
0.145427
0.144
0.157421
0.177911
0.1955
0.1945
0.142358
0.127872
0.176823
0.143784
0.137431
0.158
0.1415
0.148
0.190215
0.156
0.1705
0.1585
0.0165
0.178732
0.136228
0.179
0.0035
0.015
0.153423
0.0214893
0.212288
0.2155
0.153
0.122939
0.1485
0.198302
0.144428
0.158841
0.1685
0.182909
0.0134731
0.166
0.1565
0.193806
0.118881
0.173826
0.1825
0.156
0.11988
0.2055
0.1625
0.174825
0.1775
0.128936
0.0689655
0.189
0.103
0.165417
0.128
0.176324
0.155345
0.177
0.163255
0.13986
0.168
0.12
0.1635
0.0109835
0.1515
0.149425
0.148926
0.165917
0.1875
0.1585
0.1855
0.1735
0.18
0.162338
0.10989
0.1975
0.16983
0.187
0.212288
0.162919
0.203398
0.0124938
0.156
0.174
0.203898
0.188811
0.198401
0.18014
0.153423
0.214893
0.170915
0.13943
0.1905
0.186
0.018981
0.123377
0.137431
0.185407
0.14
0.089
0.144356
0.114828
0.188529
0.1635
0.17324
0.1265
0.157763
0.134
0.0824588
0.171571
0.0124875
0.136432
0.116442
0.1775
0.129
0.161419
0.165
0.2
0.183908
0.177911
0.1905
0.166417
0.173826
0.1535
0.0988024
0.166334
0.160679
0.129
0.160679
0.021978
0.0474052
0.1333
0.014
0.201697
0.106447
0.2135
0.122
0.182
0.1785
0.0853719
0.00598802
0.00748877
0.0225
0.1185
0.182726
0.193307
0.0988024
0.14
0.158
0.212787
0.173739
0.176324
0.0359461
0.184
0.1235
0.173
0.1725
0.17
0.1375
0.165917
0.11982
0.165917
0.177911
0.185814
0.1945
0.195511
0.161919
0.203796
0.0174825
0.167832
0.188906
0.0035
0.17
0.153
0.188623
0.1395
0.1305
0.016
0.175
0.143784
0.170744
0.182227
0.14093
0.1315
0.0034965
0.162837
0.177911
0.143214
0.193613
0.164418
0.193806
0.0169915
0.2009
0.190905
0.1205
0.195402
0.1885
0.128436
0.137862
0.1435
0.0853719
0.103
0.186
0.145
0.1825
0.1835
0.12
0.160839
0.1755
0.167416
0.10989
0.162919
0.181228
0.175237
0.1725
0.176735
0.181
0.161919
0.188906
0.12094
0.117764
0.1585
0.0798403
0.172414
0.2375
0.126374
0.146
0.167333
0.159023
0.00549451
0.172914
0.150275
0.153846
0.092
0.132735
0.17991
0.198401
0.157
0.005
0.1855
0.177411
0.1235
0.202399
0.189
0.17982
0.1835
0.152348
0.1835
0.179142
0.174738
0.221889
0.142
0.172
0.1515
0.1295
0.146
0.166417
0.188218
0.177
0.136432
0.122816
0.164418
0.172914
0.192
0.1885
0.148851
0.161
0.164418
0.011988
0.0175
0.1585
0.164671
0.026973
0.194306
0.146427
0.161339
0.1285
0.168416
0.186
0.156
0.1975
0.156922
0.136432
0.0485
0.185814
0.158921
0.1505
0.129
0.0434783
0.175912
0.1495
0.208
0.0485
0.19012
0.182909
0.0644678
0.163337
0.183
0.146427
0.195402
0.1365
0.16
0.139721
0.1365
0.1435
0.202399
0.16
0.2165
0.2
0.218391
0.163754
0.176
0.161919
0.180819
0.1735
0.152348
0.179
0.188906
0.0105
0.1575
0.1295
0.166334
0.122
0.19321
0.145427
0.170659
0.1745
0.192212
0.00649351
0.162
0.182
0.167416
0.173
0.146281
0.00499251
0.148278
0.16042
0.11
0.178233
0.155
0.1925
0.183042
0.171828
0.0224888
0.142929
0.1175
0.0225
0.0154536
0.153
0.0125
0.142
0.0085
0.1295
0.198302
0.0674663
0.1715
0.171571
0.189905
0.162419
0.195902
0.1155
0.13979
0.168416
0.1495
0.182
0.184908
0.163418
0.167748
0.194403
0.146
0.182
0.186407
0.1555
0.0195
0.125874
0.0044955
0.143428
0.15984
0.14036
0.0135
0.16517
0.1625
0.178233
0.0155
0.1165
0.183816
0.161419
0.0644678
0.172914
0.16042
0.205794
0.159
0.165335
0.159
0.17982
0.1535
0.0824588
0.1465
0.083958
0.124875
0.167249
0.173
0.129
0.1875
0.158342
0.1465
0.116942
0.133
0.20509
0.159
0.177911
0.153846
0.1585
0.104396
0.153923
0.183908
0.0853719
0.14093
0.174326
0.133
0.0155
0.209186
0.133433
0.129
0.137
0.122378
0.15976
0.220669
0.125
0.18091
0.182
0.147426
0.0115
0.11039
0.183042
0.196402
0.011994
0.184723
0.1755
0.1445
0.168416
0.1205
0.182409
0.1675
0.197303
0.170829
0.163418
0.165917
0.188
0.158
0.156765
0.158263
0.1525
0.146281
0.134232
0.135
0.184408
0.177323
0.158263
0.146281
0.183908
0.158342
0.1265
0.00848303
0.1605
0.167
0.128
0.1925
0.167
0.144284
0.136
0.146927
0.127872
0.159
0.1805
0.178911
0.143
0.14
0.156
0.00848303
0.0934066
0.1575
0.195402
0.152
0.148926
0.211394
0.145854
0.1625
0.152771
0.174326
0.178233
0.153423
0.182409
0.193903
0.1835
0.159261
0.145781
0.161419
0.1685
0.1775
0.1455
0.183
0.163836
0.13986
0.16675
0.11
0.161339
0.192
0.164418
0.168831
0.0095
0.162338
0.1175
0.183134
0.214893
0.12044
0.175412
0.094
0.1175
0.149925
0.0244878
0.1825
0.201697
0.0169915
0.11
0.133933
0.163337
0.149626
0.0919081
0.197703
0.189905
0.18041
0.213
0.0169915
0.162837
0.1004
0.0329835
0.1605
0.143856
0.0689655
0.153923
0.169915
0.1625
0.1415
0.186907
0.1425
0.10989
0.1645
0.198901
0.1235
0.176
0.159
0.157343
0.174913
0.17991
0.17982
0.1595
0.012
0.1935
0.179641
0.157343
0.148
0.0035
0.168747
0.172414
0.170415
0.158921
0.199301
0.158342
0.159
0.150925
0.1515
0.195402
0.0075
0.1333
0.170829
0.143784
0.15976
0.146427
0.177822
0.152771
0.108337
0.15942
0.184316
0.182
0.168416
0.193307
0.171742
0.194903
0.19012
0.1675
0.136432
0.136228
0.146
0.198005
0.179641
0.162419
0.1685
0.146281
0.0089955
0.0778832
0.106947
0.148926
0.0949525
0.171
0.00649351
0.126374
0.16983
0.00899101
0.005
0.124938
0.107446
0.144284
0.113943
0.102
0.178
0.150425
0.1645
0.169415
0.187
0.099
0.137862
0.161677
0.174
0.1815
0.183134
0.1665
0.1755
0.152424
0.153
0.15942
0.136
0.1185
0.170829
0.149
0.1465
0.178233
0.177411
0.1725
0.176
0.203898
0.161919
0.0305
0.1985
0.179
0.1785
0.1345
0.120819
0.0089955
0.1425
0.164336
0.136863
0.026973
0.0165
0.161419
0.16
0.157421
0.176412
0.182
0.193806
0.0274863
0.167916
0.173413
0.172414
0.176
0.170915
0.1685
0.191808
0.101847
0.185814
0.142
0.168663
0.214179
0.129
0.00598802
0.227886
0.1535
0.14093
0.208396
0.147426
0.213466
0.193709
0.1905
0.006
0.139361
0.184815
0.113387
0.1365
0.1825
0.189405
0.1175
0.109445
0.172414
0.161919
0.156422
0.154423
