0.2495
0.224
0.233267
0.2475
0.226887
0.176912
0.223277
0.229271
0.2445
0.227
0.2085
0.244878
0.004
0.238143
0.212
0.207396
0.201899
0.1815
0.2095
0.211682
0.224
0.266
0.193403
0.206088
0.195
0.208687
0.25
0.248876
0.007996
0.157921
0.2085
0.126
0.215676
0.1935
0.157
0.210395
0.0675
0.235
0.189
0.1585
0.1705
0.231038
0.184408
0.238024
0.263105
0.248
0.218
0.222
0.135
0.21
0.216
0.195402
0.241259
0.203398
0.189405
0.225387
0.2075
0.206397
0.2465
0.247876
0.267732
0.2235
0.1965
0.193403
0.226
0.165834
0.227
0.00499251
0.1997
0.214286
0.2405
0.212681
0.194
0.2505
0.194903
0.2455
0.00599101
0.1765
0.226274
0.1765
0.2675
0.1645
0.24014
0.2085
0.2025
0.176912
0.2115
0.247382
0.2415
0.1825
0.193
0.192807
0.018
0.254
0.183908
0.208292
0.218391
0.215
0.194209
0.2255
0.249
0.2445
0.176412
0.224276
0.22666
0.152424
0.2185
0.233267
0.1765
0.232268
0.155922
0.2075
0.222389
0.152924
0.178
0.163836
0.0049975
0.21507
0.265
0.234883
0.211289
0.0075
0.2285
0.199
0.235265
0.190215
0.29021
0.198
0.256
0.2035
0.21978
0.196
0.196402
0.00599401
0.210395
0.207896
0.177411
0.2175
0.1945
0.251748
0.206294
0.228386
0.205
0.0144855
0.222889
0.21
0.187406
0.266
0.163836
0.210185
0.1655
0.00699301
0.201899
0.208687
0.1795
0.198401
0.2365
0.2355
0.245255
0.226
0.191
0.122877
0.201899
0.266
0.254
0.211078
0.189405
0.234883
0.174326
0.189905
0.202298
0.1815
0.218391
0.1805
0.196304
0.187313
0.212787
0.210185
0.2195
0.226
0.156
0.189405
0.204194
0.230654
0.2375
0.264368
0.245877
0.18
0.2385
0.238642
0.247376
0.223388
0.2245
0.162419
0.204
0.249126
0.231768
0.184224
0.0274314
0.219171
0.183908
0.246
0.1997
0.29021
0.216783
0.209895
0.224
0.230654
0.015992
0.217174
0.24788
0.185407
0.191309
0.24501
0.235382
0.221889
0.235382
0.198901
0.177911
0.267732
0.238
0.205397
0.207792
0.175412
0.195402
0.215
0.202899
0.159341
0.225662
0.23976
0.00599401
0.188218
0.2565
0.1815
0.23004
0.221279
0.165917
0.2275
0.1795
0.195706
0.164
0.216675
0.165417
0.1815
0.212894
0.228
0.187906
0.084
0.162338
0.2065
0.2495
0.195902
0.2235
0.222777
0.218672
0.215892
0.229271
0.193403
0.1765
0.195
0.2155
0.230385
0.1965
0.215
0.230654
0.204795
0.225662
0.182726
0.223165
0.192904
0.014985
0.175912
0.181
0.272364
0.224276
0.1615
0.221778
0.197
0.1915
0.202797
0.2555
0.233
0.244256
0.01
0.198801
0.207896
0.176912
0.165917
0.205397
0.174913
0.221279
0.235265
0.204
0.224388
0.185907
0.2355
0.182227
0.207
0.190905
0.211
0.237381
0.216
0.206294
0.226274
0.181
0.211183
0.209
0.00899101
0.197303
0.163673
0.1445
0.196304
0.215392
0.157921
0.226161
0.00749251
0.263868
0.186314
0.188406
0.197
0.234149
0.00849575
0.202298
0.2375
0.236264
0.25
0.238285
0.198401
0.201899
0.196607
0.22977
0.209685
0.181
0.2035
0.198
0.186407
0.236
0.233
0.216675
0.206897
0.2285
0.2135
0.154845
0.221667
0.1545
0.185407
0.196705
0.1645
0.2075
0.211788
0.150849
0.257871
0.154423
0.164
0.215392
0.1245
0.172414
0.178411
0.0164918
0.195402
0.199
0.208
0.225275
0.234883
0.22089
0.193403
0.218391
0.254246
0.217174
0.00599101
0.218282
0.216783
0.2035
0.209291
0.250875
0.206587
0.21967
0.257371
0.2485
0.184
0.1825
0.210185
0.156422
0.224388
0.2075
0.0135
0.222278
0.00599401
0.2035
0.1685
0.2095
0.231
0.1905
0.192212
0.239
0.008
0.162919
0.213786
0.1445
0.235147
0.247006
0.264
0.215
0.0235
0.219
0.214893
0.28086
0.23315
0.013986
0.2215
0.229
0.221667
0.222666
0.2375
0.257871
0.235
0.21967
0.225662
0.206294
0.224
0.207585
0.21939
0.22977
0.175412
0.185907
0.191617
0.228
0.015992
0.1795
0.044
0.244256
0.2145
0.190905
0.227386
0.235882
0.00599101
0.242
0.251249
0.210895
0.211
0.204194
0.1835
0.256
0.203796
0.268597
0.2035
0.237
0.241
0.2365
0.0235
0.206793
0.0115
0.250375
0.254
0.241758
0.266
0.198901
0.234765
0.218563
0.218
0.233883
0.151198
0.14678
0.232268
0.250875
0.221
0.122877
0.216068
0.203297
0.2015
0.129242
0.22977
0.1855
0.1865
0.168416
0.257371
0.202899
0.22028
0.23976
0.197
0.187906
0.196
0.203
0.227
0.21507
0.1755
0.244878
0.250875
0.0194708
0.193903
0.236
0.228771
0.248876
0.184
0.2
0.199
0.254745
0.0055
0.1765
0.0675
0.2265
0.207
0.2045
0.192423
0.18
0.23503
0.225275
0.254618
0.198401
0.171414
0.236
0.226
0.239
0.1855
0.234883
0.1885
0.0215
0.197
0.215892
0.21939
0.185
0.197303
0.204194
0.223
0.129935
0.134433
0.197901
0.2135
0.018
0.236882
0.0109945
0.162919
0.239
0.24038
0.172328
0.276862
0.21978
0.2705
0.231038
0.211289
0.2395
0.255117
0.215
0.26
0.188218
0.232
0.218
0.225387
0.192423
0.189715
0.191904
0.248252
0.185907
0.23938
0.00599401
0.208687
0.18
0.236763
0.231384
0.0144855
0.206397
0.218282
0.2265
0.242
0.218282
0.0125
0.228771
0.2135
0.211078
0.193403
0.229385
0.242
0.240639
0.167916
0.232384
0.214286
0.183908
0.215892
0.233383
0.195
0.216
0.194403
0.182409
0.2575
0.1905
0.229885
0.198901
0.205397
0.193903
0.163918
0.211
0.196
0.216783
0.250749
0.214893
0.230385
0.199301
0.2005
0.228543
0.197303
0.145
0.2085
0.158
0.005997
0.158921
0.198
0.218672
0.223388
0.203398
0.174913
0.217673
0.205
0.2285
0.261608
0.235382
0.199
0.223277
0.21939
0.218672
0.1415
0.22089
0.192423
0.250875
0.210185
0.218173
0.171
0.231384
0.156422
0.185
0.012
0.167333
0.195402
0.237762
0.22028
0.226773
0.1855
0.2175
0.237263
0.208292
0.221889
0.202899
0.179
0.207896
0.218891
0.247129
0.204693
0.195706
0.2495
0.182909
0.207688
0.2455
0.243014
0.181
0.182726
0.196803
0.190809
0.183724
0.234883
0.193806
0.0354823
0.205897
0.232419
0.181
0.2055
0.2425
0.235
0.24088
0.2425
0.236264
0.23503
0.220559
0.236409
0.1265
0.0305
0.218
0.18023
0.223277
0.2155
0.195
0.2025
0.249626
0.194903
0.2085
0.2335
0.214678
0.2265
0.216284
0.262
0.168831
0.162338
0.190809
0.172
0.186
0.2009
0.207896
0.233267
0.151
0.239
0.187313
0.223665
0.271364
0.215
0.2155
0.171
0.198203
0.190905
0.208791
0.213
0.019
0.198401
0.233267
0.2185
0.2
0.216392
0.184132
0.212894
0.264868
0.224663
0.197
0.229156
0.228044
0.2065
0.2555
0.1815
0.232384
0.223388
0.237525
0.146
0.2295
0.1775
0.224663
0.244256
0.187406
0.190905
0.1445
0.182
0.238262
0.218173
0.231384
0.223888
0.2225
0.234266
0.217
0.206397
0.188218
0.21
0.215892
0.2225
0.2075
0.00798403
0.2035
0.204
0.187906
0.203094
0.193806
0.211
0.193403
0.149425
0.226
0.242
0.193403
0.176412
0.183225
0.192308
0.237381
0.245
0.202
0.2185
0.2345
0.2425
0.178821
0.17991
0.1915
0.215
0.157
0.2005
0.2055
0.2205
0.0154845
0.246
0.165335
0.18
0.198901
0.212787
0.235764
0.22089
0.0095
0.171
0.209291
0.205
0.2105
0.225887
0.165917
0.2155
0.204988
0.193403
0.212288
0.1935
0.162419
0.215
0.22
0.2085
0.221
0.211394
0.14678
0.185
0.211
0.236
0.015992
0.212894
0.221168
0.0069965
0.2305
0.19
0.193709
0.00849575
0.2555
0.0055
0.216675
0.264236
0.241879
0.223665
0.162
0.212394
0.247129
0.209685
0.230769
0.224663
0.193307
0.265
0.213287
0.1825
0.190905
0.2365
0.213786
0.2035
0.2425
0.2245
0.204
0.2505
0.208687
0.200799
0.269365
0.227659
0.167
0.205897
0.2285
0.232884
0.237381
0.207396
0.215
0.21967
0.2225
0.184408
0.212787
0.243635
0.183908
0.2365
0.2215
0.214785
0.1825
0.217782
0.233
0.221168
0.198302
0.175
0.175
0.265
0.2285
0.20979
0.228044
0.235382
0.23938
0.216068
0.133933
0.230385
0.183908
0.21939
0.211
0.1945
0.2105
0.1205
0.251874
0.255872
0.1785
0.215392
0.193403
0.2035
0.232884
0.1205
0.1795
0.172741
0.211
0.2045
0.221667
0.181319
0.179231
0.232384
0.222
0.007996
0.234883
0.196705
0.2155
0.2405
0.217891
0.231384
0.018
0.24501
0.242258
0.2285
0.22
0.2155
0.2115
0.1997
0.249252
0.1825
0.218
0.222777
0.2035
0.00649675
0.205
0.177911
0.202
0.184132
0.211394
0.2305
0.2255
0.1855
0.2155
0.207896
0.1915
0.212787
0.191404
0.129805
0.217391
0.234383
0.186
0.193806
0.235882
0.192212
0.225
0.24038
0.133933
0.201899
0.00499251
0.218563
0.243878
0.227273
0.2325
0.18
0.209
0.221778
0.2185
0.218391
0.21
0.21507
0.2035
0.1445
0.198203
0.1505
0.273726
0.2665
0.134433
0.208
0.2105
0.229
0.190905
0.237381
0.218781
0.241379
0.197802
0.229656
0.2185
0.2055
0.192
0.226
0.006
0.227273
0.205295
0.2215
0.232
0.240519
0.218
0.205897
0.245
0.175
0.243378
0.231
0.194805
0.208
0.212
0.2085
0.201899
0.241638
0.2075
0.228044
0.2345
0.222389
0.225275
0.214
0.194903
0.1998
0.219
0.262
0.249875
0.210895
0.1955
0.236
0.211788
0.235
0.17941
0.191904
0.162338
0.21
0.208687
0.1965
0.219
0.201899
0.1805
0.218282
0.2055
0.235882
0.207896
0.237644
0.205
0.1994
0.163
0.20979
0.2175
0.193806
0.206
0.22505
0.213
0.225275
0.191808
0.213
0.22977
0.212575
0.193806
0.1705
0.206793
0.216
0.192308
0.0045
0.189621
0.187313
0.223665
0.251249
0.189311
0.0214678
0.229
0.22089
0.166833
0.21507
0.2185
0.00748877
0.1997
0.012
0.232651
0.208687
0.2225
0.238
0.234
0.201899
0.203
0.23004
0.213893
0.212787
0.214893
0.235382
0.233267
0.193903
0.209
0.183908
0.248
0.211
0.2035
0.154423
0.2295
0.169246
0.2035
0.1885
0.272
0.214393
0.199
0.236
0.019
0.241259
0.252374
0.197
0.00899101
0.239261
0.250749
0.201299
0.194903
0.182227
0.202494
0.1775
0.2415
0.0129935
0.2185
0.249
0.148426
0.203094
0.190405
0.254618
0.226
0.218
0.2155
0.175
0.228886
0.192
0.2445
0.0185
0.235147
0.236645
0.177822
0.2155
0.243014
0.204693
0.225887
0.273363
0.211
0.206793
0.215676
0.212968
0.177911
0.22
0.162919
0.265235
0.0169745
0.24038
0.273363
0.137363
0.0085
0.218064
0.00649026
0.237263
0.189
0.236645
0.208687
0.2425
0.227
0.2165
0.0199601
0.165
0.2045
0.224
0.226547
0.218891
0.176912
0.263868
0.2425
0.238262
0.2155
0.220559
0.226
0.2365
0.2085
0.006
0.0169745
0.0144928
0.211289
0.207
0.235
0.204194
0.170415
0.176912
0.182909
0.197007
0.223277
0.231
0.0125
0.215
0.019
0.23938
0.233383
0.1965
0.223388
0.049975
0.192308
0.169246
0.218672
0.176412
0.1765
0.194903
0.212894
0.231384
0.227273
0.168831
0.255117
0.220559
0.198901
0.005
0.192
0.177411
0.216892
0.218282
0.00649026
0.2605
0.177411
0.1585
0.160679
0.211788
0.251
0.180819
0.0069965
0.175
0.1755
0.198603
0.128936
0.276862
0.217391
0.179231
0.2185
0.226547
0.2475
0.219
0.244256
0.2055
0.225275
0.215392
0.223665
0.23503
0.227431
0.1955
0.006
0.17941
0.162419
0.235
0.2405
0.2575
0.211
0.232535
0.213893
0.250749
0.197
0.207
0.234149
0.253
0.214893
0.230769
0.227273
0.235882
0.214393
0.251874
0.1515
0.213573
0.245387
0.218563
0.199301
0.209395
0.206397
0.229
0.2195
0.210395
0.1805
0.209
0.23988
0.1915
0.049975
0.2495
0.182909
0.1905
0.195402
0.1875
0.228044
0.20979
0.232
0.185721
0.200799
0.213
0.0144928
0.276862
0.232
0.157921
0.214893
0.2035
0.1755
0.22
0.175
0.193903
0.227
0.213893
0.221389
0.181
0.148426
0.185315
0.24038
0.211
0.234383
0.218173
0.2035
0.191904
0.191
0.188406
0.188
0.23
0.248
0.145427
0.223888
0.213893
0.234531
0.2595
0.2195
0.2075
0.2325
0.203796
0.207896
0.242636
0.256116
0.00599401
0.238262
0.214072
0.240639
0.018
0.181
0.232
0.222389
0.2365
0.1675
0.236763
0.1965
0.165
0.243378
0.1445
0.007996
0.0035
0.2375
0.199
0.2245
0.236264
0.154346
0.193806
0.1785
0.2205
0.228386
0.137862
0.0169745
0.2035
0.2
0.223665
0.161258
0.211682
0.218454
0.236264
0.18
0.174326
0.15984
0.242258
0.152348
0.203694
0.167916
0.212394
0.178911
0.2365
0.1985
0.23
0.2225
0.246
0.215676
0.22017
0.017
0.139361
0.165
0.2275
0.2135
0.22017
0.21978
0.2945
0.230654
0.235
0.2255
0.218282
0.22028
0.184316
0.223
0.0185
0.235
0.1815
0.231884
0.2715
0.1915
0.219
0.21939
0.227273
0.2305
0.244878
0.248252
0.241379
0.230385
0.243878
0.224388
0.234883
0.241758
0.233
0.2065
0.174913
0.230385
0.21967
0.2565
0.2195
0.28086
0.216068
0.163
0.0154845
0.223888
0.187406
0.177822
0.018
0.248876
0.2415
0.226274
0.239261
0.215892
0.196
0.19511
0.1905
0.217891
0.21967
0.220669
0.204398
0.2215
0.0159681
0.236882
0.215392
0.220559
0.236264
0.182409
0.2245
0.21939
0.227159
0.1995
0.2215
0.2105
0.193403
0.264236
0.183225
0.201899
0.222278
0.208896
0.217673
0.1755
0.18023
0.208292
0.2185
0.24038
0.176236
0.202
0.0075
0.18
0.165917
0.216675
0.233883
0.0055
0.172414
0.2065
0.2055
0.210895
0.2355
0.1915
0.205794
0.205295
0.2195
0.247006
0.221
0.226274
0.202696
0.185315
0.226274
0.246
0.226
0.261608
0.23004
0.196304
0.150849
0.211
0.178411
0.235
0.2015
0.163918
0.228771
0.1875
0.173913
0.214286
0.227273
0.2205
0.233383
0.0145
0.2185
0.222666
0.231
0.171914
0.230769
0.203398
0.230654
0.264
0.21939
0.201899
0.256
0.269365
0.232384
0.217391
0.189621
0.227431
0.216
0.205897
0.213
0.226274
0.248252
0.287569
0.276862
0.251249
0.239
0.2315
0.2065
0.183408
0.212681
0.235
0.165252
0.165917
0.194903
0.21507
0.233
0.190405
0.198
0.233267
0.17982
0.1965
0.197007
0.161
0.197
0.228886
0.225
0.00849575
0.217673
0.196304
0.2285
0.218064
0.154923
0.186128
0.254373
0.226
0.189
0.177411
0.0199601
0.1945
0.178911
0.236382
0.1545
0.2545
0.182409
0.216675
0.2115
0.192
0.248
0.0055
0.1915
0.233883
0.189621
0.0154845
0.194805
0.2405
0.23027
0.137931
0.187406
0.0769615
0.2205
0.1705
0.209
0.210895
0.190809
0.222889
0.258612
0.2245
0.241379
0.261738
0.274863
0.202
0.00999001
0.225162
0.183408
0.21
0.254
0.231768
0.008
0.218391
0.2035
0.2715
0.233267
0.178
0.0104948
0.1965
0.242879
0.0095
0.146354
0.261608
0.137862
0.195402
0.234531
0.2225
0.214
0.1997
0.209
0.2445
0.182227
0.2003
0.203
0.0199601
0.221389
0.232535
0.1997
0.169915
0.210895
0.193903
0.244755
0.194903
0.223277
0.2385
0.21967
0.17991
0.23938
0.23004
0.1805
0.0164918
0.125
0.29021
0.220779
0.22394
0.255117
0.225275
0.245
0.187906
0.227386
0.221279
0.212182
0.229271
0.2205
0.0154845
0.186907
0.243014
0.23938
0.1915
0.182909
0.0115
0.1765
0.192904
0.2365
0.195402
0.231768
0.245
0.207396
0.1855
0.2335
0.195402
0.1765
0.221
0.1505
0.211183
0.188218
0.2125
0.225774
0.150849
0.251
0.18023
0.1685
0.246
0.1905
0.2115
0.233883
0.145927
0.2585
0.181319
0.24975
0.2305
0.222278
0.0109945
0.218563
0.202
0.250875
0.244878
0.238262
0.0124875
0.208791
0.213
0.182726
0.238024
0.2285
0.2345
0.179231
0.239641
0.00649351
0.241638
0.168
0.16092
0.221389
0.181818
0.011982
0.163836
0.2545
0.238262
0.2215
0.005997
0.2155
0.2345
0.1655
0.201198
0.1745
0.2025
0.26011
0.222278
0.222889
0.236882
0.217391
0.0055
0.241138
0.166833
0.1975
0.214893
0.128936
0.235265
0.0195
0.23988
0.21
0.189905
0.192
0.2305
0.0085
0.214393
0.2545
0.177911
0.210185
0.1445
0.205
0.237
0.209895
0.007
0.141929
0.187219
0.223388
0.190905
0.233383
0.193613
0.1945
0.162837
0.228886
0.152424
0.0129935
0.0214678
0.224663
0.2505
0.18032
0.212681
0.226274
0.2
0.195706
0.177911
0.2005
0.233533
0.169915
0.123
0.209895
0.217673
0.212894
0.247
0.2055
0.0055
0.274
0.255872
0.2135
0.1865
0.215676
0.006
0.1705
0.227
0.163673
0.272864
0.238881
0.238881
0.208
0.1755
0.2009
0.187406
0.2565
0.214
0.222389
0.198901
0.00748503
0.187906
0.18981
0.237263
0.2255
0.276862
0.231384
0.217391
0.235
0.18
0.222
0.23988
0.254745
0.1855
0.222777
0.1865
0.195402
0.134433
0.196
0.011982
0.190215
0.2205
0.24026
0.187
0.177911
0.00599101
0.197
0.188218
0.225387
0.194903
0.244378
0.2125
0.2175
0.219281
0.220779
0.1975
0.157921
0.233533
0.134933
0.215
0.211394
0.214678
0.233883
0.23988
0.24026
0.21939
0.134433
0.190809
0.256244
0.008
0.189905
0.238262
0.205
0.222889
0.22028
0.190215
0.212182
0.207396
0.234883
0.29021
0.226
0.257
0.2215
0.2195
0.192404
0.233
0.201899
0.215
0.209895
0.246
0.207396
0.234149
0.195706
0.227
0.225774
0.158
0.197802
0.202399
0.195402
0.243878
0.165917
0.221889
0.222278
0.21939
0.226
0.178
0.225887
0.230385
0.2145
0.202
0.22394
0.1705
0.196
0.215177
0.2305
0.247876
0.2605
0.1515
0.242636
0.0114943
0.204
0.257371
0.197303
0.177822
0.1955
0.1585
0.159341
0.234149
0.1665
0.192807
0.233383
0.2305
0.1835
0.233
0.216892
0.245387
0.203
0.184408
0.215892
0.220779
0.2265
0.165
0.154845
0.196705
0.214
0.194903
0.197
0.23503
0.15984
0.2185
0.243378
0.142429
0.262475
0.235
0.2155
0.184815
0.223888
0.187313
0.189
0.134299
0.2
0.227273
0.2285
0.223888
0.1865
0.241259
0.193
0.245
0.250875
0.22028
0.237263
0.152771
0.0175
0.0089955
0.205295
0.197
0.227386
0.134433
0.207396
0.204693
0.177234
0.190905
0.222167
0.0114885
0.187
0.225275
0.1875
0.145427
0.00849575
0.0069965
0.212182
0.180819
0.211
0.197802
0.224388
0.206397
0.197901
0.212394
0.223388
0.2305
0.2085
0.210395
0.256
0.0354823
0.176912
0.205794
0.189311
0.18
0.204795
0.242879
0.157921
0.202
0.157
0.226
0.2565
0.00599401
0.1855
0.24327
0.2305
0.0095
0.248
0.235882
0.225887
0.2415
0.205397
0.24014
0.217
0.176412
0.231
0.218282
0.18
0.252374
0.254246
