0.199
0.1845
0.149351
0.248751
0.1705
0.1455
0.007996
0.1999
0.211894
0.0835
0.22977
0.201
0.167832
0.15942
0.207896
0.027972
0.223888
0.0285
0.0164589
0.196
0.173913
0.21989
0.175
0.1165
0.15984
0.104
0.0269865
0.1855
0.1975
0.107946
0.0279581
0.018
0.206793
0.015984
0.013993
0.121439
0.231
0.216392
0.174413
0.0683633
0.207792
0.1665
0.22977
0.155
0.211894
0.008
0.226274
0.142857
0.191404
0.148278
0.158421
0.177323
0.193806
0.196803
0.168
0.0115
0.166999
0.194403
0.155422
0.04995
0.163754
0.022
0.131303
0.193403
0.197204
0.12987
0.195902
0.2265
0.1875
0.178411
0.185407
0.124438
0.180819
0.139
0.134933
0.1625
0.201899
0.235764
0.218
0.195
0.174152
0.044955
0.210684
0.0895
0.125437
0.0575
0.211183
0.216892
0.194903
0.173
0.175
0.138
0.0115
0.156922
0.198203
0.201899
0.1595
0.217
0.150849
0.143357
0.010978
0.197401
0.0044955
0.186813
0.018981
0.1845
0.107393
0.197703
0.2
0.0254618
0.168416
0.1635
0.029
0.252374
0.205295
0.162419
0.188218
0.173826
0.0459311
0.169
0.1435
0.0655
0.174738
0.0105
0.205295
0.231
0.0124875
0.204296
0.1035
0.194903
0.0354823
0.015992
0.1845
0.00949051
0.0104948
0.1735
0.137862
0.186035
0.218391
0.0115
0.1605
0.161838
0.143856
0.179
0.2045
0.153923
0.2004
0.01
0.147
0.0575
0.186407
0.008
0.136432
0.2025
0.168332
0.199
0.206294
0.162
0.2305
0.181409
0.175325
0.210684
0.1845
0.207792
0.201
0.187
0.0085
0.1575
0.2075
0.0089955
0.21989
0.195902
0.144928
0.1275
0.1005
0.0154923
0.1655
0.2
0.160679
0.150425
0.17991
0.193
0.181
0.0285
0.176
0.166334
0.156
0.184
0.103948
0.197204
0.176
0.151349
0.0104843
0.1225
0.1905
0.171914
0.188811
0.150849
0.017991
0.177911
0.164918
0.1435
0.166
0.0455
0.006
0.191404
0.17941
0.113943
0.174326
0.168663
0.169
0.167416
0.193709
0.186813
0.0104948
0.00649026
0.0155
0.173
0.1995
0.198
0.1825
0.183408
0.2125
0.1985
0.174326
0.2055
0.0554723
0.189526
0.202899
0.2065
0.152847
0.150774
0.1465
0.0665
0.207189
0.173154
0.022
0.1855
0.192904
0.223
0.0154768
0.0969515
0.167416
0.0085
0.23
0.168416
0.195902
0.145
0.175912
0.177911
0.239141
0.175
0.1855
0.222167
0.1645
0.1575
0.202298
0.0394803
0.174413
0.0085
0.234
0.1475
0.0075
0.218
0.126437
0.213786
0.17033
0.102949
0.14
0.189
0.069965
0.165669
0.1775
0.1895
0.19031
0.2095
0.156422
0.2004
0.2105
0.167
0.184
0.166917
0.188811
0.16092
0.214179
0.1425
0.1695
0.1405
0.162919
0.0164671
0.168916
0.152424
0.161
0.0085
0.0164671
0.0104948
0.138
0.201798
0.216892
0.1455
0.165751
0.201697
0.00949525
0.069965
0.216892
0.158421
0.209
0.232651
0.173653
0.191404
0.162419
0.0515
0.185721
0.016
0.0114943
0.193
0.1745
0.235764
0.167416
0.228386
0.183408
0.167
0.255617
0.21939
0.204898
0.167416
0.187219
0.137862
0.166833
0.203898
0.01
0.2055
0.233766
0.209
0.0665
0.166833
0.177
0.121
0.149925
0.143
0.189
0.1305
0.146
0.2025
0.232268
0.15992
0.197204
0.167916
0.199
0.103345
0.188218
0.100899
0.198702
0.16092
0.2004
0.24
0.017991
0.158
0.2125
0.186534
0.150849
0.146354
0.14
0.161838
0.164
0.221168
0.0354823
0.1625
0.1665
0.183908
0.136296
0.189405
0.197
0.209
0.0315
0.191404
0.18032
0.1685
0.164
0.1275
0.179
0.223
0.158421
0.1335
0.017973
0.1575
0.0175
0.0375
0.2165
0.144
0.195305
0.172
0.227
0.1105
0.196
0.1305
0.166917
0.136364
0.162919
0.157763
0.214393
0.149925
0.168
0.187
0.181
0.158184
0.21
0.162919
0.199
0.1455
0.0249875
0.173913
0.211289
0.168
0.245377
0.156922
0.167416
0.196
0.0455
0.1605
0.218
0.156422
0.218781
0.0255
0.147353
0.126311
0.0135
0.157343
0.1835
0.234
0.168
0.194903
0.160759
0.153693
0.2075
0.141929
0.00649675
0.175
0.10045
0.179
0.098
0.186407
0.007
0.230769
0.178411
0.218391
0.152424
0.166251
0.174825
0.153347
0.138931
0.124438
0.009
0.115942
0.195305
0.122877
0.0829585
0.1465
0.1465
0.00899101
0.123
0.2145
0.172914
0.1385
0.133933
0.115
0.158421
0.216392
0.166251
0.1004
0.169415
0.194805
0.136364
0.163918
0.15327
0.255245
0.156266
0.144928
0.014
0.1455
0.2025
0.255245
0.2025
0.229
0.1855
0.0085
0.1595
0.182409
0.007
0.0225
0.0114943
0.191426
0.156344
0.190905
0.1695
0.0395
0.201899
0.161838
0.214072
0.19321
