0.177733
0.197605
0.1335
0.168248
0.194903
0.205192
0.1565
0.1975
0.141787
0.00949525
0.127
0.0189905
0.171914
0.16
0.131369
0.164589
0.0135
0.01998
0.0075
0.1355
0.126
0.1205
0.180729
0.192
0.15992
0.163
0.009
0.1655
0.1905
0.0844156
0.173913
0.188906
0.1725
0.156922
0.167333
0.1305
0.0755
0.153
0.0169915
0.184408
0.1725
0.182
0.175
0.0839161
0.154845
0.202
0.175325
0.177411
0.1465
0.13523
0.169415
0.0124938
0.1845
0.154768
0.166
0.182
0.208896
0.187718
0.181319
0.1305
0.180729
0.107946
0.157921
0.1375
0.196902
0.14985
0.1635
0.175325
0.2045
0.0265
0.1705
0.0849151
0.1705
0.113443
0.136296
0.148278
0.196902
0.178732
0.141858
0.0035
0.156422
0.145
0.1735
0.156422
0.0882793
0.0645
0.1415
0.194417
0.164
0.1345
0.114943
0.17991
0.14
0.142429
0.156843
0.151772
0.164918
0.202
0.128
0.194903
0.188218
0.1915
0.1675
0.164418
0.181319
0.188906
0.148278
0.101449
0.103448
0.18041
0.172914
0.148
0.1
0.1685
0.173413
0.134366
0.134865
0.1335
0.163836
0.210895
0.142429
0.1535
0.148703
0.162919
0.153
0.158
0.1655
0.195402
0.167416
0.121318
0.151772
0.158342
0.00849575
0.202
0.201697
0.178411
0.1675
0.186314
0.155922
0.164336
0.0815
0.0495
0.00899101
0.174413
0.0285
0.1935
0.114943
0.00549725
0.17991
0.1495
0.1625
0.161
0.149775
0.16
0.173413
0.146
0.133367
0.148851
0.162919
0.175
0.155345
0.18
0.1915
0.177733
0.1925
0.166417
0.181228
0.008
0.147
0.152
0.209895
0.156922
0.00749625
0.13943
0.1885
0.157921
0.196206
0.17
0.158342
0.1305
0.137
0.146354
0.146427
0.111944
0.00998502
0.132
0.172242
0.169
0.157421
0.169246
0.155345
0.198702
0.1695
0.131369
0.218891
0.151848
0.177733
0.203898
0.0899101
0.127
0.166917
0.134366
0.179321
0.143856
0.0554169
0.14029
0.164
0.0085
0.173826
0.164835
0.151424
0.166833
0.165335
0.1635
0.134
0.156422
0.15942
0.1325
0.14043
0.145927
0.17973
0.0075
0.159182
0.1805
0.134865
0.1705
0.134798
0.146927
0.138
0.1985
0.1345
0.210579
0.157
0.176412
0.1255
0.194903
0.191904
0.116
0.156344
0.184908
0.175412
0.134
0.1445
0.011988
0.140859
0.1755
0.174825
0.1735
0.1395
0.166667
0.163918
0.1725
0.131369
0.1805
0.013986
0.141429
0.199
0.194708
0.0214678
0.173653
0.15327
0.19031
0.166
0.168916
0.190714
0.170659
0.0075
0.194417
0.133367
0.183816
0.162419
0.176412
0.1305
0.13993
0.0204693
0.009
0.169415
0.1765
0.1405
0.196902
0.141858
0.1745
0.144783
0.184
0.202
0.2165
0.154
0.0849151
0.1994
0.151
0.0745
0.203694
0.135
0.1465
0.127872
0.168831
0.198702
0.162
0.0149775
0.191904
0.143
0.142358
0.0815
0.186407
0.162419
0.165917
0.149
0.153
0.152348
0.0745
0.146927
0.005997
0.123
0.0085
0.211289
0.183
0.1785
0.174413
0.1125
0.233883
0.210579
0.1185
0.1735
0.164918
0.174825
0.0939061
0.159681
0.138431
0.157
0.192
0.194903
0.173413
0.008
0.154423
0.139361
0.175325
0.00749625
0.159182
0.0645
0.1855
0.154923
0.137431
0.146427
0.171414
0.1715
0.156344
0.167
0.124938
0.113443
0.156843
0.1085
0.021967
0.00749625
0.0849151
0.194708
0.2165
0.101847
0.166667
0.1275
0.141
0.1235
0.196902
0.175412
0.123
0.15035
0.155922
0.1585
0.2035
0.222167
0.134
0.133433
0.172914
0.169
0.181818
0.117941
0.192
0.189216
0.0075
0.146
0.185315
0.186407
0.144284
0.229885
0.198401
0.077961
0.0184815
0.165834
0.192308
0.181909
0.183225
0.134
0.116326
0.0135
0.17991
0.1735
0.131802
0.168916
0.0918622
0.1795
0.158342
0.152
0.139361
0.0109945
0.124251
0.082
0.167832
0.106447
0.167916
0.180819
0.130935
0.170415
0.1925
0.1825
0.00999001
0.1415
0.12681
0.156344
0.004
0.1185
0.143428
0.0114885
0.183
0.07996
0.1845
0.2115
0.147926
0.133
0.1795
0.1445
0.161919
0.157842
0.154423
0.132
0.019
0.0105
0.15
0.164418
0.165917
0.176912
0.0245
0.1635
0.141
0.161258
0.153769
0.168
0.018
0.153423
0.189905
0.176412
0.176412
0.151848
0.0109945
0.168663
0.196304
0.0129935
0.147926
0.177911
0.161
0.1865
0.172242
0.1605
0.0875
0.183633
0.168416
0.188
0.1715
0.203694
0.193403
0.187906
0.153
0.157842
0.157421
0.2165
0.1655
0.173913
0.1905
0.192
0.197802
0.134
0.2003
0.142358
0.168248
0.163418
0.1735
0.1715
0.115826
0.0105
0.028971
0.0549176
0.031984
0.169745
0.167832
0.1355
0.055972
0.176412
0.1435
0.2035
0.149425
0.147279
0.161
0.145
0.157921
0.172242
0.1545
0.148352
0.165417
0.165
0.201
0.130804
0.1675
0.111333
0.0645
0.011
0.095
0.155922
0.198702
0.15
0.1445
0.163255
0.1565
0.159341
0.110778
0.169331
0.15942
0.129435
0.118
0.158421
0.0105
0.14093
0.172
0.0189905
0.1715
0.1465
0.1715
0.0109945
0.180729
0.205897
0.1545
0.0395
0.0869565
0.159
0.168916
0.0129805
0.1295
0.155422
0.164
0.0844156
0.1505
0.165834
0.1715
0.189216
0.1585
0.16675
0.137
0.209395
0.165417
0.1655
0.1335
0.166917
0.204
0.178643
0.156922
0.2085
0.126937
0.157842
0.193
0.162257
0.182409
0.158263
0.164918
0.168416
0.143285
0.15942
0.0125
0.197401
0.187406
0.157
0.152
0.17
0.114271
0.1655
0.1365
0.09
0.145927
0.171914
0.164
0.194708
0.112444
0.1725
0.204398
0.105947
0.181909
0.143285
0.153
0.1825
0.141429
0.0698952
0.13993
0.180819
0.188218
0.172655
0.2045
0.168248
0.172156
0.164336
0.165
0.158
0.169415
0.212288
0.116384
0.1825
0.165834
0.165917
0.1385
0.0129805
0.185315
0.0089955
0.0184815
0.0109945
0.198302
0.178732
0.00598802
0.171414
0.1415
0.129371
0.1445
0.180729
0.173413
0.131737
0.0869565
0.153769
0.164
0.186314
0.0869565
0.1585
0.169331
0.182409
0.122378
0.186314
0.188406
0.166251
0.184723
0.154845
0.142358
0.136
0.148278
0.0815
0.137862
0.152424
0.14043
0.209895
0.165087
0.0999001
0.206587
0.1485
0.1505
0.1555
0.165335
0.0674663
0.1645
0.193903
0.191
0.158841
0.15
0.151
0.147852
0.155922
0.1545
0.188906
0.001999
0.1375
0.157343
0.161919
0.162338
0.127872
0.172328
0.154346
0.157421
0.192
0.0095
0.133433
0.0314685
0.176912
0.106447
0.1335
0.0245
0.1655
0.146
0.203398
0.154423
0.101449
0.169246
0.151924
0.146927
0.138861
0.172242
0.192
0.1095
0.18981
0.172569
0.191
0.186
0.194708
0.146
0.158921
0.026
0.176912
0.0124875
0.161419
0.175912
0.164418
0.1605
0.1345
0.145927
0.1215
0.143285
0.1505
0.132735
0.156422
0.1985
0.171329
0.114943
0.155922
0.206397
0.153846
0.198302
0.1825
0.106447
0.157685
0.134933
0.1825
0.173413
0.1715
0.176735
0.181319
0.12044
0.175736
0.168663
0.00949525
0.168416
0.153194
0.116
0.142
0.201798
0.163
0.106
0.0214893
0.135932
0.155422
0.1335
0.21
0.142857
0.122195
0.188906
0.16808
0.164835
0.1775
0.145927
0.173826
0.17
0.1615
0.185407
0.166
0.135432
0.173413
0.1645
0.2045
0.181228
0.045
0.176
0.191
0.208896
0.188906
0.1295
0.189715
0.1345
0.163
0.210395
0.169576
0.00949525
0.162919
0.156922
0.169331
0.195804
0.138431
0.139
0.164418
0.187718
0.158263
0.156
0.186
0.177733
0.15942
0.172914
0.14093
0.143
0.163918
0.154768
0.0714286
0.00799201
0.142857
0.19031
0.206294
0.15035
0.162338
0.03998
0.11982
0.173653
0.188312
0.178322
0.1345
0.1655
0.155922
0.122195
0.145
0.1535
0.151848
0.157685
0.0214893
0.014
0.1315
0.161
0.2045
0.1004
0.17
0.148851
0.201299
0.153
0.208896
0.1605
0.043978
0.166334
0.013986
0.178
0.196902
0.222167
0.0644678
0.151772
0.172914
0.021967
0.1715
0.164918
0.167748
0.1435
0.1585
0.212288
0.214893
0.2125
0.183724
0.151
0.146927
0.151
0.1605
0.136
0.1295
0.193903
0.157
0.168248
0.160679
0.015
0.154423
0.177
0.137
0.158
0.147
0.149
0.138
0.139721
0.055972
0.0364818
0.182318
0.17016
0.165335
0.138431
0.182
0.1665
0.147279
0.0645
0.14985
0.178
0.147926
0.165417
0.1505
0.165335
0.155422
0.152348
0.0125
0.174825
0.132
0.175912
0.215177
0.154346
0.141
0.148
0.1305
0.142857
0.126937
0.1935
0.143856
0.2115
0.188811
0.20669
0.141
0.017991
0.0695
0.195305
0.1525
0.1735
0.187219
0.081
0.156266
0.16983
0.13943
0.0529735
0.175
0.0835
0.147
0.17
0.186
0.192904
0.175912
0.177733
0.191904
0.155345
0.124314
0.168416
0.172414
0.195207
0.14
0.161419
0.1375
0.160839
0.168416
0.141858
0.1999
0.212394
0.151424
0.202
0.1865
0.132867
0.154923
0.17324
0.214893
0.174913
0.137431
0.154923
0.163337
0.190905
0.162837
0.121
0.1735
0.0109945
0.170415
0.0644678
0.218891
0.158421
0.194708
0.1445
0.187313
0.148851
0.1535
0.161919
0.0484515
0.173826
0.163918
0.153846
0.189715
0.177645
0.13986
0.0169915
0.189
0.162837
0.17016
0.134
0.0645
0.182909
0.160759
0.1985
0.1585
0.0204693
0.1545
0.1835
0.164
0.148926
0.145
0.118
0.114943
0.120879
0.193
0.177
0.19031
0.159023
0.133367
0.177645
0.164918
0.183
0.146354
0.0695
0.1665
0.156843
0.00748877
0.0604698
0.1535
0.191
0.0674663
0.194403
0.1825
0.210789
0.166417
0.183908
0.214393
0.205192
0.142358
0.10045
0.143
0.151
0.10045
0.188906
0.175912
0.197901
0.029
0.13
0.1415
0.1305
0.1415
0.166417
0.1805
0.1715
0.165917
0.124938
0.142
0.0105
0.128
0.1305
0.181228
0.154768
0.195804
0.143856
0.2045
0.1645
0.155345
0.063
0.148
0.167
0.013986
0.175
0.171329
0.198
0.134366
0.154346
0.0214893
0.1915
0.212
0.0125
0.03998
0.103448
0.196902
0.146
0.164336
0.136795
0.186907
0.152
0.183633
0.10684
0.205794
0.181319
0.186907
0.0095
0.0839161
0.10045
0.1595
0.201399
0.141
0.1555
0.181
0.15942
0.146927
0.0085
0.13523
0.184
0.125375
0.0424575
0.106
0.136
0.1635
0.151
0.1715
0.151
0.163418
0.129435
0.1615
0.2035
0.165087
0.013986
0.134366
0.1355
0.198401
0.171914
0.186907
0.144928
0.157421
0.167333
0.201399
0.171
0.161
0.0175
0.0124875
0.1715
0.205397
0.1805
0.176
0.147279
0.0109945
0.163918
0.134933
0.168416
0.187718
0.197901
0.0125
0.153
0.1485
0.17991
0.1635
0.149351
0.187
0.165834
0.1725
0.148851
0.174413
0.178411
0.151
0.181727
0.16
0.1455
0.005
0.175325
0.175325
0.109445
0.159182
0.186907
0.114386
0.1
0.197605
0.125437
0.1865
0.13
0.199
0.175
0.147279
0.149775
0.165417
0.114271
0.0135
0.1775
0.188406
0.138931
0.17991
0.172827
0.192
0.188312
0.176
0.1265
0.1755
0.195305
0.1545
0.197401
0.179
0.1845
0.1965
0.1715
0.148352
0.20669
0.171414
0.145
0.1785
0.193
0.132867
0.0675
0.161
0.1455
0.1095
0.1545
0.081
0.162919
0.144855
0.149
0.1545
0.1545
0.193403
0.1715
0.19
0.0645
0.0134933
0.0899101
0.1685
0.117941
0.09
0.1845
0.158342
0.00549725
0.172
0.143285
0.159
0.1955
0.17982
0.154269
0.169
0.0154923
0.174825
0.121379
0.104
0.173913
0.161919
0.20669
0.0379242
0.179321
0.203898
0.1355
0.001999
0.171414
0.127745
0.1745
0.187313
0.191
0.142
0.1915
0.09
0.168248
0.181909
0.156422
0.178
0.0755
0.167
0.16042
0.0484515
0.1325
0.170415
0.164418
0.1255
0.178
0.145427
0.1615
0.171742
0.192904
0.1805
0.0124875
0.188312
0.00749625
0.133433
0.201299
0.176
0.149
0.186907
0.15035
0.1555
0.195402
0.181228
0.167832
0.155922
0.171
0.201
0.146427
0.1535
0.14093
0.170415
0.146707
0.1735
0.14985
0.158421
0.134
0.1635
0.168332
0.192904
0.1665
0.147926
0.151924
0.142
0.0495
0.154269
0.1735
0.2035
0.177411
0.192
0.00999001
0.1535
0.1999
0.134
0.16042
0.202
0.1395
0.219281
0.190405
0.038
0.125437
0.0365
0.14
0.00748877
0.153
0.212681
0.0264868
0.146354
0.17
0.1605
0.116384
0.172569
0.195902
0.148926
0.173913
0.1555
0.167832
0.017991
0.164336
0.136432
0.167249
0.168248
0.147705
0.0075
0.162419
0.161919
0.165417
0.158524
0.1865
0.15
0.146427
0.1185
0.183724
0.139
0.175912
0.163418
0.1695
0.0554169
0.137862
0.00849575
0.1525
0.113443
0.0544728
0.0899101
0.1785
0.131369
0.214393
0.172
0.0049975
0.140859
0.0164835
0.208896
0.1285
0.211289
0.0265
0.173826
0.2115
0.152424
0.177057
0.153
0.2035
0.173
0.166334
0.1695
0.197401
0.158524
0.154845
0.183
0.160759
0.116326
0.180819
0.159023
0.176
0.029
0.109445
0.162919
0.140859
0.155345
0.125937
0.210684
0.169331
0.222167
0.185407
0.187
0.168416
0.123
0.1535
0.1525
0.212681
0.172914
0.121439
0.159261
0.164172
0.186314
0.169331
0.13943
0.1525
0.156922
0.197901
0.136296
0.172914
0.144783
0.168416
0.17207
0.008
0.1965
0.146927
0.146
0.0129935
0.110279
0.154923
0.166833
0.2165
0.00948104
0.1545
0.206897
0.203898
0.135
0.196902
0.134933
0.175412
0.0424575
0.181
0.176
0.173413
0.178643
0.130935
0.166
0.16808
0.187906
0.1555
0.011988
0.162
0.12094
0.184224
0.135729
0.0264868
0.1235
0.132368
0.1605
0.131
0.152924
0.176912
0.07996
0.0869565
0.172414
0.191
0.137363
0.161
0.1695
0.202
0.1835
0.121439
0.181228
0.00798403
0.1555
0.185407
0.017991
0.190215
0.1915
0.173
0.00849575
0.0745
0.00649675
0.135
0.205897
0.199
0.159
0.173413
0.164
0.0109945
0.158421
0.173
0.166251
0.179641
0.1585
0.197204
0.1845
0.1675
0.1845
0.203398
0.155922
0.1715
0.119
0.145
0.163337
0.132934
0.156922
0.173
0.120259
0.115269
0.170915
0.174
0.1
0.1715
0.147705
0.1905
0.162919
0.163918
0.116326
0.142287
0.1
0.0109945
0.188906
0.1955
0.1785
0.206191
0.148
0.134933
0.0365
0.1345
0.193
0.1925
0.210895
0.1545
0.169745
0.156422
0.13943
0.170415
0.1395
0.172914
0.194708
0.153
0.149
0.103448
0.203694
0.1875
0.110445
0.007
0.216
0.0135
0.1994
0.169
0.153846
0.1735
0.14985
0.178
0.193709
0.175
0.136795
0.1825
0.163
0.164918
0.169915
0.032
0.171414
0.163
0.001999
0.167249
0.197901
0.166
0.153
0.179321
0.1915
0.186813
0.151
0.191712
0.143428
0.1345
0.147
0.1925
0.182
0.1895
0.1825
0.156
0.00798403
0.0274725
0.0289855
0.168
0.0899101
0.155922
0.140859
0.197401
0.158841
0.187812
0.153
0.183724
0.065
0.1725
0.155922
0.0154923
0.14043
0.138931
0.178821
0.181228
0.171414
0.0364453
0.00949525
0.198104
0.139361
0.181818
0.155844
0.1545
0.0815
0.158841
0.063
0.128436
0.15984
0.142287
0.219281
0.1345
0.14029
0.164918
0.203796
0.132
0.143928
0.0105
0.137363
0.187906
0.1685
0.109445
0.202
0.167748
0.146354
0.173913
0.21
0.152
0.1535
0.0129805
0.189216
0.16092
0.129
0.041
0.0069965
0.203898
0.155422
0.148703
0.1585
0.17207
0.177822
0.2009
0.155345
0.178
0.173
0.164254
0.00748877
0.109445
0.09
0.210895
0.1355
0.16034
0.212
0.149
0.017
0.12044
0.162419
0.159182
0.164336
0.0334665
0.147778
0.161419
0.172328
0.1445
0.188717
0.166833
0.0364818
0.1565
0.038961
0.165417
0.155844
0.151772
0.0245
0.162176
0.0095
0.166417
0.163591
0.1465
0.172827
0.1655
0.148926
0.16
0.046
0.153
0.134433
0.121379
0.1755
0.0089955
0.098
0.1125
0.0175
0.203796
0.0529735
0.141858
0.135729
0.033983
0.18041
0.0835
0.0075
0.197901
0.154346
0.11982
0.144928
0.168416
0.0264868
0.187
0.2185
0.194417
0.0055
0.136296
0.0045
0.173413
0.159261
0.1645
0.1705
0.00899101
0.144855
0.169
0.116326
0.193403
0.00748877
0.152348
0.1865
0.208292
0.0109945
0.1485
0.110445
0.1755
0.184408
0.166917
0.185315
0.155922
0.166917
0.0055
0.028971
0.146
0.00749625
0.143285
0.136795
0.1725
0.114943
0.148926
0.153
0.174913
0.1725
0.169576
0.0075
0.183
0.140859
0.1565
0.147
0.151848
0.082
0.0105
0.16092
0.107
0.1345
0.156765
0.182
0.14093
0.13943
0.146354
0.066
0.193
0.2265
0.1965
0.159341
0.1335
0.168332
0.0364818
0.153
0.191
0.013986
0.17
0.173
0.166833
0.00798403
0.0154923
0.149425
0.191309
0.0563872
0.138431
0.1465
0.179641
0.1825
0.163918
0.0105
0.1465
0.147
0.151
0.0999001
0.14093
0.1855
0.0265
0.169415
0.121379
0.005
0.1925
0.142287
0.168
0.134433
0.1735
0.1405
0.1365
0.17991
0.121439
0.161838
0.1525
0.120758
0.0209895
0.152424
0.151
0.186407
0.155922
0.169
0.156422
0.156422
0.0154923
0.164172
0.129371
0.193403
0.0204795
0.1635
0.0154923
0.138431
0.187812
0.0935
0.192
0.169
0.181909
0.1635
0.1685
0.1765
0.132368
0.145
0.2315
0.176
0.158
0.180819
0.150425
0.153846
0.16092
0.153194
0.139721
0.213393
0.163
0.182409
0.07996
0.195609
0.16042
0.174
0.205897
0.184316
0.189216
0.168
0.141
0.1745
0.0264868
0.163918
0.184408
0.158524
0.194708
0.1465
0.16092
0.192904
0.168416
0.1715
0.171914
0.165
0.116384
0.138861
0.1365
0.1625
0.1545
0.2125
0.20669
0.127872
0.169331
0.187313
0.187406
0.0109835
0.187406
0.1735
0.124314
0.159023
0.182909
0.153769
0.2045
0.022
0.143856
0.177
0.115942
0.0882793
0.0815
0.188811
0.0209895
0.145927
0.187718
0.1915
0.194708
0.171414
0.155844
0.0225
0.049
0.205192
0.172914
0.145
0.147926
0.00899101
0.121
0.16983
0.192
0.1965
0.010989
0.130935
0.148
0.158841
0.182
0.193
0.153
0.153923
0.00899101
0.178732
0.1845
0.174913
0.152424
0.1925
0.154845
0.168
0.175237
0.1625
0.1085
0.0109945
0.146707
0.192904
0.124251
0.168916
0.152
0.187406
0.0595
0.13986
0.128
0.169576
0.1004
0.154923
0.149
0.1095
0.0095
0.13986
0.156765
0.134933
0.1545
0.17991
0.1095
0.168416
0.191
0.133367
0.227772
0.136432
0.164589
0.145781
0.15
0.155922
0.0885
0.1305
0.169745
0.1825
0.158921
0.194903
0.163
0.048
0.1635
0.134933
0.21
0.1445
0.017991
0.170915
0.1485
0.2045
0.155112
0.165
0.14521
0.1325
0.0689655
0.1705
0.1825
0.151198
0.167748
0.0169915
0.175237
0.192
0.147279
0.1335
0.007
0.136
0.1825
0.155922
0.1465
0.1955
0.164
0.183225
0.210789
0.173413
0.129805
0.13943
0.198401
0.1
0.183908
0.152
0.0888224
0.192
0.1975
0.169915
0.135
0.1465
0.0504748
0.119
0.0129805
